105,0,520,0,81,99,0,-1,-1,-1
1381,1,162,0,88,189,0,-1,-1,-1
3228,2,178,154,144,181,0,-1,-1,-1
3409,3,297,0,34,57,0,-1,-1,-1
3413,4,262,0,37,61,0,-1,-1,-1
3490,5,423,0,143,211,0,-1,-1,-1
3939,6,163,5,55,130,0,-1,-1,-1
4049,7,515,3,85,112,0,-1,-1,-1
4487,8,171,5,75,126,0,-1,-1,-1
4488,8,162,4,66,127,0,-1,-1,-1
4855,9,301,1,35,54,0,-1,-1,-1
5171,10,304,24,92,301,0,-1,-1,-1
5172,11,353,65,107,266,0,-1,-1,-1
5192,12,470,12,107,216,0,-1,-1,-1
5197,13,457,14,149,278,0,-1,-1,-1
5199,13,480,28,109,258,0,-1,-1,-1
5201,13,513,2,114,201,0,-1,-1,-1
5214,14,347,0,114,202,0,-1,-1,-1
5216,14,373,39,99,269,0,-1,-1,-1
5216,15,251,7,86,295,0,-1,-1,-1
5226,16,248,142,210,204,0,-1,-1,-1
5226,17,103,125,126,214,0,-1,-1,-1
5235,18,214,1,59,99,0,-1,-1,-1
5248,19,109,20,107,255,0,-1,-1,-1
5249,19,266,0,59,107,0,-1,-1,-1
5280,20,425,3,107,229,0,-1,-1,-1
5734,21,39,4,111,224,0,-1,-1,-1
5900,22,456,0,74,112,0,-1,-1,-1
5901,22,21,11,157,237,0,-1,-1,-1
5929,23,368,11,103,314,0,-1,-1,-1
5957,24,123,49,121,271,0,-1,-1,-1
6020,25,376,40,153,292,0,-1,-1,-1
6198,26,163,0,69,95,0,-1,-1,-1
6199,26,2,50,122,285,0,-1,-1,-1
6204,27,35,65,143,270,0,-1,-1,-1
6208,28,126,0,68,121,0,-1,-1,-1
6234,29,279,106,118,226,0,-1,-1,-1
6243,30,288,3,92,215,0,-1,-1,-1
6247,31,221,1,59,102,0,-1,-1,-1
6254,32,330,1,54,56,0,-1,-1,-1
6273,33,349,41,140,297,0,-1,-1,-1
6275,33,225,27,84,267,0,-1,-1,-1
6298,34,219,0,54,101,0,-1,-1,-1
6301,35,338,94,112,239,0,-1,-1,-1
6301,36,489,3,62,103,0,-1,-1,-1
6302,36,499,3,105,171,0,-1,-1,-1
6303,36,433,0,57,101,0,-1,-1,-1
6304,37,517,0,74,124,0,-1,-1,-1
6316,38,327,0,79,135,0,-1,-1,-1
6317,38,371,0,53,98,0,-1,-1,-1
6324,39,370,0,54,98,0,-1,-1,-1
6338,40,373,0,78,95,0,-1,-1,-1
6339,40,377,0,84,95,0,-1,-1,-1
6340,40,431,0,59,90,0,-1,-1,-1
6342,41,363,0,57,105,0,-1,-1,-1
6342,40,291,0,58,95,0,-1,-1,-1
6343,41,357,1,58,105,0,-1,-1,-1
6345,41,357,0,61,104,0,-1,-1,-1
6346,41,350,0,63,107,0,-1,-1,-1
6346,42,563,0,71,114,0,-1,-1,-1
6347,41,354,0,60,108,0,-1,-1,-1
6348,41,347,0,65,106,0,-1,-1,-1
6349,41,351,0,62,106,0,-1,-1,-1
6352,41,351,0,62,106,0,-1,-1,-1
6359,43,453,0,66,97,0,-1,-1,-1
6359,44,544,0,75,92,0,-1,-1,-1
6395,45,335,0,62,128,0,-1,-1,-1
6396,45,364,0,62,131,0,-1,-1,-1
6400,46,163,170,124,169,0,-1,-1,-1
6404,47,212,0,69,174,0,-1,-1,-1
6412,48,202,0,70,98,0,-1,-1,-1
6573,49,274,0,37,53,0,-1,-1,-1
6592,50,122,107,162,229,0,-1,-1,-1
6592,51,338,104,112,235,0,-1,-1,-1
6624,52,179,81,112,256,0,-1,-1,-1
6624,53,356,47,130,289,0,-1,-1,-1
6671,54,523,0,105,208,0,-1,-1,-1
6699,55,277,112,154,224,0,-1,-1,-1
6714,56,367,7,70,256,0,-1,-1,-1
6715,57,191,115,146,221,0,-1,-1,-1
6735,58,410,0,66,93,0,-1,-1,-1
6823,59,202,0,57,90,0,-1,-1,-1
6824,60,2,80,85,253,0,-1,-1,-1
6844,61,486,0,69,90,0,-1,-1,-1
6878,62,465,0,53,92,0,-1,-1,-1
6935,63,492,3,100,196,0,-1,-1,-1
6936,63,387,57,94,276,0,-1,-1,-1
6938,63,243,52,108,274,0,-1,-1,-1
6938,64,408,39,128,278,0,-1,-1,-1
6938,65,488,21,106,274,0,-1,-1,-1
6939,65,240,74,102,265,0,-1,-1,-1
6939,63,345,104,102,233,0,-1,-1,-1
6939,64,510,9,106,217,0,-1,-1,-1
6940,65,285,113,136,223,0,-1,-1,-1
6941,64,176,95,123,239,0,-1,-1,-1
6977,66,469,0,50,95,0,-1,-1,-1
7001,67,177,0,54,94,0,-1,-1,-1
7015,68,219,0,56,94,0,-1,-1,-1
7047,69,261,0,63,160,0,-1,-1,-1
7059,70,487,48,119,233,0,-1,-1,-1
7062,70,269,0,55,130,0,-1,-1,-1
7063,70,437,16,76,243,0,-1,-1,-1
7065,70,423,0,100,240,0,-1,-1,-1
7066,71,328,1,70,110,0,-1,-1,-1
7067,71,261,0,30,51,0,-1,-1,-1
7115,72,258,16,83,217,0,-1,-1,-1
7118,72,348,25,92,222,0,-1,-1,-1
7119,73,542,8,95,223,0,-1,-1,-1
7313,74,380,66,114,262,0,-1,-1,-1
7313,75,217,51,104,284,0,-1,-1,-1
7314,74,290,117,146,180,0,-1,-1,-1
7315,74,287,123,149,180,0,-1,-1,-1
7321,76,240,0,38,60,0,-1,-1,-1
7322,77,266,33,94,235,0,-1,-1,-1
7322,76,195,0,59,94,0,-1,-1,-1
7323,76,74,124,154,209,0,-1,-1,-1
7323,78,427,0,58,146,0,-1,-1,-1
7324,76,284,139,164,195,0,-1,-1,-1
7324,79,485,0,91,189,0,-1,-1,-1
7324,80,75,104,128,216,0,-1,-1,-1
7325,76,147,6,62,129,0,-1,-1,-1
7325,79,245,1,56,127,0,-1,-1,-1
7326,79,224,0,64,79,0,-1,-1,-1
7335,81,388,47,87,242,0,-1,-1,-1
7335,82,261,12,92,261,0,-1,-1,-1
7336,82,355,16,130,329,0,-1,-1,-1
7336,83,331,0,59,100,0,-1,-1,-1
7337,83,413,0,70,110,0,-1,-1,-1
7349,84,369,53,107,281,0,-1,-1,-1
7428,85,494,0,75,108,0,-1,-1,-1
7429,85,487,5,73,185,0,-1,-1,-1
7431,85,250,8,75,231,0,-1,-1,-1
7432,85,167,16,89,215,0,-1,-1,-1
7485,86,481,2,83,217,0,-1,-1,-1
7489,87,369,0,53,92,0,-1,-1,-1
7489,88,527,0,79,117,0,-1,-1,-1
7509,89,122,7,82,214,0,-1,-1,-1
7647,90,480,1,112,193,0,-1,-1,-1
7648,91,266,73,169,265,0,-1,-1,-1
7649,91,120,46,134,292,0,-1,-1,-1
7650,91,198,152,167,185,0,-1,-1,-1
7651,91,374,0,99,191,0,-1,-1,-1
7755,92,548,6,86,180,0,-1,-1,-1
7756,92,555,8,77,171,0,-1,-1,-1
7757,92,553,7,78,176,0,-1,-1,-1
7758,92,554,9,76,172,0,-1,-1,-1
7759,92,547,7,84,181,0,-1,-1,-1
7760,92,553,7,77,172,0,-1,-1,-1
7761,92,555,9,75,169,0,-1,-1,-1
7774,93,468,1,109,236,0,-1,-1,-1
7801,94,186,20,76,213,0,-1,-1,-1
7801,95,32,28,112,238,0,-1,-1,-1
7801,96,259,0,97,309,0,-1,-1,-1
7803,96,391,41,71,242,0,-1,-1,-1
7803,95,480,44,81,233,0,-1,-1,-1
7803,94,459,38,73,241,0,-1,-1,-1
7803,97,557,46,75,240,0,-1,-1,-1
7804,97,378,67,70,254,0,-1,-1,-1
7804,95,476,39,85,251,0,-1,-1,-1
7804,94,451,43,84,255,0,-1,-1,-1
7804,96,554,50,80,233,0,-1,-1,-1
7805,96,549,31,90,264,0,-1,-1,-1
7805,97,423,32,86,286,0,-1,-1,-1
7805,94,482,39,85,259,0,-1,-1,-1
7806,96,423,33,81,288,0,-1,-1,-1
7806,94,489,40,76,249,0,-1,-1,-1
7806,97,555,35,84,255,0,-1,-1,-1
7807,97,419,33,83,287,0,-1,-1,-1
7807,94,489,43,78,249,0,-1,-1,-1
7807,96,553,36,85,250,0,-1,-1,-1
7808,96,418,33,90,281,0,-1,-1,-1
7808,94,550,36,87,249,0,-1,-1,-1
7808,98,491,44,86,239,0,-1,-1,-1
7809,94,386,37,99,250,0,-1,-1,-1
7809,98,485,53,87,233,0,-1,-1,-1
7809,99,435,51,88,249,0,-1,-1,-1
7810,99,387,39,94,246,0,-1,-1,-1
7810,98,455,56,85,232,0,-1,-1,-1
7811,99,386,48,93,245,0,-1,-1,-1
7811,98,475,56,80,229,0,-1,-1,-1
7811,94,447,57,85,239,0,-1,-1,-1
7812,99,333,53,87,279,0,-1,-1,-1
7840,100,204,75,86,259,0,-1,-1,-1
7840,101,331,91,114,241,0,-1,-1,-1
7841,101,223,0,59,114,0,-1,-1,-1
7842,101,413,14,114,329,0,-1,-1,-1
7842,100,302,1,38,53,0,-1,-1,-1
7843,102,362,0,60,94,0,-1,-1,-1
7873,103,242,52,93,263,0,-1,-1,-1
7873,104,400,65,140,272,0,-1,-1,-1
7984,105,382,7,64,145,0,-1,-1,-1
7985,105,229,0,68,140,0,-1,-1,-1
7989,106,234,0,56,100,0,-1,-1,-1
7990,106,38,13,142,279,0,-1,-1,-1
7996,107,500,0,69,128,0,-1,-1,-1
8026,108,523,0,71,96,0,-1,-1,-1
8027,108,483,0,74,151,0,-1,-1,-1
8072,109,446,0,109,172,0,-1,-1,-1
8087,110,296,0,49,104,0,-1,-1,-1
8137,111,492,0,75,101,0,-1,-1,-1
8179,112,373,119,175,217,0,-1,-1,-1
8179,113,288,103,108,231,0,-1,-1,-1
8191,114,490,5,118,233,0,-1,-1,-1
8192,114,444,0,87,123,0,-1,-1,-1
8214,115,153,0,78,139,0,-1,-1,-1
8230,116,273,0,36,54,0,-1,-1,-1
8252,117,231,0,54,98,0,-1,-1,-1
8252,118,321,0,50,97,0,-1,-1,-1
8253,119,254,52,88,272,0,-1,-1,-1
8253,120,497,48,118,234,0,-1,-1,-1
8253,117,339,39,81,275,0,-1,-1,-1
8254,117,500,153,132,152,0,-1,-1,-1
8267,121,442,1,69,92,0,-1,-1,-1
8274,122,376,69,125,275,0,-1,-1,-1
8274,123,259,77,104,260,0,-1,-1,-1
8275,124,367,0,50,119,0,-1,-1,-1
8295,125,260,0,47,54,0,-1,-1,-1
8304,126,502,3,87,102,0,-1,-1,-1
8329,127,350,0,53,101,0,-1,-1,-1
8330,128,443,52,105,274,0,-1,-1,-1
8330,127,553,33,78,259,0,-1,-1,-1
8341,129,413,52,99,287,0,-1,-1,-1
8341,130,319,46,105,289,0,-1,-1,-1
8348,131,200,54,126,279,0,-1,-1,-1
8350,131,263,1,39,56,0,-1,-1,-1
8351,132,516,0,82,122,0,-1,-1,-1
8360,133,485,3,113,276,0,-1,-1,-1
8370,134,443,0,74,87,0,-1,-1,-1
8372,134,427,0,55,89,0,-1,-1,-1
8383,135,232,0,55,89,0,-1,-1,-1
8399,136,221,54,118,279,0,-1,-1,-1
8399,137,409,90,147,244,0,-1,-1,-1
8400,137,405,7,78,239,0,-1,-1,-1
8400,136,506,5,75,222,0,-1,-1,-1
8401,136,542,16,92,212,0,-1,-1,-1
8402,136,283,68,92,260,0,-1,-1,-1
8403,137,360,10,93,223,0,-1,-1,-1
8403,138,114,71,150,259,0,-1,-1,-1
8403,139,435,5,94,231,0,-1,-1,-1
8404,137,304,105,112,235,0,-1,-1,-1
8415,140,96,86,125,245,0,-1,-1,-1
8473,141,143,2,100,216,0,-1,-1,-1
8474,141,464,0,62,94,0,-1,-1,-1
8476,141,518,0,69,109,0,-1,-1,-1
8477,141,436,0,79,212,0,-1,-1,-1
8478,142,488,2,66,106,0,-1,-1,-1
8479,142,358,0,64,122,0,-1,-1,-1
8542,143,444,0,78,94,0,-1,-1,-1
8562,144,302,3,30,56,0,-1,-1,-1
8606,145,473,0,111,171,0,-1,-1,-1
8607,145,291,4,84,235,0,-1,-1,-1
8608,145,289,0,89,241,0,-1,-1,-1
8609,145,289,0,90,234,0,-1,-1,-1
8610,145,288,0,84,234,0,-1,-1,-1
8612,145,287,0,89,234,0,-1,-1,-1
8613,145,274,0,80,234,0,-1,-1,-1
8614,146,187,68,150,266,0,-1,-1,-1
8615,146,313,200,186,143,0,-1,-1,-1
8616,146,313,197,191,145,0,-1,-1,-1
8618,146,367,179,210,156,0,-1,-1,-1
8619,146,300,1,86,186,0,-1,-1,-1
8628,147,353,0,86,120,0,-1,-1,-1
8640,148,364,0,63,95,0,-1,-1,-1
8640,149,388,0,59,93,0,-1,-1,-1
8655,150,447,0,64,131,0,-1,-1,-1
8659,151,456,2,76,105,0,-1,-1,-1
8717,152,489,0,80,161,0,-1,-1,-1
8719,152,338,0,116,186,0,-1,-1,-1
8721,152,354,0,57,101,0,-1,-1,-1
8722,152,384,3,88,133,0,-1,-1,-1
8722,153,531,0,104,187,0,-1,-1,-1
8723,152,250,2,72,115,0,-1,-1,-1
8723,153,361,1,54,102,0,-1,-1,-1
8748,154,277,73,96,252,0,-1,-1,-1
8748,155,471,0,125,243,0,-1,-1,-1
8748,156,568,0,72,253,0,-1,-1,-1
8749,155,170,29,99,243,0,-1,-1,-1
8749,156,217,232,177,104,0,-1,-1,-1
8749,154,422,10,83,209,0,-1,-1,-1
8750,156,435,65,90,272,0,-1,-1,-1
8750,155,102,101,114,231,0,-1,-1,-1
8751,156,181,59,90,263,0,-1,-1,-1
8751,155,278,83,88,214,0,-1,-1,-1
8751,154,489,5,86,179,0,-1,-1,-1
8752,156,239,50,107,289,0,-1,-1,-1
8752,154,53,204,178,133,0,-1,-1,-1
8753,154,363,0,50,118,0,-1,-1,-1
8754,154,491,49,102,250,0,-1,-1,-1
8754,156,379,42,111,298,0,-1,-1,-1
8763,157,405,110,168,234,0,-1,-1,-1
8771,158,483,13,91,255,0,-1,-1,-1
8771,159,247,0,61,95,0,-1,-1,-1
8782,160,193,5,85,235,0,-1,-1,-1
8783,160,447,4,97,214,0,-1,-1,-1
8804,161,467,94,143,232,0,-1,-1,-1
8804,162,321,87,153,250,0,-1,-1,-1
8848,163,315,1,67,91,0,-1,-1,-1
8851,164,456,1,73,89,0,-1,-1,-1
8893,165,178,0,61,129,0,-1,-1,-1
8902,166,529,0,70,138,0,-1,-1,-1
8909,167,562,0,58,93,0,-1,-1,-1
8921,168,202,47,90,239,0,-1,-1,-1
8931,169,454,1,76,89,0,-1,-1,-1
8950,170,508,3,122,189,0,-1,-1,-1
8951,170,197,0,58,98,0,-1,-1,-1
8951,171,273,0,57,96,0,-1,-1,-1
8953,170,361,1,57,114,0,-1,-1,-1
8955,170,224,0,61,54,0,-1,-1,-1
8962,172,387,38,93,222,0,-1,-1,-1
8966,173,229,14,66,169,0,-1,-1,-1
8992,174,442,0,100,123,0,-1,-1,-1
9004,175,132,7,81,212,0,-1,-1,-1
9042,176,158,31,96,281,0,-1,-1,-1
9046,177,381,4,102,267,0,-1,-1,-1
9070,178,206,0,72,112,0,-1,-1,-1
9092,179,420,15,73,222,0,-1,-1,-1
9092,180,346,34,76,233,0,-1,-1,-1
9098,181,521,0,72,97,0,-1,-1,-1
9102,182,534,4,56,138,0,-1,-1,-1
9139,183,468,2,90,107,0,-1,-1,-1
9147,184,340,0,77,98,0,-1,-1,-1
9148,184,358,1,61,158,0,-1,-1,-1
9148,185,250,2,56,135,0,-1,-1,-1
9150,185,445,0,89,187,0,-1,-1,-1
9150,184,231,0,66,138,0,-1,-1,-1
9151,185,174,82,109,248,0,-1,-1,-1
9151,184,427,115,204,226,0,-1,-1,-1
9151,186,277,0,93,255,0,-1,-1,-1
9152,184,250,7,125,327,0,-1,-1,-1
9152,185,171,112,91,217,0,-1,-1,-1
9153,185,181,102,94,225,0,-1,-1,-1
9153,186,331,17,151,322,0,-1,-1,-1
9153,184,496,30,140,298,0,-1,-1,-1
9154,185,378,7,84,220,0,-1,-1,-1
9154,186,491,0,131,242,0,-1,-1,-1
9192,187,448,0,81,97,0,-1,-1,-1
9219,188,458,0,71,96,0,-1,-1,-1
9267,189,485,0,83,121,0,-1,-1,-1
9279,190,326,49,90,222,0,-1,-1,-1
9283,191,119,42,82,220,0,-1,-1,-1
9284,191,158,2,52,113,0,-1,-1,-1
9297,192,160,0,53,101,0,-1,-1,-1
9298,192,393,17,85,273,0,-1,-1,-1
9298,193,282,31,88,278,0,-1,-1,-1
9299,193,196,218,180,119,0,-1,-1,-1
9300,193,480,147,160,196,0,-1,-1,-1
9301,193,336,95,132,239,0,-1,-1,-1
9301,194,70,170,159,168,0,-1,-1,-1
9301,192,160,2,51,110,0,-1,-1,-1
9302,193,158,38,98,286,0,-1,-1,-1
9302,192,355,54,100,279,0,-1,-1,-1
9303,192,291,127,150,212,0,-1,-1,-1
9303,193,363,81,98,250,0,-1,-1,-1
9303,195,482,87,150,229,0,-1,-1,-1
9303,196,159,2,52,109,0,-1,-1,-1
9336,197,223,135,116,201,0,-1,-1,-1
9336,198,313,93,88,238,0,-1,-1,-1
9336,199,482,47,130,235,0,-1,-1,-1
9337,197,217,133,126,201,0,-1,-1,-1
9337,199,441,60,112,270,0,-1,-1,-1
9337,198,364,48,84,245,0,-1,-1,-1
9338,198,249,56,106,278,0,-1,-1,-1
9338,197,142,124,114,206,0,-1,-1,-1
9338,199,447,66,124,268,0,-1,-1,-1
9339,199,415,69,119,270,0,-1,-1,-1
9339,197,313,57,104,277,0,-1,-1,-1
9339,198,226,100,106,233,0,-1,-1,-1
9339,200,118,120,109,212,0,-1,-1,-1
9340,198,222,97,118,238,0,-1,-1,-1
9340,200,104,136,119,200,0,-1,-1,-1
9340,199,439,73,128,259,0,-1,-1,-1
9341,198,227,96,108,236,0,-1,-1,-1
9341,199,415,67,125,270,0,-1,-1,-1
9341,200,104,125,118,211,0,-1,-1,-1
9342,199,413,66,126,269,0,-1,-1,-1
9342,198,231,99,105,236,0,-1,-1,-1
9342,200,118,133,114,202,0,-1,-1,-1
9343,199,413,67,126,268,0,-1,-1,-1
9343,198,230,98,106,237,0,-1,-1,-1
9343,200,125,130,110,205,0,-1,-1,-1
9344,198,231,97,107,237,0,-1,-1,-1
9344,199,421,77,139,258,0,-1,-1,-1
9344,200,123,133,110,201,0,-1,-1,-1
9345,198,244,121,116,212,0,-1,-1,-1
9345,200,113,129,118,204,0,-1,-1,-1
9345,199,373,80,124,255,0,-1,-1,-1
9346,198,250,119,113,215,0,-1,-1,-1
9346,199,374,83,127,253,0,-1,-1,-1
9346,200,99,138,126,199,0,-1,-1,-1
9347,199,374,85,127,248,0,-1,-1,-1
9347,198,237,114,119,220,0,-1,-1,-1
9347,200,111,138,117,198,0,-1,-1,-1
9348,198,241,114,115,219,0,-1,-1,-1
9348,200,112,132,117,204,0,-1,-1,-1
9348,199,374,84,127,248,0,-1,-1,-1
9349,200,108,141,125,197,0,-1,-1,-1
9349,198,241,113,116,218,0,-1,-1,-1
9349,199,376,84,127,250,0,-1,-1,-1
9350,198,241,111,121,222,0,-1,-1,-1
9350,199,393,86,147,245,0,-1,-1,-1
9350,200,113,139,125,198,0,-1,-1,-1
9351,200,116,140,126,197,0,-1,-1,-1
9351,198,243,114,116,218,0,-1,-1,-1
9351,199,379,88,130,252,0,-1,-1,-1
9352,198,246,113,114,217,0,-1,-1,-1
9352,200,110,140,121,196,0,-1,-1,-1
9352,199,374,87,135,253,0,-1,-1,-1
9353,200,104,142,127,194,0,-1,-1,-1
9353,198,246,114,114,217,0,-1,-1,-1
9353,199,373,87,133,246,0,-1,-1,-1
9353,201,528,57,112,226,0,-1,-1,-1
9354,200,102,139,133,199,0,-1,-1,-1
9354,199,372,87,132,248,0,-1,-1,-1
9354,198,258,114,115,218,0,-1,-1,-1
9354,201,529,54,111,232,0,-1,-1,-1
9355,199,394,81,130,252,0,-1,-1,-1
9355,198,245,107,116,224,0,-1,-1,-1
9355,200,117,136,116,199,0,-1,-1,-1
9355,201,530,54,110,247,0,-1,-1,-1
9356,200,119,141,125,196,0,-1,-1,-1
9356,199,401,75,128,260,0,-1,-1,-1
9356,198,243,110,118,221,0,-1,-1,-1
9356,201,533,56,105,254,0,-1,-1,-1
9357,200,420,76,108,259,0,-1,-1,-1
9357,199,123,137,125,200,0,-1,-1,-1
9357,198,247,108,116,227,0,-1,-1,-1
9357,202,344,0,73,93,0,-1,-1,-1
9357,201,533,51,106,233,0,-1,-1,-1
9358,199,120,139,127,200,0,-1,-1,-1
9358,198,247,107,117,227,0,-1,-1,-1
9358,200,423,73,130,254,0,-1,-1,-1
9359,199,377,77,135,261,0,-1,-1,-1
9359,198,249,115,113,217,0,-1,-1,-1
9359,200,113,149,126,184,0,-1,-1,-1
9360,200,113,145,128,189,0,-1,-1,-1
9360,199,376,77,132,263,0,-1,-1,-1
9360,198,246,110,119,224,0,-1,-1,-1
9361,200,117,146,123,190,0,-1,-1,-1
9361,198,244,109,119,226,0,-1,-1,-1
9361,199,375,76,133,261,0,-1,-1,-1
9362,199,413,74,137,265,0,-1,-1,-1
9362,200,117,140,126,193,0,-1,-1,-1
9362,198,248,108,116,226,0,-1,-1,-1
9363,200,126,134,124,204,0,-1,-1,-1
9363,198,252,112,111,222,0,-1,-1,-1
9363,199,421,77,135,252,0,-1,-1,-1
9363,203,13,242,110,96,0,-1,-1,-1
9364,200,127,140,129,199,0,-1,-1,-1
9364,198,250,116,116,214,0,-1,-1,-1
9364,199,420,69,134,265,0,-1,-1,-1
9365,200,124,137,120,199,0,-1,-1,-1
9365,198,248,111,116,221,0,-1,-1,-1
9365,199,381,80,132,258,0,-1,-1,-1
9366,200,126,136,122,204,0,-1,-1,-1
9366,198,247,108,116,225,0,-1,-1,-1
9366,199,383,83,131,252,0,-1,-1,-1
9367,198,245,110,118,224,0,-1,-1,-1
9367,200,131,138,119,198,0,-1,-1,-1
9367,199,385,83,136,253,0,-1,-1,-1
9368,200,125,144,117,193,0,-1,-1,-1
9368,199,384,83,138,252,0,-1,-1,-1
9368,198,246,112,116,220,0,-1,-1,-1
9369,199,401,86,148,248,0,-1,-1,-1
9369,198,250,107,112,226,0,-1,-1,-1
9369,200,135,147,110,188,0,-1,-1,-1
9370,198,245,108,116,223,0,-1,-1,-1
9370,199,374,88,137,252,0,-1,-1,-1
9370,200,135,144,115,190,0,-1,-1,-1
9370,204,527,109,113,175,0,-1,-1,-1
9371,198,248,113,115,217,0,-1,-1,-1
9371,199,376,86,131,252,0,-1,-1,-1
9371,200,132,137,121,197,0,-1,-1,-1
9371,204,528,110,112,177,0,-1,-1,-1
9372,199,374,85,137,249,0,-1,-1,-1
9372,198,253,109,109,225,0,-1,-1,-1
9372,200,134,141,118,192,0,-1,-1,-1
9372,204,528,109,112,179,0,-1,-1,-1
9373,198,252,109,110,224,0,-1,-1,-1
9373,199,375,84,135,254,0,-1,-1,-1
9373,200,129,139,114,194,0,-1,-1,-1
9374,199,354,88,139,248,0,-1,-1,-1
9374,200,131,144,122,193,0,-1,-1,-1
9374,198,247,112,112,221,0,-1,-1,-1
9375,199,357,88,139,247,0,-1,-1,-1
9375,200,128,143,122,194,0,-1,-1,-1
9375,198,246,114,114,220,0,-1,-1,-1
9375,205,473,3,79,127,0,-1,-1,-1
9376,199,398,79,136,256,0,-1,-1,-1
9376,198,252,110,108,228,0,-1,-1,-1
9376,200,131,136,126,198,0,-1,-1,-1
9376,205,476,1,76,118,0,-1,-1,-1
9376,206,361,0,50,99,0,-1,-1,-1
9376,207,333,0,58,104,0,-1,-1,-1
9377,199,395,80,144,255,0,-1,-1,-1
9377,198,252,113,108,223,0,-1,-1,-1
9377,200,131,144,116,185,0,-1,-1,-1
9378,198,247,110,111,224,0,-1,-1,-1
9378,199,371,81,151,258,0,-1,-1,-1
9378,200,138,137,111,194,0,-1,-1,-1
9378,205,463,0,77,137,0,-1,-1,-1
9379,198,248,109,110,225,0,-1,-1,-1
9379,199,359,79,136,253,0,-1,-1,-1
9379,200,134,142,115,186,0,-1,-1,-1
9379,205,473,0,63,129,0,-1,-1,-1
9380,199,362,83,135,249,0,-1,-1,-1
9380,198,245,107,112,229,0,-1,-1,-1
9380,200,133,139,114,189,0,-1,-1,-1
9380,205,460,2,67,129,0,-1,-1,-1
9381,199,394,78,135,252,0,-1,-1,-1
9381,198,241,111,117,224,0,-1,-1,-1
9381,200,131,141,118,191,0,-1,-1,-1
9382,198,245,110,116,222,0,-1,-1,-1
9382,199,396,74,123,264,0,-1,-1,-1
9382,200,129,139,122,193,0,-1,-1,-1
9383,199,363,83,137,249,0,-1,-1,-1
9383,198,255,109,106,224,0,-1,-1,-1
9383,200,131,140,126,192,0,-1,-1,-1
9384,199,360,86,134,247,0,-1,-1,-1
9384,198,250,111,111,223,0,-1,-1,-1
9384,200,130,139,129,191,0,-1,-1,-1
9385,199,360,82,135,249,0,-1,-1,-1
9385,198,249,110,112,227,0,-1,-1,-1
9385,200,135,131,114,202,0,-1,-1,-1
9386,198,250,113,111,222,0,-1,-1,-1
9386,199,360,31,121,313,0,-1,-1,-1
9386,200,135,141,112,187,0,-1,-1,-1
9387,198,246,109,116,224,0,-1,-1,-1
9387,200,131,139,122,193,0,-1,-1,-1
9387,199,397,67,118,270,0,-1,-1,-1
9387,208,539,51,98,243,0,-1,-1,-1
9388,198,249,112,112,221,0,-1,-1,-1
9388,200,133,140,122,192,0,-1,-1,-1
9388,199,384,69,125,267,0,-1,-1,-1
9389,198,218,104,152,230,0,-1,-1,-1
9389,199,387,68,121,265,0,-1,-1,-1
9389,200,134,141,104,186,0,-1,-1,-1
9390,199,356,70,124,261,0,-1,-1,-1
9390,198,233,115,132,221,0,-1,-1,-1
9391,199,355,69,126,262,0,-1,-1,-1
9391,198,228,116,138,219,0,-1,-1,-1
9391,200,134,143,109,187,0,-1,-1,-1
9392,199,356,73,125,260,0,-1,-1,-1
9392,198,232,116,133,218,0,-1,-1,-1
9393,198,228,114,139,219,0,-1,-1,-1
9393,199,391,72,128,264,0,-1,-1,-1
9394,198,226,109,140,225,0,-1,-1,-1
9394,199,381,70,129,265,0,-1,-1,-1
9394,200,134,143,109,186,0,-1,-1,-1
9395,199,363,84,137,251,0,-1,-1,-1
9395,198,237,113,125,221,0,-1,-1,-1
9395,200,133,138,116,189,0,-1,-1,-1
9396,199,367,85,134,255,0,-1,-1,-1
9396,198,224,117,142,220,0,-1,-1,-1
9396,200,128,144,115,183,0,-1,-1,-1
9397,199,367,85,136,251,0,-1,-1,-1
9397,198,223,113,145,224,0,-1,-1,-1
9397,200,120,140,121,183,0,-1,-1,-1
9398,199,401,79,140,252,0,-1,-1,-1
9398,198,222,113,143,220,0,-1,-1,-1
9398,200,123,137,123,193,0,-1,-1,-1
9399,209,366,91,128,244,0,-1,-1,-1
9399,200,123,138,120,193,0,-1,-1,-1
9399,198,255,113,122,221,0,-1,-1,-1
9400,209,360,85,137,249,0,-1,-1,-1
9400,198,249,121,116,213,0,-1,-1,-1
9400,200,111,133,131,203,0,-1,-1,-1
9401,209,382,87,144,251,0,-1,-1,-1
9401,198,241,121,125,210,0,-1,-1,-1
9401,200,119,147,114,184,0,-1,-1,-1
9402,209,357,91,146,244,0,-1,-1,-1
9402,198,246,114,120,221,0,-1,-1,-1
9402,200,111,144,124,188,0,-1,-1,-1
9403,209,356,92,147,241,0,-1,-1,-1
9403,198,225,117,140,218,0,-1,-1,-1
9403,200,502,129,123,162,0,-1,-1,-1
9404,209,362,91,141,241,0,-1,-1,-1
9404,200,112,146,136,184,0,-1,-1,-1
9404,198,250,124,116,213,0,-1,-1,-1
9405,209,361,90,143,240,0,-1,-1,-1
9405,198,244,123,121,211,0,-1,-1,-1
9405,200,121,142,123,191,0,-1,-1,-1
9405,210,506,126,112,170,0,-1,-1,-1
9406,210,348,83,124,248,0,-1,-1,-1
9406,198,241,121,116,215,0,-1,-1,-1
9406,200,114,141,131,189,0,-1,-1,-1
9406,209,503,128,118,157,0,-1,-1,-1
9407,210,344,82,134,254,0,-1,-1,-1
9407,198,236,121,122,216,0,-1,-1,-1
9407,200,114,142,124,190,0,-1,-1,-1
9407,209,502,128,119,157,0,-1,-1,-1
9408,210,349,83,131,246,0,-1,-1,-1
9408,198,239,118,124,214,0,-1,-1,-1
9408,200,118,137,126,190,0,-1,-1,-1
9408,209,501,129,120,155,0,-1,-1,-1
9409,209,369,87,141,247,0,-1,-1,-1
9409,198,240,125,127,203,0,-1,-1,-1
9409,200,111,144,122,190,0,-1,-1,-1
9409,210,498,134,123,157,0,-1,-1,-1
9410,209,361,89,147,245,0,-1,-1,-1
9410,200,111,131,108,203,0,-1,-1,-1
9410,198,234,116,117,222,0,-1,-1,-1
9411,200,213,129,134,208,0,-1,-1,-1
9411,211,322,83,127,251,0,-1,-1,-1
9411,209,18,121,172,213,0,-1,-1,-1
9412,209,22,132,159,203,0,-1,-1,-1
9412,210,184,76,146,258,0,-1,-1,-1
9427,212,488,0,58,112,0,-1,-1,-1
9427,213,464,0,63,110,0,-1,-1,-1
9435,214,46,13,133,284,0,-1,-1,-1
9436,214,260,0,64,133,0,-1,-1,-1
9436,215,364,2,66,135,0,-1,-1,-1
9474,216,447,0,74,92,0,-1,-1,-1
9478,217,153,0,55,96,0,-1,-1,-1
9480,218,440,60,115,278,0,-1,-1,-1
9481,219,488,0,85,125,0,-1,-1,-1
9482,219,159,1,93,227,0,-1,-1,-1
9494,220,266,6,123,325,0,-1,-1,-1
9495,221,115,110,150,220,0,-1,-1,-1
9495,220,292,0,66,112,0,-1,-1,-1
9496,221,157,0,57,138,0,-1,-1,-1
9496,220,230,2,58,119,0,-1,-1,-1
9496,222,311,0,72,110,0,-1,-1,-1
9502,223,159,22,90,229,0,-1,-1,-1
9502,224,383,0,76,92,0,-1,-1,-1
9552,225,377,0,81,99,0,-1,-1,-1
9552,226,70,58,105,275,0,-1,-1,-1
9553,225,346,1,62,106,0,-1,-1,-1
9554,225,51,72,135,262,0,-1,-1,-1
9557,225,61,100,144,232,0,-1,-1,-1
9558,225,185,21,90,220,0,-1,-1,-1
9560,225,313,0,70,96,0,-1,-1,-1
9597,227,146,22,124,312,0,-1,-1,-1
9598,228,392,0,65,93,0,-1,-1,-1
9601,229,449,0,79,156,0,-1,-1,-1
9602,229,475,42,101,238,0,-1,-1,-1
9602,230,346,44,91,268,0,-1,-1,-1
9603,229,259,0,61,117,0,-1,-1,-1
9612,231,51,129,150,201,0,-1,-1,-1
9628,232,394,173,150,165,0,-1,-1,-1
9671,233,519,1,80,136,0,-1,-1,-1
9677,234,406,2,56,99,0,-1,-1,-1
9684,235,276,0,37,59,0,-1,-1,-1
9687,236,454,0,77,90,0,-1,-1,-1
9696,237,200,0,70,100,0,-1,-1,-1
9716,238,209,3,63,128,0,-1,-1,-1
9741,239,393,2,67,101,0,-1,-1,-1
9754,240,371,0,88,96,0,-1,-1,-1
9763,241,190,0,74,98,0,-1,-1,-1
9764,241,396,1,58,106,0,-1,-1,-1
9768,242,333,0,54,92,0,-1,-1,-1
9769,242,495,5,82,245,0,-1,-1,-1
9770,243,513,63,103,216,0,-1,-1,-1
9778,244,261,0,55,110,0,-1,-1,-1
9795,245,253,0,52,98,0,-1,-1,-1
9805,246,213,0,57,147,0,-1,-1,-1
9805,247,339,0,72,151,0,-1,-1,-1
9806,247,222,0,57,92,0,-1,-1,-1
9816,248,525,0,86,124,0,-1,-1,-1
9839,249,465,0,61,85,0,-1,-1,-1
9883,250,425,0,73,104,0,-1,-1,-1
9889,251,362,0,61,100,0,-1,-1,-1
9912,252,222,0,73,93,0,-1,-1,-1
9914,252,193,0,69,90,0,-1,-1,-1
9917,252,189,0,71,88,0,-1,-1,-1
9918,252,180,0,82,88,0,-1,-1,-1
9919,252,182,0,77,89,0,-1,-1,-1
9920,252,199,0,48,102,0,-1,-1,-1
9920,253,164,0,57,102,0,-1,-1,-1
9921,252,251,2,85,240,0,-1,-1,-1
9924,252,157,0,63,94,0,-1,-1,-1
9925,252,310,17,90,253,0,-1,-1,-1
9927,252,272,0,31,60,0,-1,-1,-1
9952,254,469,60,110,246,0,-1,-1,-1
9955,254,244,3,94,241,0,-1,-1,-1
9956,254,234,0,101,239,0,-1,-1,-1
9957,254,232,3,106,242,0,-1,-1,-1
9958,254,253,0,92,229,0,-1,-1,-1
9969,255,525,0,80,91,0,-1,-1,-1
9989,256,466,0,62,98,0,-1,-1,-1
10020,257,453,0,64,87,0,-1,-1,-1
10024,258,453,1,86,79,0,-1,-1,-1
10175,259,495,0,70,138,0,-1,-1,-1
10178,259,381,3,89,231,0,-1,-1,-1
10178,260,264,0,58,99,0,-1,-1,-1
10179,259,333,7,81,255,0,-1,-1,-1
10180,259,134,7,84,214,0,-1,-1,-1
10186,261,281,32,153,301,0,-1,-1,-1
10186,262,183,3,91,271,0,-1,-1,-1
10186,263,45,19,114,265,0,-1,-1,-1
10187,262,237,74,179,259,0,-1,-1,-1
10188,262,241,0,71,101,0,-1,-1,-1
10189,262,210,1,79,87,0,-1,-1,-1
10200,264,209,25,82,252,0,-1,-1,-1
10201,264,26,0,116,214,0,-1,-1,-1
10202,264,253,3,70,208,0,-1,-1,-1
10203,264,246,4,73,208,0,-1,-1,-1
10204,264,182,0,79,118,0,-1,-1,-1
10205,264,107,10,102,259,0,-1,-1,-1
10205,265,245,0,106,201,0,-1,-1,-1
10206,264,192,3,97,260,0,-1,-1,-1
10208,264,226,24,100,222,0,-1,-1,-1
10215,266,194,2,63,93,0,-1,-1,-1
10218,266,214,0,64,117,0,-1,-1,-1
10226,267,195,44,86,255,0,-1,-1,-1
10227,267,179,9,78,241,0,-1,-1,-1
10227,268,41,7,116,247,0,-1,-1,-1
10230,267,208,0,81,160,0,-1,-1,-1
10230,268,128,0,60,139,0,-1,-1,-1
10231,269,238,88,120,245,0,-1,-1,-1
10231,268,387,109,142,230,0,-1,-1,-1
10232,268,399,0,51,104,0,-1,-1,-1
10268,270,237,0,34,71,0,-1,-1,-1
10307,271,237,2,84,98,0,-1,-1,-1
10309,272,138,18,88,256,0,-1,-1,-1
10331,273,379,82,200,267,0,-1,-1,-1
10333,273,490,8,148,265,0,-1,-1,-1
10333,274,405,5,80,252,0,-1,-1,-1
10371,275,206,22,80,285,0,-1,-1,-1
10374,275,224,1,72,111,0,-1,-1,-1
10394,276,303,1,29,56,0,-1,-1,-1
10437,277,381,4,133,291,0,-1,-1,-1
10469,278,408,1,48,93,0,-1,-1,-1
10477,279,307,28,96,258,0,-1,-1,-1
10486,280,481,34,110,254,0,-1,-1,-1
10491,281,267,0,48,94,0,-1,-1,-1
10492,282,196,79,130,259,0,-1,-1,-1
10495,282,405,82,131,263,0,-1,-1,-1
10496,282,215,45,85,269,0,-1,-1,-1
10497,282,174,0,69,230,0,-1,-1,-1
10498,282,296,0,72,232,0,-1,-1,-1
10498,283,109,3,104,211,0,-1,-1,-1
10499,283,333,1,56,108,0,-1,-1,-1
10499,284,260,0,52,110,0,-1,-1,-1
10500,283,465,1,95,242,0,-1,-1,-1
10500,284,386,1,83,207,0,-1,-1,-1
10501,284,347,91,174,244,0,-1,-1,-1
10502,284,329,102,181,233,0,-1,-1,-1
10503,284,330,101,184,235,0,-1,-1,-1
10504,284,331,107,215,236,0,-1,-1,-1
10526,285,409,0,84,139,0,-1,-1,-1
10527,285,258,0,63,149,0,-1,-1,-1
10528,285,266,0,71,126,0,-1,-1,-1
10530,286,288,0,54,114,0,-1,-1,-1
10531,286,285,179,176,159,0,-1,-1,-1
10531,287,458,125,175,202,0,-1,-1,-1
10532,287,295,258,123,83,0,-1,-1,-1
10532,286,232,4,46,52,0,-1,-1,-1
10553,288,228,1,84,204,0,-1,-1,-1
10558,289,164,0,65,114,0,-1,-1,-1
10614,290,458,1,93,107,0,-1,-1,-1
10615,290,486,2,88,147,0,-1,-1,-1
10615,291,430,0,49,95,0,-1,-1,-1
10642,292,287,0,54,136,0,-1,-1,-1
10643,293,216,86,109,247,0,-1,-1,-1
10643,294,117,27,112,304,0,-1,-1,-1
10645,293,438,175,147,173,0,-1,-1,-1
10646,294,476,3,104,247,0,-1,-1,-1
10649,294,473,130,134,155,0,-1,-1,-1
10650,294,475,131,137,159,0,-1,-1,-1
10651,294,483,133,147,154,0,-1,-1,-1
10653,294,360,114,137,227,0,-1,-1,-1
10654,294,89,120,155,225,0,-1,-1,-1
10654,295,338,91,108,253,0,-1,-1,-1
10655,295,289,131,153,204,0,-1,-1,-1
10657,295,402,150,192,188,0,-1,-1,-1
10671,296,108,112,166,224,0,-1,-1,-1
10672,297,105,151,157,186,0,-1,-1,-1
10673,297,135,151,163,179,0,-1,-1,-1
10674,297,136,127,112,207,0,-1,-1,-1
10674,296,431,56,202,293,0,-1,-1,-1
10675,296,403,122,135,223,0,-1,-1,-1
10675,297,212,14,74,212,0,-1,-1,-1
10686,298,464,0,63,91,0,-1,-1,-1
10690,299,542,0,90,132,0,-1,-1,-1
10690,300,471,0,51,98,0,-1,-1,-1
10696,301,469,80,98,221,0,-1,-1,-1
10696,302,252,76,121,258,0,-1,-1,-1
10703,303,510,1,83,123,0,-1,-1,-1
10740,304,468,0,141,153,0,-1,-1,-1
10742,304,173,0,91,210,0,-1,-1,-1
10743,304,287,35,127,299,0,-1,-1,-1
10743,305,200,83,94,248,0,-1,-1,-1
10743,306,466,99,129,185,0,-1,-1,-1
10748,307,330,187,167,160,0,-1,-1,-1
10749,307,375,0,98,238,0,-1,-1,-1
10749,308,269,4,78,229,0,-1,-1,-1
10750,307,454,2,72,133,0,-1,-1,-1
10751,307,278,0,23,52,0,-1,-1,-1
10759,309,442,0,95,203,0,-1,-1,-1
10761,309,355,0,107,177,0,-1,-1,-1
10762,309,214,0,59,122,0,-1,-1,-1
10764,309,212,0,60,120,0,-1,-1,-1
10765,309,173,0,82,130,0,-1,-1,-1
10767,309,257,0,57,142,0,-1,-1,-1
10767,310,149,0,69,121,0,-1,-1,-1
10892,311,313,0,79,125,0,-1,-1,-1
10914,312,264,0,109,217,0,-1,-1,-1
10973,313,449,1,65,92,0,-1,-1,-1
10974,313,482,2,86,144,0,-1,-1,-1
10998,314,352,1,125,198,0,-1,-1,-1
11008,315,477,0,84,122,0,-1,-1,-1
11008,316,334,0,57,130,0,-1,-1,-1
11008,317,386,1,75,117,0,-1,-1,-1
11010,315,237,64,136,281,0,-1,-1,-1
11010,316,316,0,94,183,0,-1,-1,-1
11014,318,179,12,103,250,0,-1,-1,-1
11014,319,395,9,85,220,0,-1,-1,-1
11057,320,440,84,70,97,0,-1,-1,-1
11060,320,418,76,81,98,0,-1,-1,-1
11074,321,426,1,112,203,0,-1,-1,-1
11076,321,409,0,112,200,0,-1,-1,-1
11079,321,360,0,116,221,0,-1,-1,-1
11126,322,357,52,123,297,0,-1,-1,-1
11126,323,223,61,127,284,0,-1,-1,-1
11130,324,240,23,79,296,0,-1,-1,-1
11130,325,277,17,129,322,0,-1,-1,-1
11158,326,455,0,143,224,0,-1,-1,-1
11180,327,214,0,62,91,0,-1,-1,-1
11181,327,186,0,70,106,0,-1,-1,-1
11184,327,176,0,83,100,0,-1,-1,-1
11187,327,222,0,52,92,0,-1,-1,-1
11187,328,149,0,71,100,0,-1,-1,-1
11300,329,469,1,120,234,0,-1,-1,-1
11311,330,468,0,163,182,0,-1,-1,-1
11313,330,509,0,85,119,0,-1,-1,-1
11314,330,558,3,77,259,0,-1,-1,-1
11318,331,201,33,130,303,0,-1,-1,-1
11346,332,465,7,159,275,0,-1,-1,-1
11352,333,333,76,72,91,0,-1,-1,-1
11353,333,297,11,107,178,0,-1,-1,-1
11453,334,181,0,62,142,0,-1,-1,-1
11454,334,93,103,145,242,0,-1,-1,-1
11455,334,194,0,64,92,0,-1,-1,-1
11462,335,153,0,105,168,0,-1,-1,-1
11597,336,292,51,100,293,0,-1,-1,-1
11597,337,160,19,104,297,0,-1,-1,-1
11598,337,129,57,157,290,0,-1,-1,-1
11598,338,333,110,132,235,0,-1,-1,-1
11600,338,285,162,136,186,0,-1,-1,-1
11600,337,178,0,74,164,0,-1,-1,-1
11600,339,47,134,170,204,0,-1,-1,-1
11604,340,257,133,158,210,0,-1,-1,-1
11605,340,230,105,133,235,0,-1,-1,-1
11605,341,364,112,115,233,0,-1,-1,-1
11607,341,198,0,46,123,0,-1,-1,-1
11731,342,286,160,151,193,0,-1,-1,-1
11753,343,230,51,119,286,0,-1,-1,-1
11763,344,253,49,104,286,0,-1,-1,-1
11768,345,211,0,69,149,0,-1,-1,-1
11769,345,224,0,83,243,0,-1,-1,-1
11770,345,221,0,92,241,0,-1,-1,-1
11771,345,266,19,108,307,0,-1,-1,-1
11773,345,304,17,122,290,0,-1,-1,-1
11775,345,192,35,105,309,0,-1,-1,-1
11781,346,177,73,148,277,0,-1,-1,-1
11785,347,248,17,83,293,0,-1,-1,-1
11796,348,263,10,97,314,0,-1,-1,-1
11843,349,189,7,85,277,0,-1,-1,-1
11931,350,567,14,72,223,0,-1,-1,-1
11954,351,338,50,177,221,0,-1,-1,-1
11958,352,559,42,80,240,0,-1,-1,-1
11959,352,542,42,98,234,0,-1,-1,-1
11960,352,546,18,92,214,0,-1,-1,-1
11961,352,550,12,87,220,0,-1,-1,-1
11971,353,504,1,101,233,0,-1,-1,-1
11979,354,545,33,91,247,0,-1,-1,-1
12055,355,66,6,225,335,0,-1,-1,-1
12060,356,239,0,81,136,0,-1,-1,-1
12140,357,296,9,340,326,0,-1,-1,-1
12284,358,160,138,163,201,0,-1,-1,-1
12289,359,235,92,142,249,0,-1,-1,-1
12306,360,155,46,108,266,0,-1,-1,-1
12563,361,259,0,99,262,0,-1,-1,-1
12617,362,281,79,117,269,0,-1,-1,-1
12619,363,226,178,191,177,0,-1,-1,-1
12621,363,214,181,167,169,0,-1,-1,-1
12622,363,202,183,170,170,0,-1,-1,-1
12623,363,198,190,169,163,0,-1,-1,-1
12624,363,201,189,171,163,0,-1,-1,-1
12625,363,207,189,162,159,0,-1,-1,-1
12626,363,208,156,163,189,0,-1,-1,-1
12628,363,242,87,121,243,0,-1,-1,-1
12629,363,258,105,127,238,0,-1,-1,-1
12629,364,181,144,99,197,0,-1,-1,-1
12630,363,260,104,148,237,0,-1,-1,-1
12632,363,308,30,77,251,0,-1,-1,-1
12665,365,259,0,65,98,0,-1,-1,-1
13153,366,99,150,217,193,0,-1,-1,-1
13163,367,232,10,127,337,0,-1,-1,-1
13666,368,265,110,152,236,0,-1,-1,-1
14350,369,296,93,134,246,0,-1,-1,-1
14727,370,102,78,143,258,0,-1,-1,-1
14730,371,169,58,147,280,0,-1,-1,-1
14731,371,337,0,50,93,0,-1,-1,-1
14732,371,192,58,99,281,0,-1,-1,-1
14733,371,27,167,177,166,0,-1,-1,-1
14739,372,539,34,101,197,0,-1,-1,-1
14747,373,532,0,54,95,0,-1,-1,-1
14750,373,251,0,73,140,0,-1,-1,-1
14751,374,226,0,56,133,0,-1,-1,-1
14753,374,312,0,63,145,0,-1,-1,-1
14754,374,289,0,65,155,0,-1,-1,-1
14761,375,501,1,110,256,0,-1,-1,-1
14762,375,374,2,109,164,0,-1,-1,-1
14765,375,404,11,83,220,0,-1,-1,-1
14771,376,466,24,99,246,0,-1,-1,-1
14772,376,478,0,83,282,0,-1,-1,-1
14772,377,322,0,71,82,0,-1,-1,-1
14786,378,200,126,102,204,0,-1,-1,-1
14787,378,414,88,136,251,0,-1,-1,-1
14788,378,233,6,86,178,0,-1,-1,-1
14790,378,436,97,147,243,0,-1,-1,-1
14791,378,444,91,131,245,0,-1,-1,-1
14794,378,374,36,180,244,0,-1,-1,-1
14796,378,491,6,138,233,0,-1,-1,-1
14798,378,485,10,108,190,0,-1,-1,-1
14798,379,375,0,79,108,0,-1,-1,-1
14802,380,494,8,134,260,0,-1,-1,-1
14804,380,409,34,91,252,0,-1,-1,-1
14806,380,192,47,110,266,0,-1,-1,-1
14807,380,141,22,101,236,0,-1,-1,-1
14807,381,388,1,74,89,0,-1,-1,-1
14808,380,280,18,67,130,0,-1,-1,-1
14809,381,201,70,94,163,0,-1,-1,-1
14815,382,333,0,55,93,0,-1,-1,-1
14816,382,214,47,119,209,0,-1,-1,-1
14825,383,478,6,113,194,0,-1,-1,-1
14830,384,474,4,148,209,0,-1,-1,-1
14831,384,136,82,123,244,0,-1,-1,-1
14831,385,0,63,116,260,0,-1,-1,-1
14831,386,347,18,109,198,0,-1,-1,-1
14832,386,171,1,83,143,0,-1,-1,-1
14840,387,272,3,129,196,0,-1,-1,-1
14889,388,435,0,88,77,0,-1,-1,-1
14906,389,47,13,91,245,0,-1,-1,-1
14994,390,246,32,103,231,0,-1,-1,-1
14996,390,485,6,153,248,0,-1,-1,-1
15021,391,339,0,57,94,0,-1,-1,-1
15022,392,264,10,95,103,0,-1,-1,-1
15046,393,412,0,109,111,0,-1,-1,-1
15067,394,458,0,82,100,0,-1,-1,-1
15231,395,290,4,69,142,0,-1,-1,-1
15231,396,397,0,72,133,0,-1,-1,-1
15232,396,357,0,64,126,0,-1,-1,-1
15233,396,238,0,31,55,0,-1,-1,-1
15234,397,302,0,52,88,0,-1,-1,-1
15249,398,361,228,137,111,0,-1,-1,-1
15250,398,309,246,114,92,0,-1,-1,-1
15251,398,240,99,150,226,0,-1,-1,-1
15252,398,394,97,118,242,0,-1,-1,-1
15253,398,166,13,96,177,0,-1,-1,-1
15255,398,202,4,53,121,0,-1,-1,-1
15274,399,418,15,78,195,0,-1,-1,-1
15277,399,280,1,31,65,0,-1,-1,-1
15279,399,478,0,86,88,0,-1,-1,-1
15279,400,560,1,69,110,0,-1,-1,-1
15304,401,467,119,151,225,0,-1,-1,-1
15305,401,432,32,95,221,0,-1,-1,-1
15305,402,543,38,97,201,0,-1,-1,-1
15306,402,439,19,89,190,0,-1,-1,-1
15308,402,414,0,81,102,0,-1,-1,-1
15309,402,408,0,73,89,0,-1,-1,-1
15392,403,368,0,47,53,0,-1,-1,-1
15632,404,353,0,74,81,0,-1,-1,-1
15691,405,215,0,59,152,0,-1,-1,-1
15747,406,171,13,99,239,0,-1,-1,-1
15747,407,321,2,100,294,0,-1,-1,-1
15800,408,304,0,59,88,0,-1,-1,-1
15976,409,417,13,91,226,0,-1,-1,-1
16265,410,140,25,88,211,0,-1,-1,-1
16266,410,368,27,87,231,0,-1,-1,-1
16268,410,192,168,201,166,0,-1,-1,-1
16271,411,108,83,131,253,0,-1,-1,-1
16271,410,195,11,81,203,0,-1,-1,-1
16356,412,454,0,67,91,0,-1,-1,-1
16368,413,118,91,124,231,0,-1,-1,-1
16369,413,385,4,67,118,0,-1,-1,-1
16376,414,441,16,89,218,0,-1,-1,-1
16377,414,370,98,134,234,0,-1,-1,-1
16378,414,389,98,107,232,0,-1,-1,-1
16385,415,454,19,80,235,0,-1,-1,-1
16387,415,503,0,72,202,0,-1,-1,-1
16388,415,328,148,172,186,0,-1,-1,-1
16389,415,317,157,159,178,0,-1,-1,-1
16390,415,366,217,143,122,0,-1,-1,-1
16392,415,183,98,174,231,0,-1,-1,-1
16392,416,489,2,99,206,0,-1,-1,-1
16410,417,290,82,137,258,0,-1,-1,-1
16413,418,371,10,87,240,0,-1,-1,-1
16417,419,496,55,124,224,0,-1,-1,-1
16419,419,504,41,99,237,0,-1,-1,-1
16420,419,479,45,117,232,0,-1,-1,-1
16421,419,484,31,81,259,0,-1,-1,-1
16423,419,448,9,95,211,0,-1,-1,-1
16427,420,292,154,166,181,0,-1,-1,-1
16433,421,358,98,105,235,0,-1,-1,-1
16433,422,494,1,64,119,0,-1,-1,-1
16448,423,363,73,137,267,0,-1,-1,-1
16457,424,229,129,89,203,0,-1,-1,-1
16460,424,304,72,87,267,0,-1,-1,-1
16464,425,516,6,87,225,0,-1,-1,-1
