439,0,292,50,124,166,0,-1,-1,-1
3586,1,475,108,138,153,0,-1,-1,-1
3810,2,472,129,130,121,0,-1,-1,-1
3915,3,561,0,68,94,0,-1,-1,-1
3923,4,371,0,113,197,0,-1,-1,-1
3923,5,391,2,136,198,0,-1,-1,-1
3924,4,238,94,117,91,0,-1,-1,-1
4180,6,487,0,79,120,0,-1,-1,-1
4211,7,430,53,59,125,0,-1,-1,-1
4222,8,522,0,80,158,0,-1,-1,-1
4223,8,372,1,122,200,0,-1,-1,-1
4245,9,187,84,72,78,0,-1,-1,-1
4257,10,369,7,118,192,0,-1,-1,-1
4327,11,503,102,90,145,0,-1,-1,-1
4386,12,476,4,79,154,0,-1,-1,-1
4390,13,436,23,114,208,0,-1,-1,-1
4391,13,512,5,96,214,0,-1,-1,-1
4392,13,510,19,96,196,0,-1,-1,-1
4393,13,507,6,88,209,0,-1,-1,-1
4754,14,251,86,77,97,0,-1,-1,-1
5276,15,506,128,133,140,0,-1,-1,-1
5276,16,445,34,84,201,0,-1,-1,-1
5332,17,538,18,86,233,0,-1,-1,-1
5340,18,543,0,77,150,0,-1,-1,-1
5341,19,225,71,106,109,0,-1,-1,-1
5555,20,344,53,83,143,0,-1,-1,-1
5565,21,238,81,92,100,0,-1,-1,-1
5592,22,300,71,101,121,0,-1,-1,-1
5592,23,294,65,218,167,0,-1,-1,-1
5682,24,467,97,140,155,0,-1,-1,-1
5843,25,376,38,103,179,0,-1,-1,-1
5843,26,499,163,93,87,0,-1,-1,-1
5872,27,566,0,63,86,0,-1,-1,-1
5873,27,567,0,68,86,0,-1,-1,-1
6200,28,165,71,94,88,0,-1,-1,-1
6254,29,545,0,74,118,0,-1,-1,-1
6294,30,476,1,95,249,0,-1,-1,-1
6352,31,338,78,87,130,0,-1,-1,-1
6352,32,419,49,87,184,0,-1,-1,-1
6353,31,330,74,104,137,0,-1,-1,-1
6354,32,468,80,97,172,0,-1,-1,-1
6355,33,515,1,84,189,0,-1,-1,-1
6399,34,378,72,81,145,0,-1,-1,-1
6504,35,510,2,93,236,0,-1,-1,-1
6550,36,508,2,86,167,0,-1,-1,-1
6568,37,456,0,70,126,0,-1,-1,-1
6623,38,561,0,71,126,0,-1,-1,-1
6729,39,489,0,74,103,0,-1,-1,-1
6816,40,546,9,87,233,0,-1,-1,-1
6817,41,454,1,70,149,0,-1,-1,-1
6855,42,570,0,60,94,0,-1,-1,-1
6863,43,451,19,86,208,0,-1,-1,-1
6883,44,547,3,90,257,0,-1,-1,-1
6930,45,399,43,142,187,0,-1,-1,-1
7001,46,496,28,95,213,0,-1,-1,-1
7014,47,267,88,120,101,0,-1,-1,-1
7054,48,536,56,102,208,0,-1,-1,-1
7055,48,387,60,135,173,0,-1,-1,-1
7066,49,517,0,83,188,0,-1,-1,-1
7067,49,540,0,86,165,0,-1,-1,-1
7073,50,545,0,79,174,0,-1,-1,-1
7109,51,497,22,79,221,0,-1,-1,-1
7116,52,461,12,83,225,0,-1,-1,-1
7116,53,540,23,99,236,0,-1,-1,-1
7121,54,458,0,69,121,0,-1,-1,-1
7126,55,549,0,74,225,0,-1,-1,-1
7126,56,392,9,85,212,0,-1,-1,-1
7127,56,456,1,58,128,0,-1,-1,-1
7128,56,443,0,83,137,0,-1,-1,-1
7129,57,414,78,142,166,0,-1,-1,-1
7131,56,245,125,61,50,0,-1,-1,-1
7132,58,419,21,98,209,0,-1,-1,-1
7133,59,428,126,148,122,0,-1,-1,-1
7135,58,553,0,69,142,0,-1,-1,-1
7136,58,562,0,64,144,0,-1,-1,-1
7137,60,478,3,94,163,0,-1,-1,-1
7139,60,368,65,110,154,0,-1,-1,-1
7140,60,344,129,83,75,0,-1,-1,-1
7173,61,379,15,101,201,0,-1,-1,-1
7188,62,543,46,91,215,0,-1,-1,-1
7189,62,542,49,92,211,0,-1,-1,-1
7191,62,552,50,86,208,0,-1,-1,-1
7192,62,559,51,76,209,0,-1,-1,-1
7193,62,554,50,82,212,0,-1,-1,-1
7194,62,556,52,79,211,0,-1,-1,-1
7195,62,555,53,80,206,0,-1,-1,-1
7196,62,553,53,82,206,0,-1,-1,-1
7197,62,553,48,82,213,0,-1,-1,-1
7198,62,555,48,80,214,0,-1,-1,-1
7199,62,531,53,106,198,0,-1,-1,-1
7200,62,517,52,85,204,0,-1,-1,-1
7201,62,514,54,89,198,0,-1,-1,-1
7202,62,515,53,87,204,0,-1,-1,-1
7203,63,303,77,199,157,0,-1,-1,-1
7203,62,544,44,95,215,0,-1,-1,-1
7250,64,464,57,92,186,0,-1,-1,-1
7263,65,442,0,80,121,0,-1,-1,-1
7271,66,444,31,96,196,0,-1,-1,-1
7276,67,447,12,100,230,0,-1,-1,-1
7276,68,531,26,101,226,0,-1,-1,-1
7279,67,283,58,87,131,0,-1,-1,-1
7280,69,470,116,113,134,0,-1,-1,-1
7280,70,301,5,109,190,0,-1,-1,-1
7295,71,437,29,93,209,0,-1,-1,-1
7362,72,535,0,62,105,0,-1,-1,-1
7392,73,529,79,109,181,0,-1,-1,-1
7423,74,377,4,82,205,0,-1,-1,-1
7425,75,371,64,104,160,0,-1,-1,-1
7426,76,236,68,70,112,0,-1,-1,-1
7469,77,561,0,66,154,0,-1,-1,-1
7471,78,487,13,85,227,0,-1,-1,-1
7481,79,308,84,89,112,0,-1,-1,-1
7502,80,420,79,121,151,0,-1,-1,-1
7569,81,577,2,59,238,0,-1,-1,-1
7579,82,507,151,130,111,0,-1,-1,-1
7582,82,522,3,82,239,0,-1,-1,-1
7586,83,474,0,104,240,0,-1,-1,-1
7589,83,487,0,71,207,0,-1,-1,-1
7590,83,484,0,82,214,0,-1,-1,-1
7591,83,539,1,95,205,0,-1,-1,-1
7596,84,485,0,76,145,0,-1,-1,-1
7618,85,199,35,99,141,0,-1,-1,-1
7623,86,170,99,49,47,0,-1,-1,-1
7649,87,531,0,46,130,0,-1,-1,-1
7657,88,445,3,99,186,0,-1,-1,-1
7659,89,510,0,100,250,0,-1,-1,-1
7659,88,440,11,74,203,0,-1,-1,-1
7669,90,567,1,69,119,0,-1,-1,-1
7680,91,387,10,95,213,0,-1,-1,-1
7681,92,338,21,93,187,0,-1,-1,-1
7682,91,492,28,111,228,0,-1,-1,-1
7719,93,519,0,72,128,0,-1,-1,-1
7720,94,424,12,96,215,0,-1,-1,-1
7723,94,434,47,106,186,0,-1,-1,-1
7723,95,226,72,96,107,0,-1,-1,-1
7820,96,185,55,133,127,0,-1,-1,-1
7858,97,519,4,80,117,0,-1,-1,-1
7868,98,424,61,106,179,0,-1,-1,-1
7938,99,469,158,96,89,0,-1,-1,-1
7940,100,505,171,121,95,0,-1,-1,-1
7941,100,487,30,86,218,0,-1,-1,-1
7949,101,565,0,70,132,0,-1,-1,-1
8019,102,552,1,77,128,0,-1,-1,-1
8020,103,519,1,79,131,0,-1,-1,-1
8021,102,572,48,68,222,0,-1,-1,-1
8039,104,392,121,85,99,0,-1,-1,-1
8040,104,417,112,78,117,0,-1,-1,-1
8041,105,528,16,67,217,0,-1,-1,-1
8062,106,513,4,91,237,0,-1,-1,-1
8092,107,516,51,121,209,0,-1,-1,-1
8129,108,483,25,81,209,0,-1,-1,-1
8135,109,496,139,141,125,0,-1,-1,-1
8155,110,480,19,136,223,0,-1,-1,-1
8169,111,491,81,129,182,0,-1,-1,-1
8171,112,437,58,83,159,0,-1,-1,-1
8171,111,473,125,144,136,0,-1,-1,-1
8186,113,482,0,64,121,0,-1,-1,-1
8224,114,492,40,92,213,0,-1,-1,-1
8229,115,500,125,105,129,0,-1,-1,-1
8235,116,374,42,106,170,0,-1,-1,-1
8252,117,501,1,100,248,0,-1,-1,-1
8311,118,594,0,44,104,0,-1,-1,-1
8369,119,547,0,72,150,0,-1,-1,-1
8374,120,568,0,59,105,0,-1,-1,-1
8378,121,567,1,67,109,0,-1,-1,-1
8392,122,414,37,113,189,0,-1,-1,-1
8393,123,479,4,76,153,0,-1,-1,-1
8394,122,308,106,93,87,0,-1,-1,-1
8435,124,442,19,82,192,0,-1,-1,-1
8442,125,533,57,103,209,0,-1,-1,-1
8465,126,497,2,85,202,0,-1,-1,-1
8466,127,304,113,106,82,0,-1,-1,-1
8467,127,250,97,96,85,0,-1,-1,-1
8468,126,477,7,81,222,0,-1,-1,-1
8504,128,509,55,129,204,0,-1,-1,-1
8563,129,539,0,89,223,0,-1,-1,-1
8641,130,345,47,127,166,0,-1,-1,-1
8646,131,527,0,80,252,0,-1,-1,-1
8647,131,564,0,68,157,0,-1,-1,-1
8648,132,513,74,125,185,0,-1,-1,-1
8649,132,421,109,148,144,0,-1,-1,-1
8656,133,409,111,98,117,0,-1,-1,-1
8657,133,400,108,85,114,0,-1,-1,-1
8674,134,346,82,82,120,0,-1,-1,-1
8683,135,414,103,144,142,0,-1,-1,-1
8688,136,582,0,56,99,0,-1,-1,-1
8689,136,574,0,59,91,0,-1,-1,-1
8691,137,496,0,61,109,0,-1,-1,-1
8692,137,553,0,58,86,0,-1,-1,-1
8692,138,606,1,27,79,0,-1,-1,-1
8693,137,556,0,67,86,0,-1,-1,-1
8696,139,538,0,50,98,0,-1,-1,-1
8825,140,412,23,84,209,0,-1,-1,-1
8827,140,522,18,112,229,0,-1,-1,-1
8892,141,485,37,120,218,0,-1,-1,-1
8959,142,225,38,155,157,0,-1,-1,-1
8962,143,550,0,85,225,0,-1,-1,-1
9008,144,499,75,108,182,0,-1,-1,-1
9010,144,502,92,84,153,0,-1,-1,-1
9020,145,308,3,91,194,0,-1,-1,-1
9027,146,368,3,91,209,0,-1,-1,-1
9028,147,420,2,111,206,0,-1,-1,-1
9029,147,440,11,91,190,0,-1,-1,-1
9036,148,421,1,122,208,0,-1,-1,-1
9040,149,414,32,93,187,0,-1,-1,-1
9044,150,571,0,69,95,0,-1,-1,-1
9044,151,514,150,91,107,0,-1,-1,-1
9045,151,479,131,88,115,0,-1,-1,-1
9046,151,503,114,99,141,0,-1,-1,-1
9049,151,440,3,96,209,0,-1,-1,-1
9054,152,514,4,89,193,0,-1,-1,-1
9064,153,490,52,98,195,0,-1,-1,-1
9067,153,459,20,128,213,0,-1,-1,-1
9071,154,481,73,141,190,0,-1,-1,-1
9079,155,550,43,88,217,0,-1,-1,-1
9080,155,515,21,99,227,0,-1,-1,-1
9088,156,449,33,79,199,0,-1,-1,-1
9111,157,209,64,137,126,0,-1,-1,-1
9118,158,571,0,64,103,0,-1,-1,-1
9119,158,566,0,55,100,0,-1,-1,-1
9120,158,570,0,66,101,0,-1,-1,-1
9122,159,487,35,96,206,0,-1,-1,-1
9130,160,224,49,149,144,0,-1,-1,-1
9163,161,570,0,70,97,0,-1,-1,-1
9177,162,542,0,64,135,0,-1,-1,-1
9207,163,400,48,124,185,0,-1,-1,-1
9210,163,342,135,84,71,0,-1,-1,-1
9233,164,479,0,88,163,0,-1,-1,-1
9236,165,461,29,116,214,0,-1,-1,-1
9260,166,472,18,105,221,0,-1,-1,-1
9300,167,423,6,156,224,0,-1,-1,-1
9430,168,580,0,54,94,0,-1,-1,-1
9431,168,252,83,76,97,0,-1,-1,-1
9435,169,532,41,108,213,0,-1,-1,-1
9470,170,537,2,88,206,0,-1,-1,-1
9480,171,500,0,65,118,0,-1,-1,-1
9497,172,309,59,74,137,0,-1,-1,-1
9498,173,431,116,89,113,0,-1,-1,-1
9502,174,448,54,76,164,0,-1,-1,-1
9508,175,563,0,69,91,0,-1,-1,-1
9511,175,564,0,74,90,0,-1,-1,-1
9513,175,560,0,79,90,0,-1,-1,-1
9514,175,566,0,70,89,0,-1,-1,-1
9515,175,567,0,68,96,0,-1,-1,-1
9549,176,575,0,54,103,0,-1,-1,-1
9550,177,245,47,82,133,0,-1,-1,-1
9601,178,214,42,81,125,0,-1,-1,-1
9616,179,313,113,125,95,0,-1,-1,-1
9617,179,235,107,95,75,0,-1,-1,-1
9618,179,300,94,120,110,0,-1,-1,-1
9619,179,280,80,132,119,0,-1,-1,-1
9620,179,282,82,130,117,0,-1,-1,-1
9621,179,279,81,133,119,0,-1,-1,-1
9622,179,278,85,140,116,0,-1,-1,-1
9623,179,283,82,126,115,0,-1,-1,-1
9624,179,267,83,142,114,0,-1,-1,-1
9624,180,437,126,124,120,0,-1,-1,-1
9625,179,278,83,131,121,0,-1,-1,-1
9625,180,548,1,75,171,0,-1,-1,-1
9625,181,151,68,94,86,0,-1,-1,-1
9629,182,519,28,77,212,0,-1,-1,-1
9667,183,523,2,81,132,0,-1,-1,-1
9673,184,213,51,101,117,0,-1,-1,-1
9690,185,458,0,57,131,0,-1,-1,-1
9692,186,506,21,91,201,0,-1,-1,-1
9694,187,427,27,97,199,0,-1,-1,-1
9699,188,502,0,122,242,0,-1,-1,-1
9700,188,276,54,91,120,0,-1,-1,-1
9700,189,378,119,101,102,0,-1,-1,-1
9700,190,235,51,86,112,0,-1,-1,-1
9702,191,439,122,139,138,0,-1,-1,-1
9703,191,403,132,160,121,0,-1,-1,-1
9704,191,414,122,134,125,0,-1,-1,-1
9705,191,475,128,145,133,0,-1,-1,-1
9706,192,420,5,124,209,0,-1,-1,-1
9707,191,432,124,149,134,0,-1,-1,-1
9709,191,440,128,167,134,0,-1,-1,-1
9709,193,468,127,107,101,0,-1,-1,-1
9709,194,422,122,67,87,0,-1,-1,-1
9710,193,425,123,142,133,0,-1,-1,-1
9711,193,417,116,126,132,0,-1,-1,-1
9713,193,438,21,122,201,0,-1,-1,-1
9714,195,158,70,95,91,0,-1,-1,-1
9714,193,445,27,114,209,0,-1,-1,-1
9719,196,387,127,191,121,0,-1,-1,-1
9719,197,401,126,125,101,0,-1,-1,-1
9724,198,470,47,117,191,0,-1,-1,-1
9730,199,360,18,80,190,0,-1,-1,-1
9732,199,211,26,97,146,0,-1,-1,-1
9733,200,391,108,103,117,0,-1,-1,-1
9737,201,573,5,56,128,0,-1,-1,-1
9738,201,545,0,87,128,0,-1,-1,-1
9740,202,488,0,71,129,0,-1,-1,-1
9741,201,313,18,107,187,0,-1,-1,-1
9741,202,459,58,125,188,0,-1,-1,-1
9741,203,308,27,86,147,0,-1,-1,-1
9742,201,309,16,97,176,0,-1,-1,-1
9752,204,538,79,100,204,0,-1,-1,-1
9752,205,500,6,78,189,0,-1,-1,-1
9757,206,527,0,63,107,0,-1,-1,-1
9780,207,298,40,114,164,0,-1,-1,-1
9787,208,359,9,96,199,0,-1,-1,-1
9850,209,485,10,80,168,0,-1,-1,-1
9856,210,437,47,113,182,0,-1,-1,-1
9856,211,538,72,102,192,0,-1,-1,-1
9857,211,365,64,141,165,0,-1,-1,-1
9858,211,332,58,132,159,0,-1,-1,-1
9871,212,460,0,86,201,0,-1,-1,-1
9885,213,379,79,146,159,0,-1,-1,-1
9885,214,295,78,85,114,0,-1,-1,-1
9886,213,383,86,166,158,0,-1,-1,-1
9886,214,289,78,95,116,0,-1,-1,-1
9887,213,378,38,110,185,0,-1,-1,-1
9892,215,372,2,98,206,0,-1,-1,-1
9894,215,371,2,93,215,0,-1,-1,-1
9895,215,540,3,97,256,0,-1,-1,-1
9897,215,364,2,91,211,0,-1,-1,-1
9898,215,380,3,76,206,0,-1,-1,-1
9902,216,375,1,91,210,0,-1,-1,-1
9903,216,359,0,78,214,0,-1,-1,-1
9904,216,363,2,81,203,0,-1,-1,-1
9910,217,363,2,77,205,0,-1,-1,-1
9914,218,421,11,98,216,0,-1,-1,-1
9915,219,521,31,95,221,0,-1,-1,-1
9915,218,354,5,78,198,0,-1,-1,-1
9916,220,400,51,117,177,0,-1,-1,-1
9917,219,288,28,101,172,0,-1,-1,-1
9918,218,480,24,91,227,0,-1,-1,-1
9918,219,310,14,76,165,0,-1,-1,-1
9919,218,505,20,102,229,0,-1,-1,-1
9919,219,349,5,78,189,0,-1,-1,-1
9920,218,499,24,114,225,0,-1,-1,-1
9920,219,349,13,81,178,0,-1,-1,-1
9921,218,539,16,83,241,0,-1,-1,-1
9921,219,358,3,82,208,0,-1,-1,-1
9922,219,538,19,85,239,0,-1,-1,-1
9922,218,360,4,84,208,0,-1,-1,-1
9923,218,538,19,85,239,0,-1,-1,-1
9923,219,360,3,77,202,0,-1,-1,-1
9924,218,539,18,80,240,0,-1,-1,-1
9924,219,365,0,83,209,0,-1,-1,-1
9925,219,538,20,84,238,0,-1,-1,-1
9925,218,360,0,80,205,0,-1,-1,-1
9926,218,541,13,83,244,0,-1,-1,-1
9926,219,365,2,81,209,0,-1,-1,-1
9927,218,536,6,79,247,0,-1,-1,-1
9927,219,355,3,86,206,0,-1,-1,-1
9928,218,544,16,88,243,0,-1,-1,-1
9928,221,364,1,85,213,0,-1,-1,-1
9931,221,366,1,79,198,0,-1,-1,-1
9933,222,375,0,84,210,0,-1,-1,-1
9933,221,512,78,127,196,0,-1,-1,-1
9934,222,381,2,74,200,0,-1,-1,-1
9935,222,380,0,78,198,0,-1,-1,-1
9937,222,377,1,77,197,0,-1,-1,-1
9938,222,380,0,80,198,0,-1,-1,-1
9940,222,377,1,76,197,0,-1,-1,-1
9941,222,381,0,76,201,0,-1,-1,-1
9942,222,367,0,94,198,0,-1,-1,-1
9943,222,372,0,92,196,0,-1,-1,-1
9945,223,369,0,77,195,0,-1,-1,-1
9946,222,374,0,83,196,0,-1,-1,-1
9947,222,375,0,84,193,0,-1,-1,-1
9948,222,375,0,80,193,0,-1,-1,-1
9949,222,372,0,85,195,0,-1,-1,-1
9950,224,366,0,91,195,0,-1,-1,-1
9951,224,507,3,78,218,0,-1,-1,-1
9952,224,436,2,85,199,0,-1,-1,-1
9953,224,431,0,107,193,0,-1,-1,-1
9954,224,437,0,103,193,0,-1,-1,-1
9956,224,422,1,85,184,0,-1,-1,-1
9957,224,424,2,81,181,0,-1,-1,-1
9959,224,386,6,83,210,0,-1,-1,-1
9959,225,460,0,76,197,0,-1,-1,-1
9960,224,387,7,84,216,0,-1,-1,-1
9961,224,479,0,99,240,0,-1,-1,-1
9962,224,471,0,85,242,0,-1,-1,-1
9963,224,482,1,84,244,0,-1,-1,-1
9963,226,360,2,82,198,0,-1,-1,-1
9964,227,509,16,84,231,0,-1,-1,-1
9964,224,360,0,79,196,0,-1,-1,-1
9966,224,368,0,98,208,0,-1,-1,-1
9967,224,359,0,99,207,0,-1,-1,-1
9968,224,370,2,86,204,0,-1,-1,-1
9969,224,364,2,98,201,0,-1,-1,-1
9970,224,364,0,89,201,0,-1,-1,-1
9972,224,364,1,90,204,0,-1,-1,-1
9975,224,352,1,85,201,0,-1,-1,-1
9977,224,353,1,104,204,0,-1,-1,-1
9978,224,344,0,92,203,0,-1,-1,-1
9979,224,273,37,128,161,0,-1,-1,-1
9981,228,408,15,112,190,0,-1,-1,-1
10032,229,317,74,87,120,0,-1,-1,-1
10036,230,421,2,103,227,0,-1,-1,-1
10053,231,471,33,110,215,0,-1,-1,-1
10059,232,547,0,79,158,0,-1,-1,-1
10060,232,534,11,98,251,0,-1,-1,-1
10061,232,520,9,115,254,0,-1,-1,-1
10080,233,360,80,60,123,0,-1,-1,-1
10140,234,518,0,117,226,0,-1,-1,-1
10156,235,551,0,67,138,0,-1,-1,-1
10250,236,536,4,94,233,0,-1,-1,-1
10278,237,538,0,99,254,0,-1,-1,-1
10287,238,513,4,94,244,0,-1,-1,-1
10307,239,512,6,100,240,0,-1,-1,-1
10422,240,455,4,92,236,0,-1,-1,-1
10424,240,432,11,88,221,0,-1,-1,-1
10490,241,462,120,156,138,0,-1,-1,-1
10549,242,356,22,93,186,0,-1,-1,-1
10663,243,382,33,106,181,0,-1,-1,-1
10663,244,219,49,70,118,0,-1,-1,-1
10663,245,324,32,68,159,0,-1,-1,-1
10663,246,548,98,91,172,0,-1,-1,-1
10664,245,331,71,87,121,0,-1,-1,-1
10677,247,317,8,95,194,0,-1,-1,-1
10678,248,520,28,69,212,0,-1,-1,-1
10709,249,438,3,88,211,0,-1,-1,-1
10712,249,402,109,141,123,0,-1,-1,-1
10807,250,460,79,114,162,0,-1,-1,-1
10839,251,410,10,110,222,0,-1,-1,-1
10839,252,281,40,88,148,0,-1,-1,-1
10958,253,445,1,87,189,0,-1,-1,-1
10959,253,557,0,67,131,0,-1,-1,-1
10966,254,535,0,60,98,0,-1,-1,-1
11042,255,569,0,61,117,0,-1,-1,-1
11116,256,493,32,107,218,0,-1,-1,-1
11117,256,471,141,121,110,0,-1,-1,-1
11141,257,483,1,69,109,0,-1,-1,-1
11184,258,512,78,128,193,0,-1,-1,-1
11185,259,598,0,41,100,0,-1,-1,-1
11218,260,534,113,106,154,0,-1,-1,-1
11258,261,484,8,66,119,0,-1,-1,-1
11550,262,485,104,126,151,0,-1,-1,-1
11613,263,568,0,61,127,0,-1,-1,-1
11647,264,547,0,78,154,0,-1,-1,-1
11684,265,540,162,95,104,0,-1,-1,-1
11725,266,558,1,72,130,0,-1,-1,-1
11748,267,543,99,88,160,0,-1,-1,-1
11765,268,488,4,78,158,0,-1,-1,-1
11771,269,542,41,89,216,0,-1,-1,-1
11772,269,547,34,88,223,0,-1,-1,-1
11773,269,546,31,82,226,0,-1,-1,-1
11775,269,523,28,79,220,0,-1,-1,-1
11777,269,529,30,82,209,0,-1,-1,-1
11786,270,433,35,79,201,0,-1,-1,-1
11787,270,515,31,66,212,0,-1,-1,-1
11788,270,515,31,71,213,0,-1,-1,-1
11789,270,517,30,68,213,0,-1,-1,-1
11790,270,516,30,65,211,0,-1,-1,-1
11791,270,518,28,83,215,0,-1,-1,-1
11792,270,520,25,78,219,0,-1,-1,-1
11793,270,526,33,72,208,0,-1,-1,-1
11794,270,523,33,66,206,0,-1,-1,-1
11795,270,524,28,70,211,0,-1,-1,-1
11796,270,521,29,83,214,0,-1,-1,-1
11799,270,522,35,73,203,0,-1,-1,-1
11804,271,471,5,93,220,0,-1,-1,-1
11804,272,554,0,86,255,0,-1,-1,-1
11805,272,351,18,88,190,0,-1,-1,-1
11805,271,456,4,111,235,0,-1,-1,-1
11806,271,376,2,103,220,0,-1,-1,-1
11806,272,518,0,103,236,0,-1,-1,-1
11881,273,482,50,108,200,0,-1,-1,-1
12185,274,448,78,103,161,0,-1,-1,-1
12192,275,226,76,118,100,0,-1,-1,-1
12199,276,470,29,103,215,0,-1,-1,-1
12270,277,153,50,70,98,0,-1,-1,-1
12273,277,443,35,99,192,0,-1,-1,-1
12290,278,462,122,133,137,0,-1,-1,-1
12299,279,492,24,89,219,0,-1,-1,-1
12313,280,549,16,88,232,0,-1,-1,-1
12314,280,550,15,82,236,0,-1,-1,-1
12315,280,549,16,82,234,0,-1,-1,-1
12316,280,549,14,77,236,0,-1,-1,-1
12317,280,548,15,78,232,0,-1,-1,-1
12318,280,569,13,70,231,0,-1,-1,-1
12320,280,565,13,72,230,0,-1,-1,-1
12321,280,553,29,82,234,0,-1,-1,-1
12332,281,485,0,74,163,0,-1,-1,-1
12358,282,386,98,61,118,0,-1,-1,-1
12360,283,294,95,110,105,0,-1,-1,-1
12361,283,298,94,101,105,0,-1,-1,-1
12362,283,304,96,99,102,0,-1,-1,-1
12365,283,302,94,96,104,0,-1,-1,-1
12389,284,463,113,134,145,0,-1,-1,-1
12390,284,485,94,123,163,0,-1,-1,-1
12392,284,568,3,68,233,0,-1,-1,-1
12444,285,481,11,86,218,0,-1,-1,-1
12449,286,535,68,105,188,0,-1,-1,-1
12478,287,478,34,110,217,0,-1,-1,-1
12494,288,515,51,88,199,0,-1,-1,-1
12495,288,318,61,88,136,0,-1,-1,-1
12495,289,557,44,79,217,0,-1,-1,-1
12496,289,519,40,96,209,0,-1,-1,-1
12496,288,298,61,83,128,0,-1,-1,-1
12497,288,522,23,92,228,0,-1,-1,-1
12498,288,274,57,84,130,0,-1,-1,-1
12499,288,480,0,64,105,0,-1,-1,-1
12500,288,489,31,111,214,0,-1,-1,-1
12500,290,281,63,92,125,0,-1,-1,-1
12501,288,478,20,80,219,0,-1,-1,-1
12502,288,480,17,74,225,0,-1,-1,-1
12502,291,381,70,78,134,0,-1,-1,-1
12503,288,483,22,77,219,0,-1,-1,-1
12506,288,412,16,105,201,0,-1,-1,-1
12506,292,544,32,88,236,0,-1,-1,-1
12507,288,444,27,85,205,0,-1,-1,-1
12507,292,381,59,72,152,0,-1,-1,-1
12510,293,323,73,91,128,0,-1,-1,-1
12510,288,421,32,96,184,0,-1,-1,-1
12511,293,338,72,73,132,0,-1,-1,-1
12511,288,415,28,106,191,0,-1,-1,-1
12512,293,329,74,83,125,0,-1,-1,-1
12515,294,481,30,73,207,0,-1,-1,-1
12526,295,506,36,83,210,0,-1,-1,-1
12529,295,454,31,87,206,0,-1,-1,-1
12532,296,522,15,87,230,0,-1,-1,-1
12533,297,490,51,98,193,0,-1,-1,-1
12562,298,579,12,59,232,0,-1,-1,-1
12565,298,324,34,160,179,0,-1,-1,-1
12565,299,314,26,86,161,0,-1,-1,-1
12565,300,258,65,71,109,0,-1,-1,-1
12566,300,520,31,95,215,0,-1,-1,-1
12567,300,522,57,88,201,0,-1,-1,-1
12568,300,518,30,76,214,0,-1,-1,-1
12569,300,520,28,79,216,0,-1,-1,-1
12575,301,557,12,78,237,0,-1,-1,-1
12576,302,577,7,62,242,0,-1,-1,-1
12577,302,517,73,104,172,0,-1,-1,-1
12578,302,524,33,80,209,0,-1,-1,-1
12583,303,419,7,102,222,0,-1,-1,-1
12584,303,432,15,108,209,0,-1,-1,-1
12586,303,573,10,63,252,0,-1,-1,-1
12598,304,479,0,81,239,0,-1,-1,-1
12604,305,469,26,103,220,0,-1,-1,-1
12618,306,526,1,89,235,0,-1,-1,-1
12625,307,410,127,103,106,0,-1,-1,-1
12625,308,559,172,80,93,0,-1,-1,-1
12631,309,410,95,163,153,0,-1,-1,-1
12642,310,496,94,142,178,0,-1,-1,-1
12643,311,503,0,64,135,0,-1,-1,-1
12654,312,487,0,80,164,0,-1,-1,-1
12656,312,355,47,97,171,0,-1,-1,-1
12659,313,417,11,75,183,0,-1,-1,-1
12660,313,488,53,86,194,0,-1,-1,-1
12661,313,410,2,91,220,0,-1,-1,-1
12661,314,528,45,76,202,0,-1,-1,-1
12662,313,418,13,74,171,0,-1,-1,-1
12663,313,500,25,73,214,0,-1,-1,-1
12664,313,504,142,91,109,0,-1,-1,-1
12665,315,432,2,91,229,0,-1,-1,-1
12666,315,447,0,77,156,0,-1,-1,-1
12666,313,550,21,81,235,0,-1,-1,-1
12667,313,455,1,86,216,0,-1,-1,-1
12667,316,552,10,81,232,0,-1,-1,-1
12668,315,446,1,77,157,0,-1,-1,-1
12668,313,568,11,70,246,0,-1,-1,-1
12669,315,446,0,77,157,0,-1,-1,-1
12669,313,525,123,98,125,0,-1,-1,-1
12670,315,446,0,76,161,0,-1,-1,-1
12670,313,528,75,107,170,0,-1,-1,-1
12671,315,446,0,74,158,0,-1,-1,-1
12671,313,539,26,100,239,0,-1,-1,-1
12672,313,533,128,90,125,0,-1,-1,-1
12673,313,532,113,91,141,0,-1,-1,-1
12673,315,445,0,78,155,0,-1,-1,-1
12674,313,534,8,96,250,0,-1,-1,-1
12674,315,447,0,73,155,0,-1,-1,-1
12675,313,553,115,84,145,0,-1,-1,-1
12676,315,447,1,80,154,0,-1,-1,-1
12677,315,448,1,75,154,0,-1,-1,-1
12678,315,374,0,103,199,0,-1,-1,-1
12679,317,403,2,106,223,0,-1,-1,-1
12680,317,426,0,107,228,0,-1,-1,-1
12681,317,454,0,72,140,0,-1,-1,-1
12683,317,361,55,73,142,0,-1,-1,-1
12684,317,519,10,96,237,0,-1,-1,-1
12685,317,536,102,97,147,0,-1,-1,-1
12685,318,481,0,73,108,0,-1,-1,-1
12686,317,439,96,84,134,0,-1,-1,-1
12686,318,493,0,62,108,0,-1,-1,-1
12687,317,453,0,98,241,0,-1,-1,-1
12688,319,511,117,97,116,0,-1,-1,-1
12689,318,488,0,64,110,0,-1,-1,-1
12691,318,350,57,82,135,0,-1,-1,-1
12691,320,484,1,69,107,0,-1,-1,-1
12692,318,351,54,88,146,0,-1,-1,-1
12693,320,491,0,66,111,0,-1,-1,-1
12694,320,492,0,71,113,0,-1,-1,-1
12695,320,538,34,99,223,0,-1,-1,-1
12695,321,494,0,71,103,0,-1,-1,-1
12696,321,496,0,67,109,0,-1,-1,-1
12696,320,292,97,65,90,0,-1,-1,-1
12696,322,429,24,84,196,0,-1,-1,-1
12697,322,427,3,120,221,0,-1,-1,-1
12705,323,491,0,63,116,0,-1,-1,-1
12706,323,488,0,64,116,0,-1,-1,-1
12707,323,490,0,64,111,0,-1,-1,-1
12708,323,483,1,69,105,0,-1,-1,-1
12708,324,550,97,79,165,0,-1,-1,-1
12710,324,440,128,107,116,0,-1,-1,-1
12711,324,455,119,99,132,0,-1,-1,-1
12712,325,472,2,88,106,0,-1,-1,-1
12713,324,521,131,109,128,0,-1,-1,-1
12715,325,478,2,79,104,0,-1,-1,-1
12719,326,460,57,139,190,0,-1,-1,-1
12720,326,551,0,86,267,0,-1,-1,-1
12724,327,314,56,77,131,0,-1,-1,-1
12725,327,437,7,84,207,0,-1,-1,-1
12725,328,354,41,68,162,0,-1,-1,-1
12729,329,434,107,98,130,0,-1,-1,-1
12729,330,525,25,66,220,0,-1,-1,-1
12730,330,264,57,104,135,0,-1,-1,-1
12730,329,515,16,83,235,0,-1,-1,-1
12731,329,511,8,86,222,0,-1,-1,-1
12732,329,499,0,98,234,0,-1,-1,-1
12733,329,413,8,111,221,0,-1,-1,-1
12733,330,499,2,108,229,0,-1,-1,-1
12733,331,310,38,75,144,0,-1,-1,-1
12733,332,382,23,73,166,0,-1,-1,-1
12734,330,511,10,63,226,0,-1,-1,-1
12734,329,269,21,97,166,0,-1,-1,-1
12734,331,395,65,145,172,0,-1,-1,-1
12735,331,439,112,119,122,0,-1,-1,-1
12736,331,506,9,78,224,0,-1,-1,-1
12737,333,429,69,109,167,0,-1,-1,-1
12738,333,497,1,96,235,0,-1,-1,-1
12739,333,565,0,68,244,0,-1,-1,-1
12740,333,552,101,84,133,0,-1,-1,-1
12747,334,567,0,70,252,0,-1,-1,-1
12748,334,559,116,80,115,0,-1,-1,-1
12749,334,520,89,89,116,0,-1,-1,-1
12751,334,508,10,121,199,0,-1,-1,-1
12753,335,486,0,76,162,0,-1,-1,-1
12754,335,553,0,83,257,0,-1,-1,-1
12756,335,423,14,95,210,0,-1,-1,-1
12757,335,450,11,87,217,0,-1,-1,-1
12758,335,425,27,92,196,0,-1,-1,-1
12759,335,417,9,115,206,0,-1,-1,-1
12760,335,404,8,159,224,0,-1,-1,-1
12761,335,437,24,98,207,0,-1,-1,-1
12762,335,405,8,166,227,0,-1,-1,-1
12763,335,396,3,135,212,0,-1,-1,-1
12765,335,434,15,114,213,0,-1,-1,-1
12766,335,448,16,94,222,0,-1,-1,-1
12767,335,502,33,116,209,0,-1,-1,-1
12768,335,519,38,89,213,0,-1,-1,-1
12769,335,430,10,88,214,0,-1,-1,-1
12770,335,472,43,140,196,0,-1,-1,-1
12771,335,487,6,95,238,0,-1,-1,-1
12773,335,418,6,132,228,0,-1,-1,-1
12776,335,512,4,90,226,0,-1,-1,-1
12777,335,522,1,68,225,0,-1,-1,-1
12779,335,515,2,57,236,0,-1,-1,-1
12780,335,515,4,59,232,0,-1,-1,-1
12781,335,507,3,72,228,0,-1,-1,-1
12782,335,518,12,72,224,0,-1,-1,-1
12783,335,516,17,100,225,0,-1,-1,-1
12784,335,530,71,105,184,0,-1,-1,-1
12785,335,541,15,82,227,0,-1,-1,-1
12786,335,531,22,72,211,0,-1,-1,-1
12786,336,407,122,95,104,0,-1,-1,-1
12787,335,531,7,63,230,0,-1,-1,-1
12788,335,532,5,65,227,0,-1,-1,-1
12789,335,532,6,63,226,0,-1,-1,-1
12791,335,539,25,81,220,0,-1,-1,-1
12794,337,457,36,110,188,0,-1,-1,-1
12795,338,493,35,107,208,0,-1,-1,-1
12796,338,484,31,155,246,0,-1,-1,-1
12797,338,563,30,74,237,0,-1,-1,-1
12804,339,420,57,130,175,0,-1,-1,-1
12806,339,572,9,65,233,0,-1,-1,-1
12807,339,246,48,88,123,0,-1,-1,-1
12807,340,504,8,132,234,0,-1,-1,-1
12808,340,294,65,94,128,0,-1,-1,-1
12809,340,562,14,77,234,0,-1,-1,-1
12812,340,536,5,102,230,0,-1,-1,-1
12816,341,423,23,118,192,0,-1,-1,-1
12817,341,543,142,97,127,0,-1,-1,-1
12818,342,253,28,87,146,0,-1,-1,-1
12818,343,436,17,111,214,0,-1,-1,-1
12819,343,475,66,140,179,0,-1,-1,-1
12820,343,523,15,89,230,0,-1,-1,-1
12822,344,427,87,113,149,0,-1,-1,-1
12826,345,426,94,117,139,0,-1,-1,-1
12828,345,442,26,101,213,0,-1,-1,-1
12831,345,457,131,86,103,0,-1,-1,-1
12832,345,396,97,110,131,0,-1,-1,-1
12834,345,405,130,121,101,0,-1,-1,-1
12834,346,536,62,104,199,0,-1,-1,-1
12836,345,265,67,68,113,0,-1,-1,-1
12836,347,551,52,83,213,0,-1,-1,-1
12837,347,381,124,102,96,0,-1,-1,-1
12840,347,547,65,84,195,0,-1,-1,-1
12841,347,556,58,80,206,0,-1,-1,-1
12842,347,524,30,85,222,0,-1,-1,-1
12843,347,470,64,141,184,0,-1,-1,-1
12843,348,225,72,104,109,0,-1,-1,-1
12844,347,535,49,87,206,0,-1,-1,-1
12846,347,458,117,112,122,0,-1,-1,-1
12848,347,470,140,110,101,0,-1,-1,-1
12849,347,520,52,93,209,0,-1,-1,-1
12850,347,492,76,110,166,0,-1,-1,-1
12851,347,513,95,96,152,0,-1,-1,-1
12852,347,529,26,74,226,0,-1,-1,-1
12852,349,430,124,90,111,0,-1,-1,-1
12854,347,515,24,100,201,0,-1,-1,-1
12855,349,419,24,93,207,0,-1,-1,-1
12856,349,549,20,87,230,0,-1,-1,-1
12857,349,430,14,122,203,0,-1,-1,-1
12859,349,490,20,69,221,0,-1,-1,-1
12869,350,413,115,85,111,0,-1,-1,-1
12874,351,532,13,106,242,0,-1,-1,-1
12876,352,384,54,69,160,0,-1,-1,-1
12884,353,428,7,114,181,0,-1,-1,-1
12885,353,428,12,126,200,0,-1,-1,-1
12886,354,313,58,91,140,0,-1,-1,-1
12887,354,545,36,90,221,0,-1,-1,-1
12888,354,429,0,82,201,0,-1,-1,-1
12891,354,492,0,92,231,0,-1,-1,-1
12892,354,410,9,141,215,0,-1,-1,-1
12893,354,477,4,76,224,0,-1,-1,-1
12896,354,385,52,148,184,0,-1,-1,-1
12897,354,488,3,84,236,0,-1,-1,-1
12898,354,268,91,77,93,0,-1,-1,-1
12899,355,443,2,82,205,0,-1,-1,-1
12900,355,438,0,92,198,0,-1,-1,-1
12901,355,386,103,91,121,0,-1,-1,-1
12907,356,438,17,100,210,0,-1,-1,-1
12910,356,443,1,74,201,0,-1,-1,-1
12931,357,561,11,74,241,0,-1,-1,-1
12941,358,540,75,99,195,0,-1,-1,-1
12947,359,508,67,119,194,0,-1,-1,-1
12950,359,518,75,111,183,0,-1,-1,-1
12955,360,460,43,166,215,0,-1,-1,-1
12956,361,550,31,84,225,0,-1,-1,-1
12957,362,379,115,134,112,0,-1,-1,-1
12957,361,540,31,86,222,0,-1,-1,-1
12958,361,470,136,165,129,0,-1,-1,-1
12962,363,501,93,135,165,0,-1,-1,-1
12964,363,279,99,115,91,0,-1,-1,-1
12964,364,448,21,106,220,0,-1,-1,-1
12966,365,549,73,89,201,0,-1,-1,-1
12967,365,497,108,142,152,0,-1,-1,-1
12969,366,401,80,105,141,0,-1,-1,-1
12971,366,466,119,163,146,0,-1,-1,-1
12972,366,498,86,107,175,0,-1,-1,-1
12973,366,489,96,138,163,0,-1,-1,-1
12974,366,490,100,139,159,0,-1,-1,-1
12976,366,470,96,159,167,0,-1,-1,-1
12978,366,555,122,83,154,0,-1,-1,-1
12984,367,495,83,143,179,0,-1,-1,-1
12985,367,558,36,80,228,0,-1,-1,-1
12985,368,441,94,104,136,0,-1,-1,-1
12987,369,443,38,109,201,0,-1,-1,-1
12988,369,478,31,105,200,0,-1,-1,-1
12990,369,485,81,131,181,0,-1,-1,-1
12992,369,505,96,115,157,0,-1,-1,-1
12993,369,469,113,124,139,0,-1,-1,-1
12994,369,500,78,110,178,0,-1,-1,-1
12995,369,508,95,132,181,0,-1,-1,-1
12996,369,497,83,134,177,0,-1,-1,-1
12997,369,522,143,106,119,0,-1,-1,-1
12999,369,531,105,108,158,0,-1,-1,-1
12999,370,458,31,100,197,0,-1,-1,-1
13003,371,497,31,108,219,0,-1,-1,-1
13005,371,464,80,101,169,0,-1,-1,-1
13006,371,525,25,67,215,0,-1,-1,-1
13006,372,349,62,87,150,0,-1,-1,-1
13011,373,465,105,141,149,0,-1,-1,-1
13012,373,444,81,114,159,0,-1,-1,-1
13012,374,579,46,60,223,0,-1,-1,-1
13013,373,462,85,104,153,0,-1,-1,-1
13014,373,455,92,101,154,0,-1,-1,-1
13014,374,576,40,64,229,0,-1,-1,-1
13015,373,470,107,146,154,0,-1,-1,-1
13016,373,482,89,109,164,0,-1,-1,-1
13018,373,244,85,95,96,0,-1,-1,-1
13018,375,465,92,102,152,0,-1,-1,-1
13019,375,450,85,101,157,0,-1,-1,-1
13019,376,262,19,84,160,0,-1,-1,-1
13020,375,456,73,179,186,0,-1,-1,-1
13026,377,505,96,106,163,0,-1,-1,-1
13027,377,451,104,89,135,0,-1,-1,-1
13038,378,462,92,177,194,0,-1,-1,-1
13042,379,520,69,109,192,0,-1,-1,-1
13043,379,408,93,93,136,0,-1,-1,-1
13044,379,554,49,86,208,0,-1,-1,-1
13047,379,472,106,100,135,0,-1,-1,-1
13047,380,545,56,95,197,0,-1,-1,-1
13050,379,469,114,145,145,0,-1,-1,-1
13052,379,509,0,78,120,0,-1,-1,-1
13053,381,166,24,83,130,0,-1,-1,-1
13053,382,290,52,125,147,0,-1,-1,-1
13057,383,504,81,114,182,0,-1,-1,-1
13059,383,419,28,133,207,0,-1,-1,-1
13061,383,540,76,97,192,0,-1,-1,-1
13063,383,211,68,103,103,0,-1,-1,-1
13065,384,211,36,93,133,0,-1,-1,-1
13070,385,422,31,111,200,0,-1,-1,-1
13075,386,435,67,116,169,0,-1,-1,-1
13076,386,453,0,95,231,0,-1,-1,-1
13077,387,444,0,72,223,0,-1,-1,-1
13078,387,468,1,89,233,0,-1,-1,-1
13081,387,550,10,85,189,0,-1,-1,-1
13084,387,320,88,97,107,0,-1,-1,-1
13085,388,440,2,81,123,0,-1,-1,-1
13087,387,562,1,69,140,0,-1,-1,-1
13090,389,493,0,65,125,0,-1,-1,-1
13090,390,436,2,56,146,0,-1,-1,-1
13090,387,547,0,74,158,0,-1,-1,-1
13091,387,555,0,71,158,0,-1,-1,-1
13092,390,456,2,85,209,0,-1,-1,-1
13093,390,549,18,79,174,0,-1,-1,-1
13094,390,549,4,83,183,0,-1,-1,-1
13095,391,499,0,68,148,0,-1,-1,-1
13096,391,548,3,89,184,0,-1,-1,-1
13097,392,425,72,128,167,0,-1,-1,-1
13098,392,488,0,72,137,0,-1,-1,-1
13098,393,549,11,83,176,0,-1,-1,-1
13099,393,546,4,86,187,0,-1,-1,-1
13100,393,540,5,96,187,0,-1,-1,-1
13101,393,545,4,90,189,0,-1,-1,-1
13101,392,468,0,55,155,0,-1,-1,-1
13102,393,540,6,90,190,0,-1,-1,-1
13105,394,455,0,79,125,0,-1,-1,-1
13107,394,538,1,98,190,0,-1,-1,-1
13109,395,509,0,94,197,0,-1,-1,-1
13111,395,486,0,65,158,0,-1,-1,-1
13111,396,550,2,82,187,0,-1,-1,-1
13112,395,446,0,71,139,0,-1,-1,-1
13113,395,445,0,77,139,0,-1,-1,-1
13113,396,547,4,85,186,0,-1,-1,-1
13114,395,447,0,73,139,0,-1,-1,-1
13116,395,553,0,66,137,0,-1,-1,-1
13116,397,452,0,69,150,0,-1,-1,-1
13116,398,425,0,85,189,0,-1,-1,-1
13117,398,448,40,77,156,0,-1,-1,-1
13118,398,479,0,74,140,0,-1,-1,-1
13118,397,551,20,71,218,0,-1,-1,-1
13119,398,467,0,110,183,0,-1,-1,-1
13120,398,492,0,98,198,0,-1,-1,-1
13122,398,527,1,54,110,0,-1,-1,-1
13125,398,526,7,71,122,0,-1,-1,-1
13126,398,513,0,81,153,0,-1,-1,-1
13129,398,503,0,98,138,0,-1,-1,-1
13130,398,514,0,83,139,0,-1,-1,-1
13131,398,510,0,95,139,0,-1,-1,-1
13133,398,505,1,95,139,0,-1,-1,-1
13134,398,506,1,100,139,0,-1,-1,-1
13135,398,503,0,103,140,0,-1,-1,-1
13136,399,506,0,106,161,0,-1,-1,-1
13137,399,489,3,81,129,0,-1,-1,-1
13144,400,559,3,65,121,0,-1,-1,-1
13145,400,543,6,91,120,0,-1,-1,-1
13153,401,498,0,107,164,0,-1,-1,-1
13157,402,543,4,94,180,0,-1,-1,-1
13158,403,498,0,62,158,0,-1,-1,-1
13165,404,498,0,62,152,0,-1,-1,-1
13169,405,512,0,82,157,0,-1,-1,-1
13172,405,501,0,106,165,0,-1,-1,-1
13174,405,507,0,110,162,0,-1,-1,-1
13175,405,509,0,105,162,0,-1,-1,-1
13176,405,506,0,107,161,0,-1,-1,-1
13185,406,514,0,83,158,0,-1,-1,-1
13186,406,518,0,73,155,0,-1,-1,-1
13187,406,515,0,81,155,0,-1,-1,-1
13188,406,516,0,81,156,0,-1,-1,-1
13189,406,509,0,85,152,0,-1,-1,-1
13190,406,509,0,86,153,0,-1,-1,-1
13192,406,530,0,105,193,0,-1,-1,-1
13200,407,490,33,116,200,0,-1,-1,-1
13200,408,425,18,96,212,0,-1,-1,-1
13201,407,570,41,69,222,0,-1,-1,-1
13205,409,555,0,81,217,0,-1,-1,-1
13206,409,540,11,92,183,0,-1,-1,-1
13211,410,548,1,84,188,0,-1,-1,-1
13213,410,548,3,84,196,0,-1,-1,-1
13218,411,556,2,77,201,0,-1,-1,-1
13219,411,565,0,72,232,0,-1,-1,-1
13224,412,552,19,76,224,0,-1,-1,-1
13225,412,508,12,94,236,0,-1,-1,-1
13250,413,436,0,98,205,0,-1,-1,-1
13260,414,538,5,82,232,0,-1,-1,-1
13273,415,401,14,104,214,0,-1,-1,-1
13280,416,474,20,82,224,0,-1,-1,-1
13288,417,574,0,55,106,0,-1,-1,-1
13291,417,492,66,148,231,0,-1,-1,-1
13295,418,506,52,94,192,0,-1,-1,-1
13297,418,513,25,84,230,0,-1,-1,-1
13298,419,458,9,123,223,0,-1,-1,-1
13305,420,390,15,108,199,0,-1,-1,-1
13310,421,395,71,99,155,0,-1,-1,-1
13312,421,504,22,86,224,0,-1,-1,-1
13313,421,515,22,92,222,0,-1,-1,-1
13317,422,443,2,92,222,0,-1,-1,-1
13321,423,530,1,94,231,0,-1,-1,-1
13322,423,518,8,83,238,0,-1,-1,-1
13325,424,419,18,87,205,0,-1,-1,-1
13326,425,357,23,93,189,0,-1,-1,-1
13327,425,535,3,88,207,0,-1,-1,-1
13340,426,414,119,96,101,0,-1,-1,-1
13346,427,450,118,76,114,0,-1,-1,-1
13348,427,453,95,87,142,0,-1,-1,-1
13352,428,410,109,98,123,0,-1,-1,-1
13354,428,404,103,101,127,0,-1,-1,-1
13358,429,432,113,90,120,0,-1,-1,-1
13362,430,414,86,111,142,0,-1,-1,-1
13367,431,408,104,92,117,0,-1,-1,-1
13372,432,375,66,85,146,0,-1,-1,-1
13375,432,458,1,87,196,0,-1,-1,-1
13378,432,417,54,77,159,0,-1,-1,-1
13380,432,565,7,72,247,0,-1,-1,-1
13380,433,344,79,73,122,0,-1,-1,-1
13383,432,450,0,131,176,0,-1,-1,-1
13384,432,358,69,115,148,0,-1,-1,-1
13386,432,371,26,109,184,0,-1,-1,-1
13389,432,358,7,94,207,0,-1,-1,-1
13389,434,263,87,63,89,0,-1,-1,-1
13391,434,433,5,104,201,0,-1,-1,-1
13392,434,315,93,154,121,0,-1,-1,-1
13393,435,395,86,73,129,0,-1,-1,-1
13396,436,223,47,109,126,0,-1,-1,-1
13407,437,374,40,88,175,0,-1,-1,-1
13414,438,565,1,70,141,0,-1,-1,-1
13415,439,425,23,91,200,0,-1,-1,-1
13445,440,488,74,91,175,0,-1,-1,-1
13446,440,528,90,105,173,0,-1,-1,-1
13453,441,450,68,175,166,0,-1,-1,-1
13459,442,502,30,133,225,0,-1,-1,-1
13460,442,470,116,103,124,0,-1,-1,-1
13461,442,486,99,132,165,0,-1,-1,-1
13463,442,470,131,114,109,0,-1,-1,-1
13464,442,436,117,109,115,0,-1,-1,-1
13466,442,401,113,104,112,0,-1,-1,-1
13467,442,572,8,68,245,0,-1,-1,-1
13467,443,404,118,85,99,0,-1,-1,-1
13468,442,571,9,68,243,0,-1,-1,-1
13469,442,573,11,66,240,0,-1,-1,-1
13470,442,436,40,122,185,0,-1,-1,-1
13471,442,410,61,169,187,0,-1,-1,-1
13472,442,528,40,108,221,0,-1,-1,-1
13473,442,548,27,90,211,0,-1,-1,-1
13474,442,560,0,69,241,0,-1,-1,-1
13474,444,351,0,224,231,0,-1,-1,-1
13475,442,497,9,115,251,0,-1,-1,-1
13478,442,543,30,95,235,0,-1,-1,-1
13480,442,571,15,69,239,0,-1,-1,-1
13481,442,549,65,91,190,0,-1,-1,-1
13482,442,562,38,77,227,0,-1,-1,-1
13483,442,308,31,121,165,0,-1,-1,-1
13484,442,544,24,96,246,0,-1,-1,-1
13497,445,525,26,112,231,0,-1,-1,-1
13507,446,359,12,115,193,0,-1,-1,-1
13509,446,306,89,89,106,0,-1,-1,-1
13510,446,566,3,74,228,0,-1,-1,-1
13510,447,417,20,111,204,0,-1,-1,-1
13514,448,540,23,97,219,0,-1,-1,-1
13516,449,492,122,146,141,0,-1,-1,-1
13530,450,500,80,109,172,0,-1,-1,-1
13533,450,337,68,150,135,0,-1,-1,-1
13537,451,517,0,65,125,0,-1,-1,-1
13551,452,441,3,77,224,0,-1,-1,-1
13551,453,496,9,108,234,0,-1,-1,-1
13553,453,546,0,93,81,0,-1,-1,-1
13570,454,202,66,81,103,0,-1,-1,-1
13570,455,483,6,70,217,0,-1,-1,-1
13572,455,583,8,57,243,0,-1,-1,-1
13573,455,485,26,146,223,0,-1,-1,-1
13575,455,545,0,82,248,0,-1,-1,-1
13580,456,538,2,87,225,0,-1,-1,-1
13597,457,415,46,75,177,0,-1,-1,-1
13608,458,426,59,67,149,0,-1,-1,-1
13619,459,583,42,57,229,0,-1,-1,-1
13624,460,550,47,75,219,0,-1,-1,-1
13625,460,543,101,97,156,0,-1,-1,-1
13626,460,552,51,80,203,0,-1,-1,-1
13627,460,557,55,81,200,0,-1,-1,-1
13628,461,411,14,114,209,0,-1,-1,-1
13629,461,407,93,77,124,0,-1,-1,-1
13631,461,552,45,87,212,0,-1,-1,-1
13638,462,497,0,55,110,0,-1,-1,-1
13639,462,499,0,54,108,0,-1,-1,-1
13640,462,495,0,63,108,0,-1,-1,-1
13642,462,547,40,77,216,0,-1,-1,-1
13642,463,502,0,50,109,0,-1,-1,-1
13643,463,545,85,85,181,0,-1,-1,-1
13643,464,479,0,70,103,0,-1,-1,-1
13661,465,577,47,63,221,0,-1,-1,-1
13666,466,504,144,129,120,0,-1,-1,-1
13678,467,511,75,123,191,0,-1,-1,-1
13679,467,551,35,77,228,0,-1,-1,-1
13697,468,500,138,88,115,0,-1,-1,-1
13712,469,436,134,120,110,0,-1,-1,-1
13727,470,532,149,108,115,0,-1,-1,-1
13728,470,564,44,73,226,0,-1,-1,-1
13729,470,553,60,83,205,0,-1,-1,-1
13747,471,528,86,100,169,0,-1,-1,-1
13927,472,546,70,93,204,0,-1,-1,-1
13957,473,422,6,103,223,0,-1,-1,-1
13958,473,485,34,83,204,0,-1,-1,-1
13962,474,517,151,123,118,0,-1,-1,-1
13966,475,472,13,82,227,0,-1,-1,-1
13967,475,543,106,85,150,0,-1,-1,-1
13999,476,580,37,60,239,0,-1,-1,-1
14001,476,550,33,87,235,0,-1,-1,-1
14002,476,553,39,86,235,0,-1,-1,-1
14005,476,491,18,82,211,0,-1,-1,-1
14006,476,555,66,83,195,0,-1,-1,-1
14012,477,517,175,90,82,0,-1,-1,-1
14013,478,475,11,81,229,0,-1,-1,-1
14023,479,544,84,93,184,0,-1,-1,-1
14031,480,532,9,105,250,0,-1,-1,-1
14034,480,528,6,102,251,0,-1,-1,-1
14034,481,311,114,96,79,0,-1,-1,-1
14035,481,397,130,185,114,0,-1,-1,-1
14039,482,521,1,93,236,0,-1,-1,-1
14042,482,373,17,113,199,0,-1,-1,-1
14042,483,488,13,146,217,0,-1,-1,-1
14076,484,450,13,83,207,0,-1,-1,-1
14093,485,549,2,85,177,0,-1,-1,-1
14095,485,543,0,91,180,0,-1,-1,-1
14106,486,566,0,58,100,0,-1,-1,-1
14107,486,573,0,51,99,0,-1,-1,-1
14110,486,569,0,59,121,0,-1,-1,-1
14201,487,485,0,76,153,0,-1,-1,-1
14202,488,564,27,75,115,0,-1,-1,-1
14355,489,120,38,81,101,0,-1,-1,-1
14448,490,464,155,126,100,0,-1,-1,-1
14574,491,373,5,170,224,0,-1,-1,-1
15367,492,278,89,105,102,0,-1,-1,-1
16029,493,421,3,91,217,0,-1,-1,-1
16168,494,325,63,89,136,0,-1,-1,-1
