259,0,126,12,88,229,0,-1,-1,-1
292,1,430,0,62,100,0,-1,-1,-1
510,2,367,1,47,91,0,-1,-1,-1
732,3,407,0,83,83,0,-1,-1,-1
1125,4,454,0,81,84,0,-1,-1,-1
1134,5,305,0,60,100,0,-1,-1,-1
1135,5,391,2,67,119,0,-1,-1,-1
1146,6,386,0,68,100,0,-1,-1,-1
1147,6,394,0,80,88,0,-1,-1,-1
1308,7,240,3,34,57,0,-1,-1,-1
1317,8,394,0,71,90,0,-1,-1,-1
1545,9,429,5,61,127,0,-1,-1,-1
1547,9,154,2,58,161,0,-1,-1,-1
1548,10,0,62,99,276,0,-1,-1,-1
1796,11,190,0,51,87,0,-1,-1,-1
1797,11,2,28,111,257,0,-1,-1,-1
1800,11,401,26,135,318,0,-1,-1,-1
2858,12,422,0,70,81,0,-1,-1,-1
2902,13,491,1,61,130,0,-1,-1,-1
3216,14,418,0,73,170,0,-1,-1,-1
3444,15,14,192,139,162,0,-1,-1,-1
3533,16,563,0,58,97,0,-1,-1,-1
3797,17,293,0,43,46,0,-1,-1,-1
3857,18,163,0,51,113,0,-1,-1,-1
3858,18,224,0,51,138,0,-1,-1,-1
3859,19,37,87,81,149,0,-1,-1,-1
3862,19,31,189,139,166,0,-1,-1,-1
3866,20,436,26,84,224,0,-1,-1,-1
3867,20,454,12,81,155,0,-1,-1,-1
4083,21,271,0,39,57,0,-1,-1,-1
4106,22,418,0,75,93,0,-1,-1,-1
4107,22,224,0,46,53,0,-1,-1,-1
4220,23,458,0,65,130,0,-1,-1,-1
4221,23,26,237,141,117,0,-1,-1,-1
4222,23,242,8,45,106,0,-1,-1,-1
4242,24,95,136,129,213,0,-1,-1,-1
4242,25,176,10,102,270,0,-1,-1,-1
4243,24,451,11,68,159,0,-1,-1,-1
4245,24,419,2,74,126,0,-1,-1,-1
4250,26,223,36,94,298,0,-1,-1,-1
4255,27,195,9,95,249,0,-1,-1,-1
4299,28,178,1,96,239,0,-1,-1,-1
4311,29,360,13,123,305,0,-1,-1,-1
4409,30,194,17,50,138,0,-1,-1,-1
4410,30,1,1,110,230,0,-1,-1,-1
4412,30,85,3,59,156,0,-1,-1,-1
4614,31,189,0,69,162,0,-1,-1,-1
4686,32,542,0,76,131,0,-1,-1,-1
5101,33,457,0,76,99,0,-1,-1,-1
5426,34,374,3,50,102,0,-1,-1,-1
5846,35,223,0,70,150,0,-1,-1,-1
6022,36,452,0,76,119,0,-1,-1,-1
6074,37,419,0,77,87,0,-1,-1,-1
6268,38,365,18,85,257,0,-1,-1,-1
6326,39,278,0,75,78,0,-1,-1,-1
6327,39,82,63,116,272,0,-1,-1,-1
6335,40,0,100,92,251,0,-1,-1,-1
6336,40,163,2,61,136,0,-1,-1,-1
6336,41,551,0,83,108,0,-1,-1,-1
6340,42,530,2,67,96,0,-1,-1,-1
6379,43,122,1,66,138,0,-1,-1,-1
6380,43,121,2,65,135,0,-1,-1,-1
6382,43,125,6,55,131,0,-1,-1,-1
6386,44,117,0,59,97,0,-1,-1,-1
6405,45,355,27,108,281,0,-1,-1,-1
6407,46,493,0,65,97,0,-1,-1,-1
6413,47,89,4,66,124,0,-1,-1,-1
6414,47,19,28,108,236,0,-1,-1,-1
6414,48,152,0,55,90,0,-1,-1,-1
6418,49,331,36,136,301,0,-1,-1,-1
6418,50,458,56,148,249,0,-1,-1,-1
6432,51,143,213,137,135,0,-1,-1,-1
6437,52,375,0,69,105,0,-1,-1,-1
6439,53,441,0,68,89,0,-1,-1,-1
6636,54,494,0,63,90,0,-1,-1,-1
6638,54,241,0,28,56,0,-1,-1,-1
6639,54,453,0,66,85,0,-1,-1,-1
6648,55,554,1,74,110,0,-1,-1,-1
6687,56,249,1,75,119,0,-1,-1,-1
6741,57,260,0,53,94,0,-1,-1,-1
6741,58,219,0,58,106,0,-1,-1,-1
6742,59,509,38,97,249,0,-1,-1,-1
6746,60,526,49,114,237,0,-1,-1,-1
6746,61,402,28,79,238,0,-1,-1,-1
6752,62,465,0,66,92,0,-1,-1,-1
6817,63,168,0,54,91,0,-1,-1,-1
6828,64,442,0,64,87,0,-1,-1,-1
6880,65,291,0,53,49,0,-1,-1,-1
6919,66,384,0,61,131,0,-1,-1,-1
6919,67,319,2,60,122,0,-1,-1,-1
6920,67,408,17,126,327,0,-1,-1,-1
6925,68,589,1,49,95,0,-1,-1,-1
6928,69,205,124,174,227,0,-1,-1,-1
6929,69,212,121,146,223,0,-1,-1,-1
6929,70,330,171,151,172,0,-1,-1,-1
6930,69,208,165,181,182,0,-1,-1,-1
6930,70,351,231,116,113,0,-1,-1,-1
6931,70,216,164,163,183,0,-1,-1,-1
6931,69,353,220,135,125,0,-1,-1,-1
6932,70,251,170,200,173,0,-1,-1,-1
6932,69,561,1,73,127,0,-1,-1,-1
6932,71,449,0,69,108,0,-1,-1,-1
6933,70,239,144,149,199,0,-1,-1,-1
6933,71,223,0,61,97,0,-1,-1,-1
6933,69,358,224,110,116,0,-1,-1,-1
6934,69,239,147,147,199,0,-1,-1,-1
6934,70,361,202,125,143,0,-1,-1,-1
6935,70,254,164,162,180,0,-1,-1,-1
6935,72,374,215,106,121,0,-1,-1,-1
6936,70,338,173,147,175,0,-1,-1,-1
6936,69,245,174,131,179,0,-1,-1,-1
6937,70,150,162,185,183,0,-1,-1,-1
6938,70,164,161,163,185,0,-1,-1,-1
6939,70,160,164,166,180,0,-1,-1,-1
6939,73,374,264,92,80,0,-1,-1,-1
6940,70,216,169,177,178,0,-1,-1,-1
6940,73,334,228,115,111,0,-1,-1,-1
6942,70,150,171,192,178,0,-1,-1,-1
6944,70,418,52,142,289,0,-1,-1,-1
6950,74,555,0,80,111,0,-1,-1,-1
6951,75,293,0,41,49,0,-1,-1,-1
6991,76,304,55,91,288,0,-1,-1,-1
6991,77,212,32,92,249,0,-1,-1,-1
6991,78,407,1,117,344,0,-1,-1,-1
6991,79,528,21,109,214,0,-1,-1,-1
6992,79,468,16,126,247,0,-1,-1,-1
6992,76,104,208,180,148,0,-1,-1,-1
6994,76,438,37,101,260,0,-1,-1,-1
6994,79,308,18,128,276,0,-1,-1,-1
6994,78,122,120,106,219,0,-1,-1,-1
6994,77,505,71,112,216,0,-1,-1,-1
6994,80,207,192,124,157,0,-1,-1,-1
6995,79,361,82,124,252,0,-1,-1,-1
6995,80,500,46,112,245,0,-1,-1,-1
6996,80,130,162,135,190,0,-1,-1,-1
6997,80,50,106,129,246,0,-1,-1,-1
6997,78,244,66,115,279,0,-1,-1,-1
6997,79,407,57,131,289,0,-1,-1,-1
6998,80,360,79,107,258,0,-1,-1,-1
6998,78,445,19,79,220,0,-1,-1,-1
6998,79,278,65,89,254,0,-1,-1,-1
6999,80,19,193,124,165,0,-1,-1,-1
7000,80,411,8,92,227,0,-1,-1,-1
7000,79,503,14,95,244,0,-1,-1,-1
7000,78,569,6,68,233,0,-1,-1,-1
7032,81,216,0,58,114,0,-1,-1,-1
7061,82,120,277,111,77,0,-1,-1,-1
7065,83,39,21,77,215,0,-1,-1,-1
7077,84,365,22,85,220,0,-1,-1,-1
7077,85,493,0,80,188,0,-1,-1,-1
7077,86,566,15,71,227,0,-1,-1,-1
7108,87,87,30,81,254,0,-1,-1,-1
7112,88,173,0,75,139,0,-1,-1,-1
7112,89,112,1,64,140,0,-1,-1,-1
7113,88,239,1,38,60,0,-1,-1,-1
7113,90,300,0,42,51,0,-1,-1,-1
7113,91,259,0,34,57,0,-1,-1,-1
7214,92,408,0,78,86,0,-1,-1,-1
7216,92,428,29,107,255,0,-1,-1,-1
7268,93,464,0,60,86,0,-1,-1,-1
7306,94,105,56,118,269,0,-1,-1,-1
7344,95,257,0,39,57,0,-1,-1,-1
7371,96,435,0,58,110,0,-1,-1,-1
7379,97,277,0,59,139,0,-1,-1,-1
7390,98,411,0,80,80,0,-1,-1,-1
7395,99,446,0,61,90,0,-1,-1,-1
7471,100,300,0,61,89,0,-1,-1,-1
7479,101,111,4,97,209,0,-1,-1,-1
7479,102,278,0,44,125,0,-1,-1,-1
7480,102,258,22,77,213,0,-1,-1,-1
7480,101,92,22,71,221,0,-1,-1,-1
7481,102,18,0,73,127,0,-1,-1,-1
7491,103,334,0,56,107,0,-1,-1,-1
7508,104,197,0,51,124,0,-1,-1,-1
7513,105,499,78,138,199,0,-1,-1,-1
7515,105,121,22,68,168,0,-1,-1,-1
7517,106,305,1,42,60,0,-1,-1,-1
7522,107,96,41,92,261,0,-1,-1,-1
7522,108,215,52,79,242,0,-1,-1,-1
7530,109,387,0,56,94,0,-1,-1,-1
7553,110,349,0,50,93,0,-1,-1,-1
7555,110,378,0,55,99,0,-1,-1,-1
7556,110,496,0,52,101,0,-1,-1,-1
7593,111,294,0,71,87,0,-1,-1,-1
7597,112,234,0,46,86,0,-1,-1,-1
7606,113,300,0,43,61,0,-1,-1,-1
7612,114,243,26,81,284,0,-1,-1,-1
7612,115,308,0,37,55,0,-1,-1,-1
7614,115,438,0,57,94,0,-1,-1,-1
7615,115,122,0,84,122,0,-1,-1,-1
7617,116,547,3,83,254,0,-1,-1,-1
7620,117,483,6,113,179,0,-1,-1,-1
7621,117,395,3,82,191,0,-1,-1,-1
7621,118,480,9,117,175,0,-1,-1,-1
7622,118,482,1,109,183,0,-1,-1,-1
7623,118,363,0,97,200,0,-1,-1,-1
7623,117,502,1,88,188,0,-1,-1,-1
7624,117,360,7,80,192,0,-1,-1,-1
7625,117,367,0,89,200,0,-1,-1,-1
7625,118,496,0,84,194,0,-1,-1,-1
7626,118,217,0,69,169,0,-1,-1,-1
7626,119,498,0,86,188,0,-1,-1,-1
7626,120,314,2,63,157,0,-1,-1,-1
7647,121,500,2,92,109,0,-1,-1,-1
7663,122,293,0,47,48,0,-1,-1,-1
7717,123,250,0,63,98,0,-1,-1,-1
7721,124,286,35,80,161,0,-1,-1,-1
7722,124,434,176,167,166,0,-1,-1,-1
7724,124,424,9,81,236,0,-1,-1,-1
7725,124,457,0,54,88,0,-1,-1,-1
7740,125,383,18,78,199,0,-1,-1,-1
7742,125,323,0,66,93,0,-1,-1,-1
7742,126,352,0,68,91,0,-1,-1,-1
7742,127,450,0,59,134,0,-1,-1,-1
7743,127,265,0,56,88,0,-1,-1,-1
7770,128,301,0,39,64,0,-1,-1,-1
7790,129,229,0,56,89,0,-1,-1,-1
7855,130,51,118,182,234,0,-1,-1,-1
7885,131,166,0,56,92,0,-1,-1,-1
7893,132,254,3,74,210,0,-1,-1,-1
7894,133,19,62,125,291,0,-1,-1,-1
7896,132,164,25,86,225,0,-1,-1,-1
7917,134,427,2,43,60,0,-1,-1,-1
7917,135,267,0,46,59,0,-1,-1,-1
7918,134,368,13,83,214,0,-1,-1,-1
7922,136,195,0,51,147,0,-1,-1,-1
7922,137,87,0,59,122,0,-1,-1,-1
7924,136,471,0,104,245,0,-1,-1,-1
7927,136,353,28,73,245,0,-1,-1,-1
7928,136,122,85,114,265,0,-1,-1,-1
7928,138,315,21,96,260,0,-1,-1,-1
7929,138,323,0,56,98,0,-1,-1,-1
7929,136,246,4,70,111,0,-1,-1,-1
7931,139,30,32,120,228,0,-1,-1,-1
7964,140,193,0,55,123,0,-1,-1,-1
7977,141,496,0,71,117,0,-1,-1,-1
7978,141,498,46,131,241,0,-1,-1,-1
7978,142,431,42,90,208,0,-1,-1,-1
7978,143,211,0,77,222,0,-1,-1,-1
7979,142,9,132,147,220,0,-1,-1,-1
7980,144,28,70,130,283,0,-1,-1,-1
7981,144,95,0,48,120,0,-1,-1,-1
7981,142,0,191,155,165,0,-1,-1,-1
7998,145,50,84,116,268,0,-1,-1,-1
7999,145,295,0,56,97,0,-1,-1,-1
7999,146,352,0,67,96,0,-1,-1,-1
8000,145,336,0,55,151,0,-1,-1,-1
8017,147,176,3,91,173,0,-1,-1,-1
8034,148,27,43,93,227,0,-1,-1,-1
8034,149,234,0,31,60,0,-1,-1,-1
8036,150,7,92,141,260,0,-1,-1,-1
8038,151,135,37,103,271,0,-1,-1,-1
8039,151,166,0,59,104,0,-1,-1,-1
8039,152,1,159,189,197,0,-1,-1,-1
8039,153,506,1,96,180,0,-1,-1,-1
8040,152,123,0,59,107,0,-1,-1,-1
8067,154,494,0,56,96,0,-1,-1,-1
8067,155,392,2,38,59,0,-1,-1,-1
8108,156,448,0,67,88,0,-1,-1,-1
8129,157,187,84,108,256,0,-1,-1,-1
8131,157,383,0,79,122,0,-1,-1,-1
8143,158,386,2,73,116,0,-1,-1,-1
8143,159,454,0,78,110,0,-1,-1,-1
8159,160,236,0,32,58,0,-1,-1,-1
8159,161,197,1,38,61,0,-1,-1,-1
8160,161,232,0,63,132,0,-1,-1,-1
8204,162,486,0,73,85,0,-1,-1,-1
8211,163,444,4,93,200,0,-1,-1,-1
8217,164,453,0,75,93,0,-1,-1,-1
8217,165,473,0,76,95,0,-1,-1,-1
8223,166,239,0,37,63,0,-1,-1,-1
8223,167,271,3,38,57,0,-1,-1,-1
8224,166,404,0,55,141,0,-1,-1,-1
8224,167,284,4,61,151,0,-1,-1,-1
8225,168,511,36,101,237,0,-1,-1,-1
8230,169,397,106,112,232,0,-1,-1,-1
8232,169,433,51,128,301,0,-1,-1,-1
8233,169,480,22,93,211,0,-1,-1,-1
8233,170,565,1,73,242,0,-1,-1,-1
8269,171,184,0,75,136,0,-1,-1,-1
8269,172,156,6,55,125,0,-1,-1,-1
8270,171,219,0,71,108,0,-1,-1,-1
8270,172,190,0,65,108,0,-1,-1,-1
8291,173,313,0,62,96,0,-1,-1,-1
8306,174,447,1,65,90,0,-1,-1,-1
8350,175,204,0,56,97,0,-1,-1,-1
8379,176,418,0,66,90,0,-1,-1,-1
8383,177,468,0,60,143,0,-1,-1,-1
8384,178,123,105,163,249,0,-1,-1,-1
8384,179,274,102,148,249,0,-1,-1,-1
8385,178,306,109,120,237,0,-1,-1,-1
8385,180,132,147,107,203,0,-1,-1,-1
8386,178,305,113,117,234,0,-1,-1,-1
8387,178,354,81,88,259,0,-1,-1,-1
8387,180,139,111,150,237,0,-1,-1,-1
8388,178,302,24,96,244,0,-1,-1,-1
8389,180,530,4,67,160,0,-1,-1,-1
8393,181,463,0,59,92,0,-1,-1,-1
8398,182,291,4,62,119,0,-1,-1,-1
8398,183,367,0,66,136,0,-1,-1,-1
8402,184,454,17,97,252,0,-1,-1,-1
8402,185,556,32,84,236,0,-1,-1,-1
8426,186,369,0,49,89,0,-1,-1,-1
8429,187,427,3,53,159,0,-1,-1,-1
8430,187,507,11,84,199,0,-1,-1,-1
8430,188,400,1,51,167,0,-1,-1,-1
8466,189,424,0,66,92,0,-1,-1,-1
8480,190,335,0,51,98,0,-1,-1,-1
8481,190,451,0,62,118,0,-1,-1,-1
8481,191,339,0,51,119,0,-1,-1,-1
8482,191,279,36,72,233,0,-1,-1,-1
8543,192,419,1,81,78,0,-1,-1,-1
8549,193,453,0,75,85,0,-1,-1,-1
8563,194,346,0,51,101,0,-1,-1,-1
8574,195,299,0,72,100,0,-1,-1,-1
8587,196,554,17,83,195,0,-1,-1,-1
8588,196,561,15,77,198,0,-1,-1,-1
8589,197,388,2,68,173,0,-1,-1,-1
8627,198,488,0,59,116,0,-1,-1,-1
8633,199,493,0,116,161,0,-1,-1,-1
8652,200,148,0,61,109,0,-1,-1,-1
8655,201,122,122,114,229,0,-1,-1,-1
8655,200,274,1,66,151,0,-1,-1,-1
8655,202,25,136,117,215,0,-1,-1,-1
8656,201,188,26,79,226,0,-1,-1,-1
8656,200,329,2,60,132,0,-1,-1,-1
8656,203,11,24,143,322,0,-1,-1,-1
8656,204,404,0,47,95,0,-1,-1,-1
8657,203,115,21,83,221,0,-1,-1,-1
8657,204,245,30,81,297,0,-1,-1,-1
8658,204,283,35,82,235,0,-1,-1,-1
8658,205,0,100,125,245,0,-1,-1,-1
8659,203,49,80,106,265,0,-1,-1,-1
8659,205,388,0,65,181,0,-1,-1,-1
8660,205,284,0,66,135,0,-1,-1,-1
8660,203,198,2,54,112,0,-1,-1,-1
8661,203,266,27,82,273,0,-1,-1,-1
8661,205,117,39,103,218,0,-1,-1,-1
8661,206,37,182,123,167,0,-1,-1,-1
8662,206,116,4,62,166,0,-1,-1,-1
8682,207,400,0,59,99,0,-1,-1,-1
8688,208,540,0,89,142,0,-1,-1,-1
8688,209,492,0,67,127,0,-1,-1,-1
8690,210,332,0,54,132,0,-1,-1,-1
8690,209,393,4,68,119,0,-1,-1,-1
8697,211,430,0,68,88,0,-1,-1,-1
8704,212,364,3,48,54,0,-1,-1,-1
8705,213,375,4,86,236,0,-1,-1,-1
8712,214,501,3,61,151,0,-1,-1,-1
8720,215,347,0,70,88,0,-1,-1,-1
8754,216,411,12,80,156,0,-1,-1,-1
8758,217,279,77,129,270,0,-1,-1,-1
8774,218,401,0,97,191,0,-1,-1,-1
8775,219,360,17,98,262,0,-1,-1,-1
8775,218,210,2,76,261,0,-1,-1,-1
8776,219,361,18,86,260,0,-1,-1,-1
8776,218,208,0,77,262,0,-1,-1,-1
8776,220,292,28,74,246,0,-1,-1,-1
8777,219,357,18,83,262,0,-1,-1,-1
8777,218,214,3,75,259,0,-1,-1,-1
8777,220,293,19,74,243,0,-1,-1,-1
8778,219,357,15,96,265,0,-1,-1,-1
8778,220,194,0,89,282,0,-1,-1,-1
8778,218,289,20,75,255,0,-1,-1,-1
8779,219,357,16,93,268,0,-1,-1,-1
8779,218,190,0,92,282,0,-1,-1,-1
8779,220,290,29,71,244,0,-1,-1,-1
8780,219,353,19,94,262,0,-1,-1,-1
8780,218,191,0,93,280,0,-1,-1,-1
8780,220,294,26,74,247,0,-1,-1,-1
8782,219,355,18,97,267,0,-1,-1,-1
8782,218,189,0,95,285,0,-1,-1,-1
8782,220,293,27,75,245,0,-1,-1,-1
8783,219,354,16,94,268,0,-1,-1,-1
8783,218,190,0,90,280,0,-1,-1,-1
8783,220,293,25,73,248,0,-1,-1,-1
8784,219,357,17,96,265,0,-1,-1,-1
8784,218,189,0,93,282,0,-1,-1,-1
8784,220,475,6,99,183,0,-1,-1,-1
8784,221,294,19,76,254,0,-1,-1,-1
8784,222,421,0,67,161,0,-1,-1,-1
8785,219,355,30,91,248,0,-1,-1,-1
8785,220,190,0,93,280,0,-1,-1,-1
8785,222,487,6,82,207,0,-1,-1,-1
8785,221,293,23,75,251,0,-1,-1,-1
8786,222,189,0,93,281,0,-1,-1,-1
8786,219,359,15,80,263,0,-1,-1,-1
8786,221,291,18,81,252,0,-1,-1,-1
8787,219,368,25,97,252,0,-1,-1,-1
8787,221,182,8,106,302,0,-1,-1,-1
8788,221,50,205,211,145,0,-1,-1,-1
8788,219,371,190,143,157,0,-1,-1,-1
8789,219,155,2,84,218,0,-1,-1,-1
8789,223,255,150,186,194,0,-1,-1,-1
8790,223,210,104,228,247,0,-1,-1,-1
8793,223,383,186,246,167,0,-1,-1,-1
8794,224,296,58,124,298,0,-1,-1,-1
8795,224,288,60,137,283,0,-1,-1,-1
8795,225,487,111,141,173,0,-1,-1,-1
8796,224,500,105,123,181,0,-1,-1,-1
8796,225,314,53,112,299,0,-1,-1,-1
8797,225,290,77,160,266,0,-1,-1,-1
8798,225,299,64,127,284,0,-1,-1,-1
8799,225,369,66,118,278,0,-1,-1,-1
8800,225,371,83,118,262,0,-1,-1,-1
8801,225,180,93,113,257,0,-1,-1,-1
8801,226,6,113,136,240,0,-1,-1,-1
8801,227,163,28,117,306,0,-1,-1,-1
8801,228,81,34,91,251,0,-1,-1,-1
8802,228,287,23,136,329,0,-1,-1,-1
8805,229,118,0,65,94,0,-1,-1,-1
8806,229,124,0,60,92,0,-1,-1,-1
8807,229,121,0,77,93,0,-1,-1,-1
8807,230,187,0,68,88,0,-1,-1,-1
8808,230,272,1,36,61,0,-1,-1,-1
8816,231,418,0,77,74,0,-1,-1,-1
8828,232,212,85,154,263,0,-1,-1,-1
8828,233,439,132,126,204,0,-1,-1,-1
8829,233,410,120,134,216,0,-1,-1,-1
8829,232,215,78,162,269,0,-1,-1,-1
8830,233,411,113,140,219,0,-1,-1,-1
8830,232,215,83,156,260,0,-1,-1,-1
8831,232,214,78,156,267,0,-1,-1,-1
8831,233,387,121,135,220,0,-1,-1,-1
8832,233,215,80,157,265,0,-1,-1,-1
8832,232,409,113,109,231,0,-1,-1,-1
8833,233,215,78,167,270,0,-1,-1,-1
8833,232,403,115,108,229,0,-1,-1,-1
8834,232,211,81,164,270,0,-1,-1,-1
8834,234,231,4,36,63,0,-1,-1,-1
8835,232,212,79,153,269,0,-1,-1,-1
8835,234,387,108,112,236,0,-1,-1,-1
8836,234,389,105,156,238,0,-1,-1,-1
8836,232,211,75,164,274,0,-1,-1,-1
8837,232,216,79,157,272,0,-1,-1,-1
8837,234,389,107,163,237,0,-1,-1,-1
8838,232,216,83,152,263,0,-1,-1,-1
8838,234,378,107,166,241,0,-1,-1,-1
8839,232,214,83,152,261,0,-1,-1,-1
8839,234,407,111,116,233,0,-1,-1,-1
8840,232,212,84,151,263,0,-1,-1,-1
8840,234,383,105,166,239,0,-1,-1,-1
8841,232,211,85,153,260,0,-1,-1,-1
8841,234,485,106,136,171,0,-1,-1,-1
8842,232,212,84,155,261,0,-1,-1,-1
8843,232,211,86,152,257,0,-1,-1,-1
8843,234,391,136,153,209,0,-1,-1,-1
8844,234,217,44,132,306,0,-1,-1,-1
8844,235,370,84,117,263,0,-1,-1,-1
8845,235,353,101,154,243,0,-1,-1,-1
8845,234,190,58,148,286,0,-1,-1,-1
8845,236,486,184,151,164,0,-1,-1,-1
8846,235,354,104,133,239,0,-1,-1,-1
8846,234,205,54,154,297,0,-1,-1,-1
8847,235,357,104,131,240,0,-1,-1,-1
8847,234,211,54,143,299,0,-1,-1,-1
8848,235,368,100,162,243,0,-1,-1,-1
8848,234,197,40,156,307,0,-1,-1,-1
8849,235,383,114,147,225,0,-1,-1,-1
8849,234,167,50,145,295,0,-1,-1,-1
8850,235,148,59,148,299,0,-1,-1,-1
8850,234,363,102,134,242,0,-1,-1,-1
8851,234,300,116,158,229,0,-1,-1,-1
8851,235,135,46,161,306,0,-1,-1,-1
8851,237,517,166,120,182,0,-1,-1,-1
8852,235,141,69,151,280,0,-1,-1,-1
8852,234,318,116,127,231,0,-1,-1,-1
8853,235,362,104,132,239,0,-1,-1,-1
8853,234,164,36,158,317,0,-1,-1,-1
8854,235,371,98,124,244,0,-1,-1,-1
8854,234,171,44,144,299,0,-1,-1,-1
8854,237,492,157,145,191,0,-1,-1,-1
8855,235,325,111,129,234,0,-1,-1,-1
8855,234,166,39,152,311,0,-1,-1,-1
8855,238,427,2,93,185,0,-1,-1,-1
8856,235,363,107,132,235,0,-1,-1,-1
8856,234,167,39,150,318,0,-1,-1,-1
8857,235,373,108,127,234,0,-1,-1,-1
8857,234,170,34,146,322,0,-1,-1,-1
8857,238,530,163,108,181,0,-1,-1,-1
8858,235,338,102,169,244,0,-1,-1,-1
8858,234,169,32,144,326,0,-1,-1,-1
8859,235,324,98,168,247,0,-1,-1,-1
8859,234,170,43,146,312,0,-1,-1,-1
8860,235,323,98,166,244,0,-1,-1,-1
8860,234,169,45,147,311,0,-1,-1,-1
8861,235,334,93,152,255,0,-1,-1,-1
8861,234,170,47,148,308,0,-1,-1,-1
8862,235,333,99,151,247,0,-1,-1,-1
8862,234,171,53,146,301,0,-1,-1,-1
8863,235,331,97,151,252,0,-1,-1,-1
8864,239,238,116,183,235,0,-1,-1,-1
8865,239,245,143,177,204,0,-1,-1,-1
8865,235,181,57,137,294,0,-1,-1,-1
8867,239,288,117,122,231,0,-1,-1,-1
8867,235,168,53,145,303,0,-1,-1,-1
8867,240,437,135,154,207,0,-1,-1,-1
8868,239,166,55,157,296,0,-1,-1,-1
8868,240,302,117,112,227,0,-1,-1,-1
8868,235,379,113,114,232,0,-1,-1,-1
8869,240,172,54,143,302,0,-1,-1,-1
8870,241,408,103,134,243,0,-1,-1,-1
8870,235,301,94,118,254,0,-1,-1,-1
8870,240,177,30,141,324,0,-1,-1,-1
8871,240,400,96,145,246,0,-1,-1,-1
8871,235,303,101,123,245,0,-1,-1,-1
8871,241,135,51,148,302,0,-1,-1,-1
8872,240,144,53,145,297,0,-1,-1,-1
8872,235,303,99,114,250,0,-1,-1,-1
8872,241,399,101,117,245,0,-1,-1,-1
8873,235,301,106,110,238,0,-1,-1,-1
8873,240,156,56,132,297,0,-1,-1,-1
8873,241,424,102,122,198,0,-1,-1,-1
8874,240,357,78,103,272,0,-1,-1,-1
8874,241,143,15,114,335,0,-1,-1,-1
8874,235,511,96,124,224,0,-1,-1,-1
8889,242,151,0,57,89,0,-1,-1,-1
8890,242,249,0,66,91,0,-1,-1,-1
8890,243,184,0,56,91,0,-1,-1,-1
8891,243,162,0,63,88,0,-1,-1,-1
8891,242,258,0,59,91,0,-1,-1,-1
8892,243,261,0,56,90,0,-1,-1,-1
8901,244,347,0,83,74,0,-1,-1,-1
8955,245,216,4,85,241,0,-1,-1,-1
8967,246,530,0,59,94,0,-1,-1,-1
8972,247,466,0,84,85,0,-1,-1,-1
8980,248,486,68,141,223,0,-1,-1,-1
8981,248,260,0,59,165,0,-1,-1,-1
8981,249,418,29,95,267,0,-1,-1,-1
8983,249,128,0,65,94,0,-1,-1,-1
8985,249,130,0,61,93,0,-1,-1,-1
8986,249,130,0,64,93,0,-1,-1,-1
8988,249,127,0,73,104,0,-1,-1,-1
8989,249,270,0,80,150,0,-1,-1,-1
8989,250,342,0,74,160,0,-1,-1,-1
8990,249,561,0,69,148,0,-1,-1,-1
8990,250,431,0,73,158,0,-1,-1,-1
9062,251,3,7,131,273,0,-1,-1,-1
9067,252,316,20,99,290,0,-1,-1,-1
9110,253,460,0,67,93,0,-1,-1,-1
9110,254,408,0,75,100,0,-1,-1,-1
9111,253,361,0,67,86,0,-1,-1,-1
9141,255,427,0,76,94,0,-1,-1,-1
9192,256,491,0,69,92,0,-1,-1,-1
9194,257,251,59,95,273,0,-1,-1,-1
9194,258,540,3,98,253,0,-1,-1,-1
9195,258,532,27,106,251,0,-1,-1,-1
9196,259,476,12,97,233,0,-1,-1,-1
9197,259,294,159,133,187,0,-1,-1,-1
9197,260,135,174,139,176,0,-1,-1,-1
9198,259,117,44,111,281,0,-1,-1,-1
9198,260,303,20,73,235,0,-1,-1,-1
9198,258,230,47,91,254,0,-1,-1,-1
9199,259,494,7,97,232,0,-1,-1,-1
9200,259,234,0,51,114,0,-1,-1,-1
9201,259,410,0,75,160,0,-1,-1,-1
9202,259,245,0,89,220,0,-1,-1,-1
9202,261,453,7,108,241,0,-1,-1,-1
9203,261,219,0,100,221,0,-1,-1,-1
9203,259,396,152,121,186,0,-1,-1,-1
9203,262,115,4,83,176,0,-1,-1,-1
9204,259,258,178,147,169,0,-1,-1,-1
9204,262,121,1,67,163,0,-1,-1,-1
9206,262,199,2,118,211,0,-1,-1,-1
9207,262,216,3,102,205,0,-1,-1,-1
9207,259,113,8,72,172,0,-1,-1,-1
9209,262,192,3,98,185,0,-1,-1,-1
9210,262,116,4,87,213,0,-1,-1,-1
9211,262,113,0,70,183,0,-1,-1,-1
9212,262,107,1,97,205,0,-1,-1,-1
9212,263,5,6,89,191,0,-1,-1,-1
9213,262,106,1,97,203,0,-1,-1,-1
9213,263,5,6,91,193,0,-1,-1,-1
9214,263,108,0,96,207,0,-1,-1,-1
9214,262,7,3,87,196,0,-1,-1,-1
9215,263,109,0,97,210,0,-1,-1,-1
9215,262,34,0,84,194,0,-1,-1,-1
9216,262,111,0,93,211,0,-1,-1,-1
9216,263,28,0,92,194,0,-1,-1,-1
9217,263,111,0,89,211,0,-1,-1,-1
9217,262,31,0,89,194,0,-1,-1,-1
9218,262,103,0,95,211,0,-1,-1,-1
9219,262,98,0,103,208,0,-1,-1,-1
9220,262,98,0,104,203,0,-1,-1,-1
9221,262,96,0,101,201,0,-1,-1,-1
9221,264,8,0,103,190,0,-1,-1,-1
9222,264,99,4,105,203,0,-1,-1,-1
9227,265,102,2,94,185,0,-1,-1,-1
9228,265,97,1,97,182,0,-1,-1,-1
9229,265,93,2,99,184,0,-1,-1,-1
9230,265,91,1,101,182,0,-1,-1,-1
9232,266,262,168,170,181,0,-1,-1,-1
9233,266,0,17,107,291,0,-1,-1,-1
9234,266,164,0,63,107,0,-1,-1,-1
9239,267,183,0,51,107,0,-1,-1,-1
9240,268,153,127,162,232,0,-1,-1,-1
9240,269,87,12,94,216,0,-1,-1,-1
9248,270,311,0,82,136,0,-1,-1,-1
9249,270,296,2,62,157,0,-1,-1,-1
9250,270,208,0,34,63,0,-1,-1,-1
9250,271,168,1,34,62,0,-1,-1,-1
9253,272,427,290,50,52,0,-1,-1,-1
9260,273,460,0,72,91,0,-1,-1,-1
9263,273,164,3,63,97,0,-1,-1,-1
9263,274,172,1,81,100,0,-1,-1,-1
9263,275,229,0,47,91,0,-1,-1,-1
9264,273,191,24,87,287,0,-1,-1,-1
9264,274,103,5,89,277,0,-1,-1,-1
9265,274,109,31,138,326,0,-1,-1,-1
9266,276,299,46,136,308,0,-1,-1,-1
9266,274,110,83,125,269,0,-1,-1,-1
9267,274,201,118,126,225,0,-1,-1,-1
9267,276,126,79,106,275,0,-1,-1,-1
9267,273,312,63,119,284,0,-1,-1,-1
9268,276,306,57,126,290,0,-1,-1,-1
9268,274,190,118,122,226,0,-1,-1,-1
9268,273,103,88,96,257,0,-1,-1,-1
9268,277,1,143,97,207,0,-1,-1,-1
9269,273,314,61,160,287,0,-1,-1,-1
9269,274,425,1,76,110,0,-1,-1,-1
9269,276,105,98,116,249,0,-1,-1,-1
9270,273,320,111,157,234,0,-1,-1,-1
9270,276,111,86,173,267,0,-1,-1,-1
9270,274,0,160,97,194,0,-1,-1,-1
9271,273,328,79,157,260,0,-1,-1,-1
9271,276,117,85,155,272,0,-1,-1,-1
9271,278,268,251,111,99,0,-1,-1,-1
9272,276,193,114,136,237,0,-1,-1,-1
9272,273,435,109,165,227,0,-1,-1,-1
9273,273,244,176,121,174,0,-1,-1,-1
9274,273,443,122,181,222,0,-1,-1,-1
9274,276,243,176,123,174,0,-1,-1,-1
9275,273,245,175,121,175,0,-1,-1,-1
9275,279,440,114,173,222,0,-1,-1,-1
9276,279,450,113,171,226,0,-1,-1,-1
9276,273,245,186,125,164,0,-1,-1,-1
9291,280,122,0,81,96,0,-1,-1,-1
9293,280,129,0,90,101,0,-1,-1,-1
9294,281,224,21,86,230,0,-1,-1,-1
9294,282,97,2,84,255,0,-1,-1,-1
9295,281,180,169,190,184,0,-1,-1,-1
9295,283,380,171,183,181,0,-1,-1,-1
9339,284,269,132,160,215,0,-1,-1,-1
9339,285,241,58,114,262,0,-1,-1,-1
9340,284,361,86,83,249,0,-1,-1,-1
9340,285,238,56,112,285,0,-1,-1,-1
9340,286,447,89,108,243,0,-1,-1,-1
9341,286,372,86,90,260,0,-1,-1,-1
9341,284,115,172,113,167,0,-1,-1,-1
9341,285,262,85,126,246,0,-1,-1,-1
9341,287,14,244,122,116,0,-1,-1,-1
9342,284,123,164,122,189,0,-1,-1,-1
9342,286,266,85,119,243,0,-1,-1,-1
9342,288,366,89,91,238,0,-1,-1,-1
9343,288,231,96,121,246,0,-1,-1,-1
9343,286,335,76,123,274,0,-1,-1,-1
9343,284,110,165,113,186,0,-1,-1,-1
9344,288,229,97,121,251,0,-1,-1,-1
9344,286,341,85,120,254,0,-1,-1,-1
9344,284,115,163,109,188,0,-1,-1,-1
9344,287,431,129,129,206,0,-1,-1,-1
9345,287,230,96,105,250,0,-1,-1,-1
9345,286,319,81,109,255,0,-1,-1,-1
9345,284,109,169,113,181,0,-1,-1,-1
9346,289,376,164,134,182,0,-1,-1,-1
9346,284,109,159,104,194,0,-1,-1,-1
9346,286,181,173,161,179,0,-1,-1,-1
9346,287,480,137,101,200,0,-1,-1,-1
9346,290,409,58,79,125,0,-1,-1,-1
9347,287,228,109,140,238,0,-1,-1,-1
9347,290,107,161,118,191,0,-1,-1,-1
9347,288,341,87,111,256,0,-1,-1,-1
9347,284,1,216,123,141,0,-1,-1,-1
9348,284,449,131,122,209,0,-1,-1,-1
9352,291,233,56,135,291,0,-1,-1,-1
9352,292,403,134,119,204,0,-1,-1,-1
9352,293,497,127,134,212,0,-1,-1,-1
9353,292,320,2,99,294,0,-1,-1,-1
9353,293,204,12,70,218,0,-1,-1,-1
9354,292,267,0,63,118,0,-1,-1,-1
9378,294,490,0,69,106,0,-1,-1,-1
9390,295,543,0,77,132,0,-1,-1,-1
9391,296,7,86,144,257,0,-1,-1,-1
9409,297,387,0,66,95,0,-1,-1,-1
9410,298,393,0,69,87,0,-1,-1,-1
9414,299,497,0,63,102,0,-1,-1,-1
9449,300,163,0,68,106,0,-1,-1,-1
9470,301,409,0,65,134,0,-1,-1,-1
9471,301,276,1,30,60,0,-1,-1,-1
9472,301,512,2,92,126,0,-1,-1,-1
9487,302,421,0,66,98,0,-1,-1,-1
9504,303,329,0,53,109,0,-1,-1,-1
9505,303,193,0,63,86,0,-1,-1,-1
9505,304,516,0,83,128,0,-1,-1,-1
9505,305,472,0,52,92,0,-1,-1,-1
9506,303,249,5,70,151,0,-1,-1,-1
9512,306,312,0,62,94,0,-1,-1,-1
9513,306,273,1,35,56,0,-1,-1,-1
9513,307,290,2,44,62,0,-1,-1,-1
9514,306,525,2,64,105,0,-1,-1,-1
9514,307,148,17,76,195,0,-1,-1,-1
9558,308,122,46,126,299,0,-1,-1,-1
9559,308,263,65,91,276,0,-1,-1,-1
9559,309,502,4,62,133,0,-1,-1,-1
9559,310,560,0,74,159,0,-1,-1,-1
9560,309,232,47,90,244,0,-1,-1,-1
9560,311,48,86,129,266,0,-1,-1,-1
9560,310,358,22,87,239,0,-1,-1,-1
9560,312,455,0,52,119,0,-1,-1,-1
9561,311,429,39,99,235,0,-1,-1,-1
9561,310,181,149,140,201,0,-1,-1,-1
9562,310,169,112,116,240,0,-1,-1,-1
9562,311,296,120,127,227,0,-1,-1,-1
9562,313,438,81,127,251,0,-1,-1,-1
9564,313,261,189,128,161,0,-1,-1,-1
9564,311,9,92,135,233,0,-1,-1,-1
9565,311,186,162,155,186,0,-1,-1,-1
9565,310,385,174,126,173,0,-1,-1,-1
9566,310,159,54,110,251,0,-1,-1,-1
9566,311,365,133,107,208,0,-1,-1,-1
9566,313,359,49,103,271,0,-1,-1,-1
9566,314,436,134,86,206,0,-1,-1,-1
9566,315,0,98,100,251,0,-1,-1,-1
9567,311,132,14,74,222,0,-1,-1,-1
9567,315,358,44,111,293,0,-1,-1,-1
9567,313,479,150,113,195,0,-1,-1,-1
9567,310,8,22,116,303,0,-1,-1,-1
9567,314,246,13,69,199,0,-1,-1,-1
9568,314,244,3,98,230,0,-1,-1,-1
9568,316,44,56,108,187,0,-1,-1,-1
9568,310,3,216,156,135,0,-1,-1,-1
9568,311,370,81,118,259,0,-1,-1,-1
9568,315,116,0,67,121,0,-1,-1,-1
9569,310,391,29,107,311,0,-1,-1,-1
9569,316,153,0,57,145,0,-1,-1,-1
9569,315,0,222,175,133,0,-1,-1,-1
9575,317,456,0,83,119,0,-1,-1,-1
9585,318,122,8,65,112,0,-1,-1,-1
9586,318,100,38,83,253,0,-1,-1,-1
9586,319,34,53,89,237,0,-1,-1,-1
9586,320,229,0,48,120,0,-1,-1,-1
9587,320,157,0,64,135,0,-1,-1,-1
9587,319,213,0,61,152,0,-1,-1,-1
9593,321,445,0,64,90,0,-1,-1,-1
9604,322,178,0,58,93,0,-1,-1,-1
9605,322,173,0,59,97,0,-1,-1,-1
9606,322,192,0,70,97,0,-1,-1,-1
9641,323,391,0,77,93,0,-1,-1,-1
9659,324,452,0,89,98,0,-1,-1,-1
9664,325,467,0,51,104,0,-1,-1,-1
9664,326,575,0,58,112,0,-1,-1,-1
9665,325,323,0,83,91,0,-1,-1,-1
9665,326,548,0,77,114,0,-1,-1,-1
9670,327,291,1,66,125,0,-1,-1,-1
9678,328,487,0,70,96,0,-1,-1,-1
9704,329,428,1,66,137,0,-1,-1,-1
9705,329,214,0,45,96,0,-1,-1,-1
9715,330,351,3,56,92,0,-1,-1,-1
9747,331,306,0,41,54,0,-1,-1,-1
9780,332,491,0,74,128,0,-1,-1,-1
9780,333,552,0,71,130,0,-1,-1,-1
9781,334,401,4,54,109,0,-1,-1,-1
9781,332,296,0,65,100,0,-1,-1,-1
9781,335,229,0,66,85,0,-1,-1,-1
9782,332,196,1,39,58,0,-1,-1,-1
9783,332,416,0,70,153,0,-1,-1,-1
9783,334,177,1,36,56,0,-1,-1,-1
9784,332,440,1,62,93,0,-1,-1,-1
9798,336,263,0,53,56,0,-1,-1,-1
9809,337,496,1,118,108,0,-1,-1,-1
9825,338,427,0,70,90,0,-1,-1,-1
9829,339,243,0,33,56,0,-1,-1,-1
9830,339,392,0,71,99,0,-1,-1,-1
9831,339,448,0,73,101,0,-1,-1,-1
9836,340,171,0,64,101,0,-1,-1,-1
9836,341,278,0,57,101,0,-1,-1,-1
9855,342,291,0,43,53,0,-1,-1,-1
9857,342,108,19,96,227,0,-1,-1,-1
9906,343,511,0,88,96,0,-1,-1,-1
9918,344,547,0,72,109,0,-1,-1,-1
9923,345,270,0,35,55,0,-1,-1,-1
9946,346,506,9,84,201,0,-1,-1,-1
9948,347,380,1,72,130,0,-1,-1,-1
9949,347,378,0,64,128,0,-1,-1,-1
9950,348,308,0,44,51,0,-1,-1,-1
9950,347,376,0,67,127,0,-1,-1,-1
9951,348,439,2,54,118,0,-1,-1,-1
9951,347,355,0,55,120,0,-1,-1,-1
9951,349,551,0,68,95,0,-1,-1,-1
9952,348,435,0,62,121,0,-1,-1,-1
9953,348,439,1,57,121,0,-1,-1,-1
9953,347,351,0,55,125,0,-1,-1,-1
9954,348,422,2,65,114,0,-1,-1,-1
9954,347,350,4,57,117,0,-1,-1,-1
9980,350,184,36,77,222,0,-1,-1,-1
9980,351,264,2,104,233,0,-1,-1,-1
9981,350,121,3,72,141,0,-1,-1,-1
9981,352,59,4,62,139,0,-1,-1,-1
9982,352,37,4,76,119,0,-1,-1,-1
9982,353,23,7,70,118,0,-1,-1,-1
9984,353,419,0,67,84,0,-1,-1,-1
9986,353,425,0,60,96,0,-1,-1,-1
9989,353,74,0,55,121,0,-1,-1,-1
9990,353,125,0,53,102,0,-1,-1,-1
9991,353,121,0,61,91,0,-1,-1,-1
9992,354,118,0,50,92,0,-1,-1,-1
9992,355,439,0,81,101,0,-1,-1,-1
9993,354,115,0,53,90,0,-1,-1,-1
9994,354,140,0,72,87,0,-1,-1,-1
10014,356,394,0,69,111,0,-1,-1,-1
10018,357,356,0,60,87,0,-1,-1,-1
10045,358,290,0,42,56,0,-1,-1,-1
10055,359,449,0,72,92,0,-1,-1,-1
10056,359,419,0,77,129,0,-1,-1,-1
10063,360,424,0,42,60,0,-1,-1,-1
10072,361,441,1,82,96,0,-1,-1,-1
10090,362,419,0,73,86,0,-1,-1,-1
10095,363,210,0,70,140,0,-1,-1,-1
10096,363,422,34,115,297,0,-1,-1,-1
10096,364,277,41,105,294,0,-1,-1,-1
10099,364,276,0,33,59,0,-1,-1,-1
10099,365,299,2,40,58,0,-1,-1,-1
10115,366,535,36,105,259,0,-1,-1,-1
10115,367,483,0,74,88,0,-1,-1,-1
10116,366,257,2,67,236,0,-1,-1,-1
10118,366,428,0,68,106,0,-1,-1,-1
10143,368,569,0,60,113,0,-1,-1,-1
10148,369,429,0,94,92,0,-1,-1,-1
10158,370,266,0,40,54,0,-1,-1,-1
10220,371,451,0,77,104,0,-1,-1,-1
10220,372,542,1,70,96,0,-1,-1,-1
10225,373,125,48,138,302,0,-1,-1,-1
10226,374,399,0,52,99,0,-1,-1,-1
10226,375,175,5,86,217,0,-1,-1,-1
10226,373,338,0,48,98,0,-1,-1,-1
10227,375,292,22,84,245,0,-1,-1,-1
10227,374,184,0,51,109,0,-1,-1,-1
10227,373,380,22,95,231,0,-1,-1,-1
10227,376,1,170,134,184,0,-1,-1,-1
10228,376,94,96,165,253,0,-1,-1,-1
10228,375,2,78,104,243,0,-1,-1,-1
10229,376,217,69,111,274,0,-1,-1,-1
10230,376,499,0,49,97,0,-1,-1,-1
10230,375,150,0,57,107,0,-1,-1,-1
10230,374,260,1,60,148,0,-1,-1,-1
10230,373,342,2,85,152,0,-1,-1,-1
10230,377,407,0,39,62,0,-1,-1,-1
10231,373,503,1,92,204,0,-1,-1,-1
10232,373,188,16,81,211,0,-1,-1,-1
10286,378,219,0,55,87,0,-1,-1,-1
10286,379,185,0,71,88,0,-1,-1,-1
10287,380,178,0,34,63,0,-1,-1,-1
10287,378,210,0,34,66,0,-1,-1,-1
10302,381,442,0,57,100,0,-1,-1,-1
10318,382,392,0,72,97,0,-1,-1,-1
10342,383,428,0,72,84,0,-1,-1,-1
10344,384,489,0,80,120,0,-1,-1,-1
10350,385,374,8,81,202,0,-1,-1,-1
10350,386,510,0,91,204,0,-1,-1,-1
10350,387,540,0,96,205,0,-1,-1,-1
10351,387,283,60,121,278,0,-1,-1,-1
10351,385,398,2,111,344,0,-1,-1,-1
10351,386,498,16,82,243,0,-1,-1,-1
10352,386,158,92,111,253,0,-1,-1,-1
10352,385,299,90,97,248,0,-1,-1,-1
10352,388,389,5,121,342,0,-1,-1,-1
10353,386,177,125,117,219,0,-1,-1,-1
10353,388,320,103,90,237,0,-1,-1,-1
10353,389,398,8,118,326,0,-1,-1,-1
10353,385,488,43,94,255,0,-1,-1,-1
10354,385,311,114,107,223,0,-1,-1,-1
10354,389,402,10,135,276,0,-1,-1,-1
10354,386,210,158,148,186,0,-1,-1,-1
10355,389,322,106,111,241,0,-1,-1,-1
10355,386,220,175,118,174,0,-1,-1,-1
10355,385,478,60,103,218,0,-1,-1,-1
10355,388,409,0,92,275,0,-1,-1,-1
10356,386,243,28,144,322,0,-1,-1,-1
10356,385,430,62,106,275,0,-1,-1,-1
10356,389,559,5,62,118,0,-1,-1,-1
10357,389,186,24,79,222,0,-1,-1,-1
10357,385,554,5,72,115,0,-1,-1,-1
10357,388,120,8,73,226,0,-1,-1,-1
10358,389,159,0,51,99,0,-1,-1,-1
10358,388,555,5,69,116,0,-1,-1,-1
10358,385,223,0,50,94,0,-1,-1,-1
10359,388,557,4,66,117,0,-1,-1,-1
10382,390,478,34,106,242,0,-1,-1,-1
10393,391,193,85,141,263,0,-1,-1,-1
10393,392,338,62,78,276,0,-1,-1,-1
10394,392,398,74,163,268,0,-1,-1,-1
10398,393,236,104,145,241,0,-1,-1,-1
10398,394,353,149,156,197,0,-1,-1,-1
10399,393,120,55,117,299,0,-1,-1,-1
10399,395,395,115,109,225,0,-1,-1,-1
10399,394,379,0,57,89,0,-1,-1,-1
10400,393,339,52,121,291,0,-1,-1,-1
10400,394,155,15,119,337,0,-1,-1,-1
10400,395,508,0,80,149,0,-1,-1,-1
10400,396,96,14,59,164,0,-1,-1,-1
10401,394,287,69,119,277,0,-1,-1,-1
10401,396,188,62,95,278,0,-1,-1,-1
10402,393,501,0,113,160,0,-1,-1,-1
10404,393,267,0,91,121,0,-1,-1,-1
10450,397,438,0,88,78,0,-1,-1,-1
10452,398,357,0,64,98,0,-1,-1,-1
10452,397,415,0,78,71,0,-1,-1,-1
10517,399,423,0,75,80,0,-1,-1,-1
10518,399,346,0,65,87,0,-1,-1,-1
10522,400,438,0,79,98,0,-1,-1,-1
10534,401,400,0,61,99,0,-1,-1,-1
10539,402,296,0,47,46,0,-1,-1,-1
10571,403,559,0,73,101,0,-1,-1,-1
10583,404,528,5,72,149,0,-1,-1,-1
10584,404,389,40,86,231,0,-1,-1,-1
10584,405,546,49,94,231,0,-1,-1,-1
10585,405,477,62,101,225,0,-1,-1,-1
10585,404,322,0,64,99,0,-1,-1,-1
10585,406,547,55,91,219,0,-1,-1,-1
10595,407,376,64,110,241,0,-1,-1,-1
10595,408,219,59,97,269,0,-1,-1,-1
10597,407,459,0,69,128,0,-1,-1,-1
10597,408,128,3,64,149,0,-1,-1,-1
10599,407,3,2,99,193,0,-1,-1,-1
10600,407,4,2,98,193,0,-1,-1,-1
10601,407,3,3,99,190,0,-1,-1,-1
10601,409,590,0,49,98,0,-1,-1,-1
10602,407,1,0,101,192,0,-1,-1,-1
10607,410,3,4,97,188,0,-1,-1,-1
10608,410,5,6,92,195,0,-1,-1,-1
10612,411,6,6,90,195,0,-1,-1,-1
10612,412,504,0,97,147,0,-1,-1,-1
10613,411,7,5,90,196,0,-1,-1,-1
10613,412,416,2,75,155,0,-1,-1,-1
10614,411,6,6,91,194,0,-1,-1,-1
10615,411,7,5,90,196,0,-1,-1,-1
10616,411,8,6,89,196,0,-1,-1,-1
10617,411,9,6,88,193,0,-1,-1,-1
10617,413,419,0,76,146,0,-1,-1,-1
10617,414,155,0,60,88,0,-1,-1,-1
10618,413,265,0,48,105,0,-1,-1,-1
10618,411,7,4,91,197,0,-1,-1,-1
10618,414,418,0,68,150,0,-1,-1,-1
10618,415,366,2,63,150,0,-1,-1,-1
10619,411,5,5,93,197,0,-1,-1,-1
10619,414,353,0,77,157,0,-1,-1,-1
10619,415,428,0,73,153,0,-1,-1,-1
10620,411,6,6,92,194,0,-1,-1,-1
10621,411,7,6,90,194,0,-1,-1,-1
10621,415,370,0,60,156,0,-1,-1,-1
10622,411,6,5,94,196,0,-1,-1,-1
10622,415,384,0,82,136,0,-1,-1,-1
10623,411,7,7,91,193,0,-1,-1,-1
10623,415,415,0,83,69,0,-1,-1,-1
10624,411,7,5,90,193,0,-1,-1,-1
10625,411,7,7,89,192,0,-1,-1,-1
10626,411,6,9,89,191,0,-1,-1,-1
10627,411,5,7,91,194,0,-1,-1,-1
10627,416,415,20,87,174,0,-1,-1,-1
10627,417,492,9,83,188,0,-1,-1,-1
10628,411,184,89,123,262,0,-1,-1,-1
10628,418,50,110,109,239,0,-1,-1,-1
10629,418,4,6,93,192,0,-1,-1,-1
10630,418,8,6,86,193,0,-1,-1,-1
10633,418,7,5,89,195,0,-1,-1,-1
10634,418,7,6,87,194,0,-1,-1,-1
10634,419,453,0,71,94,0,-1,-1,-1
10635,418,5,7,91,192,0,-1,-1,-1
10636,418,7,7,89,193,0,-1,-1,-1
10637,418,7,6,89,194,0,-1,-1,-1
10638,418,6,7,90,194,0,-1,-1,-1
10640,418,6,7,92,193,0,-1,-1,-1
10641,418,6,8,90,192,0,-1,-1,-1
10644,418,7,8,88,192,0,-1,-1,-1
10644,420,321,229,116,110,0,-1,-1,-1
10645,418,7,8,90,193,0,-1,-1,-1
10646,418,253,60,106,281,0,-1,-1,-1
10646,420,7,8,88,193,0,-1,-1,-1
10647,420,493,22,95,231,0,-1,-1,-1
10647,421,394,13,81,204,0,-1,-1,-1
10647,422,7,6,89,195,0,-1,-1,-1
10648,422,7,6,91,194,0,-1,-1,-1
10649,422,6,7,92,194,0,-1,-1,-1
10650,422,7,5,92,194,0,-1,-1,-1
10651,422,7,5,92,194,0,-1,-1,-1
10653,422,8,5,90,194,0,-1,-1,-1
10654,422,6,7,91,195,0,-1,-1,-1
10655,422,6,7,91,191,0,-1,-1,-1
10655,423,450,0,85,91,0,-1,-1,-1
10656,422,6,3,92,196,0,-1,-1,-1
10659,422,7,6,90,192,0,-1,-1,-1
10660,422,4,10,94,188,0,-1,-1,-1
10661,422,7,4,90,195,0,-1,-1,-1
10662,422,6,5,93,194,0,-1,-1,-1
10666,424,5,6,94,192,0,-1,-1,-1
10667,424,8,7,86,191,0,-1,-1,-1
10668,424,6,8,91,193,0,-1,-1,-1
10669,424,7,4,91,195,0,-1,-1,-1
10670,424,7,3,90,196,0,-1,-1,-1
10672,424,6,4,92,196,0,-1,-1,-1
10673,424,6,2,92,201,0,-1,-1,-1
10674,424,5,4,95,199,0,-1,-1,-1
10674,425,442,0,74,85,0,-1,-1,-1
10675,424,9,3,90,197,0,-1,-1,-1
10676,424,6,5,94,196,0,-1,-1,-1
10677,424,8,4,90,196,0,-1,-1,-1
10679,424,7,4,95,196,0,-1,-1,-1
10681,424,10,5,91,194,0,-1,-1,-1
10682,424,10,7,92,193,0,-1,-1,-1
10685,424,9,8,92,189,0,-1,-1,-1
10686,424,2,2,97,194,0,-1,-1,-1
10687,424,9,6,93,192,0,-1,-1,-1
10688,424,5,6,98,193,0,-1,-1,-1
10690,424,6,6,97,194,0,-1,-1,-1
10692,424,7,3,93,198,0,-1,-1,-1
10693,424,6,2,96,197,0,-1,-1,-1
10694,424,429,0,72,98,0,-1,-1,-1
10694,426,5,1,97,198,0,-1,-1,-1
10695,426,7,1,91,194,0,-1,-1,-1
10696,426,6,4,94,192,0,-1,-1,-1
10697,426,3,3,98,196,0,-1,-1,-1
10699,426,6,1,93,195,0,-1,-1,-1
10700,426,3,2,98,197,0,-1,-1,-1
10701,426,5,0,97,199,0,-1,-1,-1
10702,426,3,1,99,197,0,-1,-1,-1
10703,426,5,5,96,193,0,-1,-1,-1
10704,426,4,0,102,199,0,-1,-1,-1
10706,426,0,0,102,200,0,-1,-1,-1
10707,426,0,1,102,199,0,-1,-1,-1
10708,426,3,3,98,197,0,-1,-1,-1
10709,426,5,5,97,194,0,-1,-1,-1
10710,426,415,0,77,104,0,-1,-1,-1
10710,427,4,4,98,194,0,-1,-1,-1
10711,427,366,0,93,100,0,-1,-1,-1
10711,428,6,6,96,193,0,-1,-1,-1
10712,428,6,2,94,198,0,-1,-1,-1
10713,428,9,2,99,196,0,-1,-1,-1
10717,429,5,2,97,197,0,-1,-1,-1
10718,429,4,0,99,198,0,-1,-1,-1
10719,429,4,1,99,198,0,-1,-1,-1
10720,429,6,1,97,199,0,-1,-1,-1
10721,429,7,0,102,197,0,-1,-1,-1
10722,429,6,0,103,197,0,-1,-1,-1
10722,430,326,0,65,89,0,-1,-1,-1
10723,429,6,1,102,199,0,-1,-1,-1
10723,430,550,0,71,107,0,-1,-1,-1
10725,429,489,0,61,119,0,-1,-1,-1
10726,429,463,1,60,112,0,-1,-1,-1
10728,429,450,0,65,124,0,-1,-1,-1
10729,429,438,0,55,132,0,-1,-1,-1
10732,429,128,0,65,136,0,-1,-1,-1
10733,429,136,1,73,139,0,-1,-1,-1
10734,429,136,2,72,137,0,-1,-1,-1
10735,429,134,1,75,135,0,-1,-1,-1
10736,429,136,2,69,134,0,-1,-1,-1
10738,429,126,0,67,129,0,-1,-1,-1
10739,429,120,8,70,121,0,-1,-1,-1
10744,431,120,4,71,126,0,-1,-1,-1
10745,431,120,9,70,121,0,-1,-1,-1
10745,432,370,0,76,86,0,-1,-1,-1
10746,431,121,2,69,126,0,-1,-1,-1
10751,433,124,7,67,121,0,-1,-1,-1
10752,433,122,1,65,127,0,-1,-1,-1
10758,434,177,0,63,148,0,-1,-1,-1
10759,434,159,0,66,148,0,-1,-1,-1
10760,434,216,1,59,149,0,-1,-1,-1
10761,434,225,0,61,152,0,-1,-1,-1
10762,434,187,0,60,153,0,-1,-1,-1
10764,434,260,0,57,154,0,-1,-1,-1
10765,434,180,0,66,146,0,-1,-1,-1
10766,434,121,0,64,134,0,-1,-1,-1
10767,434,153,0,59,93,0,-1,-1,-1
10768,434,317,0,77,96,0,-1,-1,-1
10777,435,396,0,71,86,0,-1,-1,-1
10781,436,270,0,48,92,0,-1,-1,-1
10800,437,541,0,76,113,0,-1,-1,-1
10807,438,113,26,98,253,0,-1,-1,-1
10807,439,219,37,100,277,0,-1,-1,-1
10813,440,515,1,83,105,0,-1,-1,-1
10817,441,455,1,77,96,0,-1,-1,-1
10828,442,421,0,71,93,0,-1,-1,-1
10828,443,556,0,73,96,0,-1,-1,-1
10842,444,455,34,105,230,0,-1,-1,-1
10847,445,476,21,91,256,0,-1,-1,-1
10847,446,375,11,120,257,0,-1,-1,-1
10854,447,492,24,83,197,0,-1,-1,-1
10854,448,417,4,82,211,0,-1,-1,-1
10855,448,480,0,70,93,0,-1,-1,-1
10861,449,426,0,78,82,0,-1,-1,-1
10876,450,379,0,54,102,0,-1,-1,-1
10883,451,375,0,68,102,0,-1,-1,-1
10912,452,306,0,83,82,0,-1,-1,-1
10913,452,361,0,36,65,0,-1,-1,-1
10915,452,319,49,92,253,0,-1,-1,-1
10925,453,522,1,81,119,0,-1,-1,-1
10957,454,404,0,74,81,0,-1,-1,-1
10975,455,407,0,79,89,0,-1,-1,-1
10983,456,552,0,82,106,0,-1,-1,-1
11014,457,491,0,87,97,0,-1,-1,-1
11019,458,275,1,68,86,0,-1,-1,-1
11044,459,376,4,74,119,0,-1,-1,-1
11045,459,377,0,65,82,0,-1,-1,-1
11092,460,339,0,92,113,0,-1,-1,-1
11093,460,275,10,97,270,0,-1,-1,-1
11097,461,190,0,73,143,0,-1,-1,-1
11113,462,351,1,73,71,0,-1,-1,-1
11119,463,416,4,97,112,0,-1,-1,-1
11119,464,524,4,66,109,0,-1,-1,-1
11120,463,416,1,100,115,0,-1,-1,-1
11130,465,494,0,83,91,0,-1,-1,-1
11144,466,529,0,74,95,0,-1,-1,-1
11152,467,405,0,71,100,0,-1,-1,-1
11152,468,165,0,56,89,0,-1,-1,-1
11152,469,233,1,31,64,0,-1,-1,-1
11153,467,323,0,104,125,0,-1,-1,-1
11168,470,251,30,91,278,0,-1,-1,-1
11177,471,399,0,103,90,0,-1,-1,-1
11184,472,213,0,60,119,0,-1,-1,-1
11196,473,412,0,81,74,0,-1,-1,-1
11222,474,281,0,60,97,0,-1,-1,-1
11223,475,418,0,79,92,0,-1,-1,-1
11262,476,385,0,70,83,0,-1,-1,-1
11318,477,403,0,88,69,0,-1,-1,-1
11326,478,497,0,90,96,0,-1,-1,-1
11350,479,324,0,79,92,0,-1,-1,-1
11369,480,403,5,90,151,0,-1,-1,-1
11414,481,396,0,59,88,0,-1,-1,-1
11414,482,322,0,71,83,0,-1,-1,-1
11424,483,439,0,58,86,0,-1,-1,-1
11450,484,243,0,34,63,0,-1,-1,-1
11456,485,389,0,76,95,0,-1,-1,-1
11458,485,497,0,67,87,0,-1,-1,-1
11480,486,484,0,64,89,0,-1,-1,-1
11487,487,430,2,72,119,0,-1,-1,-1
11488,487,377,0,52,101,0,-1,-1,-1
11489,488,373,0,73,85,0,-1,-1,-1
11517,489,415,1,72,75,0,-1,-1,-1
11528,490,538,0,91,118,0,-1,-1,-1
11553,491,418,67,107,277,0,-1,-1,-1
11560,492,450,0,89,99,0,-1,-1,-1
11576,493,320,0,76,140,0,-1,-1,-1
11579,493,333,8,82,223,0,-1,-1,-1
11580,494,211,85,127,266,0,-1,-1,-1
11581,494,245,50,134,300,0,-1,-1,-1
11581,493,157,45,82,236,0,-1,-1,-1
11582,493,451,138,169,203,0,-1,-1,-1
11583,493,445,135,163,206,0,-1,-1,-1
11585,493,445,135,163,206,0,-1,-1,-1
11586,493,451,135,161,208,0,-1,-1,-1
11594,495,52,147,144,202,0,-1,-1,-1
11595,495,53,154,144,196,0,-1,-1,-1
11596,495,54,158,143,192,0,-1,-1,-1
11597,495,58,156,141,194,0,-1,-1,-1
11598,495,41,160,149,189,0,-1,-1,-1
11599,495,32,172,167,182,0,-1,-1,-1
11600,495,51,152,144,198,0,-1,-1,-1
11601,495,50,153,142,199,0,-1,-1,-1
11603,495,27,160,161,193,0,-1,-1,-1
11604,495,54,149,145,201,0,-1,-1,-1
11605,495,36,163,156,188,0,-1,-1,-1
11606,495,42,156,153,193,0,-1,-1,-1
11607,495,50,153,147,196,0,-1,-1,-1
11607,496,392,3,89,247,0,-1,-1,-1
11608,496,30,180,170,176,0,-1,-1,-1
11609,496,35,182,162,174,0,-1,-1,-1
11610,496,35,181,164,175,0,-1,-1,-1
11611,496,32,180,166,177,0,-1,-1,-1
11612,496,32,182,165,174,0,-1,-1,-1
11613,496,33,184,166,171,0,-1,-1,-1
11613,497,407,0,72,84,0,-1,-1,-1
11614,496,95,150,150,198,0,-1,-1,-1
11615,496,97,150,150,198,0,-1,-1,-1
11617,496,95,149,149,201,0,-1,-1,-1
11618,496,105,150,147,197,0,-1,-1,-1
11619,496,100,152,146,196,0,-1,-1,-1
11621,496,75,148,159,200,0,-1,-1,-1
11621,498,385,0,73,168,0,-1,-1,-1
11621,499,449,0,71,159,0,-1,-1,-1
11622,499,81,149,156,200,0,-1,-1,-1
11623,499,83,149,154,197,0,-1,-1,-1
11624,499,92,146,167,203,0,-1,-1,-1
11625,499,90,147,163,204,0,-1,-1,-1
11626,499,96,149,161,200,0,-1,-1,-1
11627,499,91,149,168,205,0,-1,-1,-1
11628,499,57,161,190,190,0,-1,-1,-1
11629,499,203,23,85,229,0,-1,-1,-1
11630,499,204,25,85,228,0,-1,-1,-1
11632,499,199,20,97,233,0,-1,-1,-1
11634,499,186,28,96,224,0,-1,-1,-1
11636,499,186,29,96,223,0,-1,-1,-1
11636,500,375,0,65,123,0,-1,-1,-1
11637,499,187,29,95,223,0,-1,-1,-1
11638,499,186,29,96,222,0,-1,-1,-1
11639,499,198,28,88,225,0,-1,-1,-1
11642,499,191,26,92,225,0,-1,-1,-1
11643,499,188,28,95,223,0,-1,-1,-1
11644,499,209,19,80,231,0,-1,-1,-1
11645,499,204,28,86,222,0,-1,-1,-1
11646,499,212,22,82,225,0,-1,-1,-1
11647,499,214,24,76,223,0,-1,-1,-1
11649,499,185,30,96,221,0,-1,-1,-1
11653,501,200,24,85,227,0,-1,-1,-1
11654,501,213,20,103,227,0,-1,-1,-1
11655,501,193,19,96,232,0,-1,-1,-1
11656,501,185,31,98,222,0,-1,-1,-1
11657,501,184,32,97,219,0,-1,-1,-1
11657,502,464,0,72,136,0,-1,-1,-1
11658,501,220,23,90,228,0,-1,-1,-1
11659,501,220,22,87,229,0,-1,-1,-1
11669,503,240,0,71,202,0,-1,-1,-1
11672,503,214,23,80,175,0,-1,-1,-1
11681,504,120,3,77,191,0,-1,-1,-1
11696,505,156,2,70,98,0,-1,-1,-1
11696,506,177,0,69,95,0,-1,-1,-1
11697,506,191,0,66,96,0,-1,-1,-1
11697,505,218,0,65,96,0,-1,-1,-1
11712,507,431,0,64,156,0,-1,-1,-1
11713,507,264,0,60,111,0,-1,-1,-1
11729,508,164,0,56,97,0,-1,-1,-1
11732,509,250,0,88,178,0,-1,-1,-1
11732,508,166,8,77,204,0,-1,-1,-1
11751,510,290,0,81,91,0,-1,-1,-1
11758,511,158,90,112,257,0,-1,-1,-1
11758,512,267,92,94,260,0,-1,-1,-1
11771,513,454,0,65,94,0,-1,-1,-1
11779,514,339,1,78,237,0,-1,-1,-1
11779,515,234,20,76,216,0,-1,-1,-1
11798,516,344,0,63,109,0,-1,-1,-1
11799,516,126,61,126,284,0,-1,-1,-1
11800,516,510,35,90,239,0,-1,-1,-1
11800,517,388,7,90,260,0,-1,-1,-1
11806,518,474,0,73,98,0,-1,-1,-1
11818,519,406,0,71,120,0,-1,-1,-1
11818,520,507,0,81,100,0,-1,-1,-1
11827,521,557,0,67,105,0,-1,-1,-1
11829,522,421,0,69,83,0,-1,-1,-1
11848,523,442,0,88,91,0,-1,-1,-1
11856,524,443,0,88,95,0,-1,-1,-1
11857,524,432,0,75,109,0,-1,-1,-1
11858,524,411,1,81,115,0,-1,-1,-1
11868,525,491,4,92,135,0,-1,-1,-1
11869,525,494,0,62,174,0,-1,-1,-1
11870,525,384,0,70,161,0,-1,-1,-1
11872,526,338,80,114,261,0,-1,-1,-1
11872,527,462,27,125,309,0,-1,-1,-1
11890,528,438,46,76,222,0,-1,-1,-1
11892,528,120,103,146,244,0,-1,-1,-1
11901,529,472,13,118,301,0,-1,-1,-1
11901,530,396,36,89,269,0,-1,-1,-1
11902,529,431,0,58,154,0,-1,-1,-1
11903,529,547,0,77,159,0,-1,-1,-1
11904,529,442,0,83,79,0,-1,-1,-1
11905,529,376,1,63,95,0,-1,-1,-1
11906,531,350,5,32,56,0,-1,-1,-1
11908,531,310,0,37,65,0,-1,-1,-1
11913,532,421,1,80,86,0,-1,-1,-1
11917,533,445,3,80,221,0,-1,-1,-1
11917,534,370,0,77,197,0,-1,-1,-1
11918,533,416,1,90,224,0,-1,-1,-1
11919,533,411,3,96,217,0,-1,-1,-1
11920,533,286,3,68,168,0,-1,-1,-1
11920,534,228,0,61,159,0,-1,-1,-1
11931,535,497,0,58,167,0,-1,-1,-1
11945,536,492,0,66,85,0,-1,-1,-1
11946,536,490,0,70,100,0,-1,-1,-1
11950,537,383,0,58,88,0,-1,-1,-1
11950,538,561,0,70,113,0,-1,-1,-1
11960,539,370,11,84,223,0,-1,-1,-1
11975,540,300,0,39,70,0,-1,-1,-1
11979,541,388,0,57,92,0,-1,-1,-1
11995,542,477,0,95,106,0,-1,-1,-1
12002,543,311,37,119,294,0,-1,-1,-1
12007,544,511,2,79,207,0,-1,-1,-1
12007,545,284,0,68,88,0,-1,-1,-1
12042,546,409,0,78,84,0,-1,-1,-1
12080,547,471,15,72,224,0,-1,-1,-1
12098,548,526,0,82,94,0,-1,-1,-1
12169,549,424,0,70,82,0,-1,-1,-1
12181,550,426,0,66,94,0,-1,-1,-1
12187,551,419,28,141,319,0,-1,-1,-1
12333,552,548,4,88,187,0,-1,-1,-1
12334,552,491,0,77,108,0,-1,-1,-1
12340,553,601,0,38,106,0,-1,-1,-1
12341,553,596,0,42,102,0,-1,-1,-1
12342,554,439,0,68,128,0,-1,-1,-1
12368,555,395,0,75,145,0,-1,-1,-1
12383,556,102,2,109,187,0,-1,-1,-1
12386,557,52,50,108,260,0,-1,-1,-1
12408,558,493,0,74,94,0,-1,-1,-1
12421,559,481,0,109,187,0,-1,-1,-1
12422,559,178,4,71,116,0,-1,-1,-1
12422,560,267,0,86,115,0,-1,-1,-1
12423,560,302,29,94,247,0,-1,-1,-1
12423,561,214,41,82,240,0,-1,-1,-1
12424,560,524,1,65,91,0,-1,-1,-1
12451,562,259,80,101,270,0,-1,-1,-1
12451,563,159,46,81,251,0,-1,-1,-1
12531,564,449,0,59,113,0,-1,-1,-1
12555,565,418,0,72,84,0,-1,-1,-1
12615,566,278,9,65,224,0,-1,-1,-1
12655,567,416,2,88,77,0,-1,-1,-1
12662,568,306,0,64,92,0,-1,-1,-1
12663,568,450,0,71,90,0,-1,-1,-1
12704,569,351,4,73,99,0,-1,-1,-1
12705,569,112,19,122,276,0,-1,-1,-1
12706,569,215,0,113,249,0,-1,-1,-1
12718,570,327,31,103,234,0,-1,-1,-1
12718,571,24,3,122,191,0,-1,-1,-1
12720,571,397,17,63,162,0,-1,-1,-1
12721,571,396,14,63,163,0,-1,-1,-1
12722,572,2,43,88,257,0,-1,-1,-1
12722,571,394,13,65,163,0,-1,-1,-1
12722,573,266,2,56,150,0,-1,-1,-1
12723,573,247,1,77,142,0,-1,-1,-1
12723,571,325,22,54,147,0,-1,-1,-1
12724,571,327,17,59,151,0,-1,-1,-1
12724,573,263,17,53,136,0,-1,-1,-1
12726,571,422,0,61,138,0,-1,-1,-1
12726,573,265,0,64,133,0,-1,-1,-1
12726,574,356,1,44,135,0,-1,-1,-1
12738,575,431,0,67,85,0,-1,-1,-1
12741,575,157,0,57,103,0,-1,-1,-1
12744,575,198,122,125,222,0,-1,-1,-1
12756,576,537,0,65,94,0,-1,-1,-1
12763,577,384,0,80,114,0,-1,-1,-1
12764,578,218,16,94,240,0,-1,-1,-1
12765,579,114,143,189,207,0,-1,-1,-1
12782,580,425,0,70,94,0,-1,-1,-1
12798,581,224,136,124,212,0,-1,-1,-1
12798,582,349,57,171,296,0,-1,-1,-1
12812,583,543,3,89,212,0,-1,-1,-1
12814,583,437,114,159,227,0,-1,-1,-1
12815,583,98,45,109,260,0,-1,-1,-1
12815,584,184,5,96,281,0,-1,-1,-1
12818,584,131,3,80,112,0,-1,-1,-1
12829,585,462,1,69,96,0,-1,-1,-1
12834,586,522,1,75,100,0,-1,-1,-1
12847,587,475,0,91,114,0,-1,-1,-1
12850,588,406,0,82,84,0,-1,-1,-1
12888,589,199,0,46,110,0,-1,-1,-1
12900,590,460,1,76,105,0,-1,-1,-1
12905,591,424,0,67,79,0,-1,-1,-1
12929,592,353,0,64,117,0,-1,-1,-1
12930,592,431,0,68,95,0,-1,-1,-1
12945,593,436,0,68,86,0,-1,-1,-1
12955,594,219,58,91,246,0,-1,-1,-1
13062,595,518,1,79,100,0,-1,-1,-1
13063,596,441,0,80,108,0,-1,-1,-1
13064,596,228,0,42,60,0,-1,-1,-1
13064,595,276,0,32,55,0,-1,-1,-1
13096,597,321,75,95,264,0,-1,-1,-1
13113,598,287,0,74,92,0,-1,-1,-1
13136,599,477,0,79,235,0,-1,-1,-1
13136,600,257,35,102,232,0,-1,-1,-1
13290,601,250,0,67,117,0,-1,-1,-1
13306,602,158,0,81,234,0,-1,-1,-1
13309,602,508,7,108,243,0,-1,-1,-1
13553,603,183,0,52,89,0,-1,-1,-1
13554,603,150,11,102,239,0,-1,-1,-1
13557,603,488,2,115,241,0,-1,-1,-1
13589,604,243,0,66,89,0,-1,-1,-1
13590,605,446,0,77,86,0,-1,-1,-1
13617,606,457,0,81,97,0,-1,-1,-1
13635,607,477,18,84,142,0,-1,-1,-1
13657,608,5,51,89,191,0,-1,-1,-1
13669,609,377,0,82,81,0,-1,-1,-1
13692,610,402,0,88,119,0,-1,-1,-1
13692,611,487,0,68,110,0,-1,-1,-1
13703,612,406,1,75,118,0,-1,-1,-1
13703,613,316,0,67,101,0,-1,-1,-1
13740,614,405,1,88,74,0,-1,-1,-1
13798,615,547,0,83,128,0,-1,-1,-1
13818,616,404,0,86,92,0,-1,-1,-1
13894,617,566,0,56,106,0,-1,-1,-1
13909,618,534,0,71,130,0,-1,-1,-1
13913,619,530,1,73,132,0,-1,-1,-1
13916,619,402,19,125,265,0,-1,-1,-1
13934,620,283,0,100,226,0,-1,-1,-1
14041,621,253,1,94,242,0,-1,-1,-1
14154,622,518,2,91,195,0,-1,-1,-1
14204,623,319,41,93,205,0,-1,-1,-1
14205,623,150,195,196,158,0,-1,-1,-1
14205,624,400,0,92,155,0,-1,-1,-1
14206,623,503,12,88,201,0,-1,-1,-1
14206,625,399,46,118,247,0,-1,-1,-1
14206,626,273,7,92,212,0,-1,-1,-1
14207,625,534,0,63,91,0,-1,-1,-1
14264,627,248,0,85,139,0,-1,-1,-1
14265,627,147,0,64,96,0,-1,-1,-1
14265,628,212,0,62,88,0,-1,-1,-1
14266,627,150,0,74,95,0,-1,-1,-1
14266,628,186,0,65,89,0,-1,-1,-1
14268,627,150,0,67,95,0,-1,-1,-1
14268,628,186,0,65,88,0,-1,-1,-1
14269,628,157,0,76,93,0,-1,-1,-1
14317,629,440,1,95,93,0,-1,-1,-1
14336,630,320,2,79,98,0,-1,-1,-1
14337,630,558,0,73,141,0,-1,-1,-1
14341,631,449,8,99,263,0,-1,-1,-1
14436,632,456,0,75,87,0,-1,-1,-1
14437,632,0,132,153,226,0,-1,-1,-1
14480,633,400,0,96,89,0,-1,-1,-1
14527,634,272,0,61,88,0,-1,-1,-1
14542,635,425,0,64,91,0,-1,-1,-1
14602,636,499,0,91,97,0,-1,-1,-1
14625,637,424,0,66,84,0,-1,-1,-1
14650,638,302,145,202,202,0,-1,-1,-1
14652,638,518,1,78,114,0,-1,-1,-1
14661,639,336,1,78,81,0,-1,-1,-1
14667,640,169,1,46,96,0,-1,-1,-1
14704,641,415,1,74,98,0,-1,-1,-1
14731,642,442,0,77,99,0,-1,-1,-1
14852,643,401,0,95,88,0,-1,-1,-1
14917,644,271,38,84,257,0,-1,-1,-1
14917,645,223,0,52,100,0,-1,-1,-1
14918,646,231,0,60,130,0,-1,-1,-1
14919,646,396,0,88,243,0,-1,-1,-1
14921,646,530,0,72,96,0,-1,-1,-1
14922,646,350,91,131,256,0,-1,-1,-1
14922,647,518,5,93,241,0,-1,-1,-1
14923,648,312,0,56,122,0,-1,-1,-1
14924,648,446,0,61,88,0,-1,-1,-1
14930,649,564,0,63,113,0,-1,-1,-1
14931,649,238,0,51,88,0,-1,-1,-1
14934,649,167,0,61,88,0,-1,-1,-1
15788,650,492,2,80,135,0,-1,-1,-1
16236,651,511,0,110,192,0,-1,-1,-1
16238,651,503,0,79,91,0,-1,-1,-1
16292,652,187,11,74,199,0,-1,-1,-1
