1282,0,108,2,85,194,0,-1,-1,-1
2172,1,419,10,144,335,0,-1,-1,-1
2175,1,157,1,77,127,0,-1,-1,-1
2510,2,463,1,76,96,0,-1,-1,-1
2694,3,311,0,33,59,0,-1,-1,-1
2859,4,428,0,94,92,0,-1,-1,-1
3095,5,447,0,71,87,0,-1,-1,-1
3319,6,502,24,94,199,0,-1,-1,-1
3384,7,528,132,63,98,0,-1,-1,-1
3392,8,494,2,75,86,0,-1,-1,-1
3429,9,564,12,73,217,0,-1,-1,-1
3494,10,298,55,121,286,0,-1,-1,-1
3496,11,572,0,65,97,0,-1,-1,-1
3501,12,562,0,62,95,0,-1,-1,-1
3507,13,551,0,79,93,0,-1,-1,-1
3510,13,525,0,62,93,0,-1,-1,-1
3555,14,376,0,61,98,0,-1,-1,-1
3556,14,413,0,61,88,0,-1,-1,-1
3709,15,178,0,56,94,0,-1,-1,-1
3729,16,531,1,64,105,0,-1,-1,-1
3737,17,462,0,62,86,0,-1,-1,-1
3788,18,162,100,100,239,0,-1,-1,-1
3795,19,422,11,68,172,0,-1,-1,-1
3801,20,495,2,91,200,0,-1,-1,-1
3811,21,12,134,149,199,0,-1,-1,-1
3812,22,39,158,128,179,0,-1,-1,-1
3814,22,280,142,116,196,0,-1,-1,-1
3834,23,449,36,100,229,0,-1,-1,-1
3839,24,464,0,39,56,0,-1,-1,-1
3844,25,264,0,35,60,0,-1,-1,-1
3848,26,126,0,56,94,0,-1,-1,-1
3853,27,108,21,97,153,0,-1,-1,-1
3854,28,21,53,101,192,0,-1,-1,-1
3855,28,21,42,104,181,0,-1,-1,-1
3871,29,411,86,108,251,0,-1,-1,-1
3872,29,366,79,127,241,0,-1,-1,-1
3873,29,171,41,91,282,0,-1,-1,-1
3875,29,163,141,116,147,0,-1,-1,-1
3876,29,191,49,105,237,0,-1,-1,-1
3877,29,272,23,72,194,0,-1,-1,-1
3878,29,218,0,73,144,0,-1,-1,-1
3882,30,555,1,73,106,0,-1,-1,-1
3884,30,260,0,59,109,0,-1,-1,-1
3885,30,195,28,92,144,0,-1,-1,-1
3886,30,269,19,79,210,0,-1,-1,-1
3888,31,546,17,72,168,0,-1,-1,-1
3889,31,513,5,70,142,0,-1,-1,-1
3926,32,326,0,55,52,0,-1,-1,-1
4044,33,534,4,64,124,0,-1,-1,-1
4057,34,312,76,128,260,0,-1,-1,-1
4084,35,438,0,82,85,0,-1,-1,-1
4090,36,414,1,65,98,0,-1,-1,-1
4169,37,67,0,84,121,0,-1,-1,-1
4178,38,36,112,155,227,0,-1,-1,-1
4213,39,82,20,77,157,0,-1,-1,-1
4242,40,26,28,99,216,0,-1,-1,-1
4243,40,42,35,84,149,0,-1,-1,-1
4289,41,519,12,79,160,0,-1,-1,-1
4367,42,28,53,98,201,0,-1,-1,-1
4401,43,308,95,164,244,0,-1,-1,-1
4518,44,21,56,102,231,0,-1,-1,-1
4524,45,129,183,153,150,0,-1,-1,-1
4524,46,4,79,108,228,0,-1,-1,-1
4525,46,386,6,66,167,0,-1,-1,-1
4526,46,572,0,62,96,0,-1,-1,-1
4527,46,566,0,59,108,0,-1,-1,-1
4593,47,462,0,74,94,0,-1,-1,-1
4594,48,448,0,74,96,0,-1,-1,-1
4792,49,465,0,57,100,0,-1,-1,-1
4842,50,331,70,112,253,0,-1,-1,-1
5003,51,427,130,52,89,0,-1,-1,-1
5041,52,76,105,111,229,0,-1,-1,-1
5066,53,153,0,58,109,0,-1,-1,-1
5092,54,270,0,26,55,0,-1,-1,-1
5094,54,225,147,179,191,0,-1,-1,-1
5109,55,167,1,61,135,0,-1,-1,-1
5155,56,443,0,65,103,0,-1,-1,-1
5156,56,547,0,73,131,0,-1,-1,-1
5157,56,393,18,108,289,0,-1,-1,-1
5158,56,43,0,76,133,0,-1,-1,-1
5167,57,71,13,65,120,0,-1,-1,-1
5215,58,473,0,84,89,0,-1,-1,-1
5288,59,257,0,75,221,0,-1,-1,-1
5331,60,148,28,93,243,0,-1,-1,-1
5345,61,360,0,75,127,0,-1,-1,-1
5375,62,242,40,84,248,0,-1,-1,-1
5473,63,350,0,53,95,0,-1,-1,-1
5475,63,475,2,86,243,0,-1,-1,-1
5542,64,324,0,48,50,0,-1,-1,-1
5568,65,549,21,89,206,0,-1,-1,-1
5731,66,485,0,82,101,0,-1,-1,-1
5796,67,352,81,82,242,0,-1,-1,-1
5816,68,463,0,64,89,0,-1,-1,-1
5856,69,212,5,44,116,0,-1,-1,-1
5862,70,193,0,53,88,0,-1,-1,-1
5863,70,22,86,107,237,0,-1,-1,-1
5879,71,409,3,74,110,0,-1,-1,-1
5886,72,208,3,61,133,0,-1,-1,-1
5917,73,348,7,73,185,0,-1,-1,-1
5962,74,526,0,72,103,0,-1,-1,-1
5975,75,528,0,68,102,0,-1,-1,-1
6007,76,437,3,35,54,0,-1,-1,-1
6043,77,54,126,162,210,0,-1,-1,-1
6072,78,308,0,36,51,0,-1,-1,-1
6080,79,467,0,79,87,0,-1,-1,-1
6127,80,483,0,73,93,0,-1,-1,-1
6131,81,453,14,104,240,0,-1,-1,-1
6143,82,381,0,61,100,0,-1,-1,-1
6148,83,121,5,70,113,0,-1,-1,-1
6152,84,226,92,149,245,0,-1,-1,-1
6159,85,334,2,49,49,0,-1,-1,-1
6193,86,204,0,52,87,0,-1,-1,-1
6220,87,507,0,78,103,0,-1,-1,-1
6254,88,129,0,56,108,0,-1,-1,-1
6305,89,360,0,64,99,0,-1,-1,-1
6310,90,258,0,59,138,0,-1,-1,-1
6311,90,142,136,178,201,0,-1,-1,-1
6317,91,212,28,105,274,0,-1,-1,-1
6329,92,313,76,151,254,0,-1,-1,-1
6338,93,155,98,152,236,0,-1,-1,-1
6357,94,162,1,60,109,0,-1,-1,-1
6359,94,34,0,89,204,0,-1,-1,-1
6360,94,86,8,109,236,0,-1,-1,-1
6378,95,352,223,149,122,0,-1,-1,-1
6379,95,346,209,165,134,0,-1,-1,-1
6380,95,297,25,106,268,0,-1,-1,-1
6384,96,452,0,82,100,0,-1,-1,-1
6424,97,125,0,50,128,0,-1,-1,-1
6425,98,180,18,120,326,0,-1,-1,-1
6426,99,190,155,133,185,0,-1,-1,-1
6427,100,358,24,73,216,0,-1,-1,-1
6428,100,276,1,33,67,0,-1,-1,-1
6447,101,119,0,70,171,0,-1,-1,-1
6456,102,375,0,71,166,0,-1,-1,-1
6460,103,321,0,57,51,0,-1,-1,-1
6464,104,100,5,64,123,0,-1,-1,-1
6465,105,325,0,56,47,0,-1,-1,-1
6471,106,322,0,63,124,0,-1,-1,-1
6472,106,307,7,44,118,0,-1,-1,-1
6472,107,446,0,74,99,0,-1,-1,-1
6473,107,417,0,73,107,0,-1,-1,-1
6473,106,309,10,45,112,0,-1,-1,-1
6473,108,546,0,76,138,0,-1,-1,-1
6475,109,161,70,134,270,0,-1,-1,-1
6475,110,389,144,160,190,0,-1,-1,-1
6476,109,96,128,142,204,0,-1,-1,-1
6476,110,358,146,194,199,0,-1,-1,-1
6477,109,107,131,124,204,0,-1,-1,-1
6477,110,346,143,174,193,0,-1,-1,-1
6479,110,20,176,116,164,0,-1,-1,-1
6480,110,354,156,149,178,0,-1,-1,-1
6481,110,358,165,145,166,0,-1,-1,-1
6482,110,325,144,173,191,0,-1,-1,-1
6483,111,285,7,102,235,0,-1,-1,-1
6495,112,406,0,44,67,0,-1,-1,-1
6519,113,491,0,65,93,0,-1,-1,-1
6560,114,479,0,82,90,0,-1,-1,-1
6585,115,235,84,115,257,0,-1,-1,-1
6590,116,426,0,61,88,0,-1,-1,-1
6593,117,552,6,84,198,0,-1,-1,-1
6622,118,557,6,79,210,0,-1,-1,-1
6622,119,481,4,73,218,0,-1,-1,-1
6623,119,365,83,111,256,0,-1,-1,-1
6623,118,482,78,150,224,0,-1,-1,-1
6624,118,368,82,104,259,0,-1,-1,-1
6624,120,480,78,142,236,0,-1,-1,-1
6625,118,319,89,109,253,0,-1,-1,-1
6625,120,472,76,154,221,0,-1,-1,-1
6626,120,472,75,148,228,0,-1,-1,-1
6627,120,170,170,225,168,0,-1,-1,-1
6627,121,210,0,49,92,0,-1,-1,-1
6628,120,169,198,226,143,0,-1,-1,-1
6629,120,175,166,218,171,0,-1,-1,-1
6630,120,175,167,216,169,0,-1,-1,-1
6631,120,175,181,217,158,0,-1,-1,-1
6638,122,501,1,61,84,0,-1,-1,-1
6641,122,487,0,72,84,0,-1,-1,-1
6642,123,378,94,118,246,0,-1,-1,-1
6642,122,56,179,140,161,0,-1,-1,-1
6643,123,259,47,114,286,0,-1,-1,-1
6643,124,398,66,98,265,0,-1,-1,-1
6644,123,259,50,120,284,0,-1,-1,-1
6644,125,458,125,137,172,0,-1,-1,-1
6645,124,267,195,223,145,0,-1,-1,-1
6646,124,265,196,218,145,0,-1,-1,-1
6675,126,425,0,74,127,0,-1,-1,-1
6678,127,484,10,81,259,0,-1,-1,-1
6679,127,450,73,112,260,0,-1,-1,-1
6680,127,373,136,146,204,0,-1,-1,-1
6681,127,264,245,192,100,0,-1,-1,-1
6681,128,314,241,126,98,0,-1,-1,-1
6684,129,395,11,79,221,0,-1,-1,-1
6685,129,539,0,90,140,0,-1,-1,-1
6691,130,459,0,65,98,0,-1,-1,-1
6720,131,425,0,69,96,0,-1,-1,-1
6738,132,366,0,63,85,0,-1,-1,-1
6746,133,339,0,46,56,0,-1,-1,-1
6752,134,510,0,69,90,0,-1,-1,-1
6761,135,463,0,68,85,0,-1,-1,-1
6763,135,444,0,69,114,0,-1,-1,-1
6765,135,386,1,74,115,0,-1,-1,-1
6766,135,385,0,79,109,0,-1,-1,-1
6766,136,314,0,29,59,0,-1,-1,-1
6768,135,420,2,82,117,0,-1,-1,-1
6809,137,477,0,96,110,0,-1,-1,-1
6830,138,331,0,59,98,0,-1,-1,-1
6834,139,261,0,33,50,0,-1,-1,-1
6835,140,502,0,56,95,0,-1,-1,-1
6847,141,331,0,57,58,0,-1,-1,-1
6857,142,266,0,63,168,0,-1,-1,-1
6864,143,308,2,36,59,0,-1,-1,-1
6868,144,458,1,72,89,0,-1,-1,-1
6872,145,491,0,54,90,0,-1,-1,-1
6908,146,533,0,51,95,0,-1,-1,-1
6910,147,480,0,78,101,0,-1,-1,-1
6911,148,371,0,52,92,0,-1,-1,-1
6912,148,391,0,54,98,0,-1,-1,-1
6913,149,245,23,114,311,0,-1,-1,-1
6915,150,55,51,173,285,0,-1,-1,-1
6924,151,470,0,72,85,0,-1,-1,-1
6926,151,488,0,63,83,0,-1,-1,-1
6928,152,391,0,53,62,0,-1,-1,-1
6929,152,420,43,87,217,0,-1,-1,-1
6940,153,226,0,68,88,0,-1,-1,-1
6947,154,223,0,53,94,0,-1,-1,-1
6956,155,444,0,76,81,0,-1,-1,-1
6978,156,487,0,65,97,0,-1,-1,-1
6981,156,327,0,57,49,0,-1,-1,-1
6987,157,434,0,69,94,0,-1,-1,-1
6997,158,366,0,51,97,0,-1,-1,-1
7001,159,441,0,84,103,0,-1,-1,-1
7001,160,523,2,70,114,0,-1,-1,-1
7017,161,290,0,48,101,0,-1,-1,-1
7023,162,507,1,86,111,0,-1,-1,-1
7028,163,433,0,55,106,0,-1,-1,-1
7029,163,418,0,80,120,0,-1,-1,-1
7031,164,177,0,63,101,0,-1,-1,-1
7050,165,297,0,47,85,0,-1,-1,-1
7054,166,563,0,64,92,0,-1,-1,-1
7054,167,406,0,57,93,0,-1,-1,-1
7057,167,465,0,58,89,0,-1,-1,-1
7058,167,373,0,79,101,0,-1,-1,-1
7058,168,420,0,65,94,0,-1,-1,-1
7083,169,302,0,44,88,0,-1,-1,-1
7084,170,296,0,47,91,0,-1,-1,-1
7089,171,481,0,59,107,0,-1,-1,-1
7121,172,526,1,59,112,0,-1,-1,-1
7122,173,474,0,88,113,0,-1,-1,-1
7131,174,520,0,63,85,0,-1,-1,-1
7135,175,494,2,109,237,0,-1,-1,-1
7143,176,397,0,59,91,0,-1,-1,-1
7167,177,377,3,75,77,0,-1,-1,-1
7225,178,448,0,67,83,0,-1,-1,-1
7227,178,476,0,85,94,0,-1,-1,-1
7230,179,280,1,74,135,0,-1,-1,-1
7233,180,426,0,81,103,0,-1,-1,-1
7236,180,290,0,55,95,0,-1,-1,-1
7238,181,22,40,109,255,0,-1,-1,-1
7249,182,442,0,70,95,0,-1,-1,-1
7303,183,359,0,62,152,0,-1,-1,-1
7303,184,465,0,54,110,0,-1,-1,-1
7304,185,317,52,106,292,0,-1,-1,-1
7304,186,417,71,101,268,0,-1,-1,-1
7307,185,369,82,106,248,0,-1,-1,-1
7308,185,331,31,82,231,0,-1,-1,-1
7309,185,352,38,81,225,0,-1,-1,-1
7310,187,181,116,174,219,0,-1,-1,-1
7311,185,354,45,114,298,0,-1,-1,-1
7312,188,323,214,131,127,0,-1,-1,-1
7341,189,376,4,88,165,0,-1,-1,-1
7358,190,16,2,115,261,0,-1,-1,-1
7363,191,287,21,120,314,0,-1,-1,-1
7364,191,164,0,68,96,0,-1,-1,-1
7364,192,457,0,67,78,0,-1,-1,-1
7368,193,79,146,190,191,0,-1,-1,-1
7368,194,215,116,141,210,0,-1,-1,-1
7368,195,355,153,140,189,0,-1,-1,-1
7369,194,218,141,134,200,0,-1,-1,-1
7369,196,395,208,102,131,0,-1,-1,-1
7369,197,58,233,142,107,0,-1,-1,-1
7370,194,216,157,136,184,0,-1,-1,-1
7370,196,33,195,168,147,0,-1,-1,-1
7370,197,390,207,143,131,0,-1,-1,-1
7371,194,72,172,158,167,0,-1,-1,-1
7371,196,325,138,109,195,0,-1,-1,-1
7372,196,137,209,157,133,0,-1,-1,-1
7375,196,346,12,113,308,0,-1,-1,-1
7375,198,302,157,116,182,0,-1,-1,-1
7375,199,488,1,78,106,0,-1,-1,-1
7376,200,500,1,62,101,0,-1,-1,-1
7377,198,522,0,63,93,0,-1,-1,-1
7377,199,355,0,56,94,0,-1,-1,-1
7378,198,362,93,105,249,0,-1,-1,-1
7378,201,54,2,73,145,0,-1,-1,-1
7379,201,81,0,68,146,0,-1,-1,-1
7381,201,355,0,75,97,0,-1,-1,-1
7381,202,39,5,83,130,0,-1,-1,-1
7384,202,40,19,84,158,0,-1,-1,-1
7384,201,123,2,57,143,0,-1,-1,-1
7390,203,254,1,103,241,0,-1,-1,-1
7390,204,43,79,112,255,0,-1,-1,-1
7390,205,195,110,115,228,0,-1,-1,-1
7391,204,299,0,58,85,0,-1,-1,-1
7406,206,47,47,117,232,0,-1,-1,-1
7409,206,492,48,86,235,0,-1,-1,-1
7422,207,308,3,111,321,0,-1,-1,-1
7423,207,430,13,121,286,0,-1,-1,-1
7425,208,487,1,76,118,0,-1,-1,-1
7432,209,382,54,110,285,0,-1,-1,-1
7433,210,122,4,75,197,0,-1,-1,-1
7439,211,390,0,65,100,0,-1,-1,-1
7441,212,482,0,74,109,0,-1,-1,-1
7445,213,420,0,73,97,0,-1,-1,-1
7456,214,413,0,85,128,0,-1,-1,-1
7460,215,489,0,62,88,0,-1,-1,-1
7461,215,457,1,64,105,0,-1,-1,-1
7461,216,394,1,69,118,0,-1,-1,-1
7467,217,322,0,64,91,0,-1,-1,-1
7489,218,87,137,141,197,0,-1,-1,-1
7491,219,318,0,49,58,0,-1,-1,-1
7492,219,476,3,72,83,0,-1,-1,-1
7500,220,363,0,59,108,0,-1,-1,-1
7519,221,129,14,79,209,0,-1,-1,-1
7519,222,2,19,98,296,0,-1,-1,-1
7522,222,357,12,88,238,0,-1,-1,-1
7526,223,301,0,56,106,0,-1,-1,-1
7527,223,467,0,61,93,0,-1,-1,-1
7528,224,296,1,33,55,0,-1,-1,-1
7529,224,296,0,52,88,0,-1,-1,-1
7529,223,151,0,52,89,0,-1,-1,-1
7533,225,484,41,113,252,0,-1,-1,-1
7533,226,370,3,97,272,0,-1,-1,-1
7535,225,382,0,56,98,0,-1,-1,-1
7537,227,325,0,52,53,0,-1,-1,-1
7538,227,452,12,100,282,0,-1,-1,-1
7539,228,308,0,34,62,0,-1,-1,-1
7548,229,37,44,114,259,0,-1,-1,-1
7548,230,96,40,100,264,0,-1,-1,-1
7557,231,463,11,85,221,0,-1,-1,-1
7557,232,587,13,48,232,0,-1,-1,-1
7561,233,294,0,32,62,0,-1,-1,-1
7562,233,291,0,64,110,0,-1,-1,-1
7563,233,172,3,85,235,0,-1,-1,-1
7564,234,146,231,183,108,0,-1,-1,-1
7564,235,188,0,48,101,0,-1,-1,-1
7565,235,210,0,55,98,0,-1,-1,-1
7567,234,190,251,133,87,0,-1,-1,-1
7567,236,442,0,39,65,0,-1,-1,-1
7569,234,414,0,93,212,0,-1,-1,-1
7569,236,316,0,78,196,0,-1,-1,-1
7572,237,324,0,51,56,0,-1,-1,-1
7574,237,473,0,73,88,0,-1,-1,-1
7577,237,251,69,89,253,0,-1,-1,-1
7577,238,197,32,73,260,0,-1,-1,-1
7577,239,394,63,127,276,0,-1,-1,-1
7577,240,364,0,69,86,0,-1,-1,-1
7579,239,128,0,69,165,0,-1,-1,-1
7583,241,377,0,70,93,0,-1,-1,-1
7601,242,477,1,103,107,0,-1,-1,-1
7601,243,314,0,84,129,0,-1,-1,-1
7602,243,517,0,72,122,0,-1,-1,-1
7603,243,192,0,50,100,0,-1,-1,-1
7604,243,2,78,85,240,0,-1,-1,-1
7605,243,274,1,39,51,0,-1,-1,-1
7609,244,186,0,59,141,0,-1,-1,-1
7612,245,430,0,65,90,0,-1,-1,-1
7613,246,217,0,58,96,0,-1,-1,-1
7614,245,223,32,95,204,0,-1,-1,-1
7615,247,188,11,76,201,0,-1,-1,-1
7615,245,394,2,72,158,0,-1,-1,-1
7616,247,299,1,44,55,0,-1,-1,-1
7617,248,453,0,67,88,0,-1,-1,-1
7619,247,557,0,73,112,0,-1,-1,-1
7621,249,112,32,88,249,0,-1,-1,-1
7621,250,4,33,78,258,0,-1,-1,-1
7621,251,183,0,53,96,0,-1,-1,-1
7622,251,175,0,80,104,0,-1,-1,-1
7622,252,222,0,53,100,0,-1,-1,-1
7622,250,161,0,66,100,0,-1,-1,-1
7623,252,129,4,62,160,0,-1,-1,-1
7626,253,348,45,79,262,0,-1,-1,-1
7627,254,235,0,47,95,0,-1,-1,-1
7634,255,337,2,42,63,0,-1,-1,-1
7639,256,478,0,74,94,0,-1,-1,-1
7639,257,326,0,53,52,0,-1,-1,-1
7642,256,305,0,34,59,0,-1,-1,-1
7675,258,348,19,87,230,0,-1,-1,-1
7675,259,424,3,107,242,0,-1,-1,-1
7680,260,432,0,62,93,0,-1,-1,-1
7681,261,164,1,56,95,0,-1,-1,-1
7681,260,425,0,52,97,0,-1,-1,-1
7686,262,528,0,60,97,0,-1,-1,-1
7687,262,263,0,37,58,0,-1,-1,-1
7688,263,528,0,60,91,0,-1,-1,-1
7695,264,425,0,56,113,0,-1,-1,-1
7697,265,41,13,112,275,0,-1,-1,-1
7697,266,433,0,88,204,0,-1,-1,-1
7697,267,357,2,90,223,0,-1,-1,-1
7700,265,496,0,61,89,0,-1,-1,-1
7702,268,338,1,45,117,0,-1,-1,-1
7705,268,364,0,69,117,0,-1,-1,-1
7706,268,514,1,116,187,0,-1,-1,-1
7707,268,161,0,64,90,0,-1,-1,-1
7709,269,455,0,82,113,0,-1,-1,-1
7709,270,527,1,69,101,0,-1,-1,-1
7717,271,311,0,56,89,0,-1,-1,-1
7720,271,435,0,60,97,0,-1,-1,-1
7723,271,327,1,47,60,0,-1,-1,-1
7729,272,570,0,65,94,0,-1,-1,-1
7731,272,481,0,69,92,0,-1,-1,-1
7734,272,356,0,66,106,0,-1,-1,-1
7739,273,506,0,58,104,0,-1,-1,-1
7744,274,491,0,62,104,0,-1,-1,-1
7751,275,275,0,37,56,0,-1,-1,-1
7751,276,485,0,84,94,0,-1,-1,-1
7760,277,341,0,72,95,0,-1,-1,-1
7766,278,263,0,55,120,0,-1,-1,-1
7777,279,492,0,62,88,0,-1,-1,-1
7778,279,405,0,82,112,0,-1,-1,-1
7784,280,557,2,71,99,0,-1,-1,-1
7788,281,236,0,35,58,0,-1,-1,-1
7788,282,296,0,60,95,0,-1,-1,-1
7789,281,247,1,75,98,0,-1,-1,-1
7789,282,487,0,75,89,0,-1,-1,-1
7790,283,258,1,64,96,0,-1,-1,-1
7791,283,249,0,64,95,0,-1,-1,-1
7792,283,245,0,78,98,0,-1,-1,-1
7793,283,241,1,82,96,0,-1,-1,-1
7794,283,241,2,85,95,0,-1,-1,-1
7795,284,261,123,136,214,0,-1,-1,-1
7795,285,406,107,153,228,0,-1,-1,-1
7795,283,242,3,85,96,0,-1,-1,-1
7796,283,248,1,72,95,0,-1,-1,-1
7798,283,247,1,76,96,0,-1,-1,-1
7799,283,246,1,79,95,0,-1,-1,-1
7800,283,244,1,74,95,0,-1,-1,-1
7801,286,223,42,106,263,0,-1,-1,-1
7801,287,311,19,87,264,0,-1,-1,-1
7802,283,189,1,57,99,0,-1,-1,-1
7802,288,249,1,78,97,0,-1,-1,-1
7803,288,240,2,80,93,0,-1,-1,-1
7804,288,235,1,95,95,0,-1,-1,-1
7805,288,342,0,37,66,0,-1,-1,-1
7805,283,244,2,74,92,0,-1,-1,-1
7806,289,384,0,69,84,0,-1,-1,-1
7806,288,246,1,76,95,0,-1,-1,-1
7808,290,419,0,72,92,0,-1,-1,-1
7811,291,412,0,46,96,0,-1,-1,-1
7822,292,441,17,85,218,0,-1,-1,-1
7828,293,509,1,77,113,0,-1,-1,-1
7840,294,365,0,56,98,0,-1,-1,-1
7841,294,304,0,37,61,0,-1,-1,-1
7848,295,258,88,189,246,0,-1,-1,-1
7862,296,388,0,67,107,0,-1,-1,-1
7869,297,336,1,44,56,0,-1,-1,-1
7871,297,478,0,79,140,0,-1,-1,-1
7875,298,560,16,79,210,0,-1,-1,-1
7876,299,555,1,82,243,0,-1,-1,-1
7877,299,489,0,77,86,0,-1,-1,-1
7877,300,289,0,51,118,0,-1,-1,-1
7878,299,513,0,71,88,0,-1,-1,-1
7878,300,309,0,93,171,0,-1,-1,-1
7879,299,306,0,98,172,0,-1,-1,-1
7883,301,367,0,52,96,0,-1,-1,-1
7885,302,328,0,83,212,0,-1,-1,-1
7888,302,171,72,159,246,0,-1,-1,-1
7889,303,116,3,83,219,0,-1,-1,-1
7893,304,301,0,38,59,0,-1,-1,-1
7901,305,489,2,56,90,0,-1,-1,-1
7901,306,458,0,72,93,0,-1,-1,-1
7903,305,133,0,105,208,0,-1,-1,-1
7909,307,229,0,94,251,0,-1,-1,-1
7910,307,305,13,125,318,0,-1,-1,-1
7911,307,309,18,115,297,0,-1,-1,-1
7913,308,470,0,88,96,0,-1,-1,-1
7914,307,257,77,155,262,0,-1,-1,-1
7915,308,293,0,68,115,0,-1,-1,-1
7916,307,375,61,149,276,0,-1,-1,-1
7919,309,442,45,116,274,0,-1,-1,-1
7926,310,416,0,96,78,0,-1,-1,-1
7928,311,458,0,73,89,0,-1,-1,-1
7938,312,452,0,91,120,0,-1,-1,-1
7939,312,214,0,67,85,0,-1,-1,-1
7950,313,264,23,85,241,0,-1,-1,-1
7953,313,157,0,55,93,0,-1,-1,-1
7954,314,181,3,91,231,0,-1,-1,-1
7956,315,422,0,62,94,0,-1,-1,-1
7961,316,175,0,61,104,0,-1,-1,-1
7962,317,19,0,110,294,0,-1,-1,-1
7967,318,513,0,71,87,0,-1,-1,-1
7967,319,9,83,137,240,0,-1,-1,-1
7968,319,111,43,147,296,0,-1,-1,-1
7969,319,181,19,113,304,0,-1,-1,-1
7970,319,228,0,93,221,0,-1,-1,-1
7971,319,232,0,90,223,0,-1,-1,-1
7972,319,235,1,88,218,0,-1,-1,-1
7972,320,358,0,54,88,0,-1,-1,-1
7973,319,237,0,85,221,0,-1,-1,-1
7974,319,251,2,84,219,0,-1,-1,-1
7974,320,533,3,57,120,0,-1,-1,-1
7975,320,210,0,56,102,0,-1,-1,-1
7984,321,164,1,82,229,0,-1,-1,-1
7994,322,450,0,61,145,0,-1,-1,-1
7997,323,386,0,64,93,0,-1,-1,-1
8005,324,325,0,47,50,0,-1,-1,-1
8017,325,479,0,88,108,0,-1,-1,-1
8017,326,415,0,87,96,0,-1,-1,-1
8017,327,309,0,29,44,0,-1,-1,-1
8019,325,359,0,66,87,0,-1,-1,-1
8024,328,423,0,68,85,0,-1,-1,-1
8025,329,446,0,51,91,0,-1,-1,-1
8031,330,486,48,138,240,0,-1,-1,-1
8042,331,464,0,107,98,0,-1,-1,-1
8052,332,266,0,38,62,0,-1,-1,-1
8061,333,409,0,40,60,0,-1,-1,-1
8064,333,476,0,71,82,0,-1,-1,-1
8089,334,530,0,60,93,0,-1,-1,-1
8090,334,413,0,47,89,0,-1,-1,-1
8093,335,277,76,165,259,0,-1,-1,-1
8103,336,78,111,115,226,0,-1,-1,-1
8108,337,358,78,96,253,0,-1,-1,-1
8108,338,258,75,97,263,0,-1,-1,-1
8109,337,284,224,173,122,0,-1,-1,-1
8109,338,117,225,128,117,0,-1,-1,-1
8110,337,317,144,125,191,0,-1,-1,-1
8110,339,400,196,132,141,0,-1,-1,-1
8115,340,111,106,123,227,0,-1,-1,-1
8115,341,277,0,40,58,0,-1,-1,-1
8117,340,319,69,142,270,0,-1,-1,-1
8118,340,187,212,209,128,0,-1,-1,-1
8119,340,182,143,193,192,0,-1,-1,-1
8120,340,231,136,189,204,0,-1,-1,-1
8121,340,270,142,195,194,0,-1,-1,-1
8121,342,487,4,78,106,0,-1,-1,-1
8141,343,446,0,73,90,0,-1,-1,-1
8146,344,462,0,71,96,0,-1,-1,-1
8152,345,470,0,62,86,0,-1,-1,-1
8159,346,482,0,53,90,0,-1,-1,-1
8172,347,305,0,74,79,0,-1,-1,-1
8181,348,320,0,54,55,0,-1,-1,-1
8186,349,331,0,39,65,0,-1,-1,-1
8188,349,472,5,34,57,0,-1,-1,-1
8200,350,389,0,85,90,0,-1,-1,-1
8213,351,434,5,70,226,0,-1,-1,-1
8214,351,420,2,72,237,0,-1,-1,-1
8214,352,290,0,57,91,0,-1,-1,-1
8214,353,528,0,68,112,0,-1,-1,-1
8214,354,557,1,61,107,0,-1,-1,-1
8215,355,432,0,54,101,0,-1,-1,-1
8215,356,138,0,76,163,0,-1,-1,-1
8217,356,115,0,64,153,0,-1,-1,-1
8217,354,187,1,53,116,0,-1,-1,-1
8222,357,189,3,68,166,0,-1,-1,-1
8223,358,425,0,59,93,0,-1,-1,-1
8224,358,262,0,65,130,0,-1,-1,-1
8225,358,334,20,86,197,0,-1,-1,-1
8232,359,368,0,65,95,0,-1,-1,-1
8246,360,489,1,61,104,0,-1,-1,-1
8253,361,473,0,79,82,0,-1,-1,-1
8257,362,484,0,69,99,0,-1,-1,-1
8259,363,426,0,59,93,0,-1,-1,-1
8264,364,152,0,59,111,0,-1,-1,-1
8265,364,451,3,100,215,0,-1,-1,-1
8269,365,216,0,80,88,0,-1,-1,-1
8270,366,119,3,58,128,0,-1,-1,-1
8271,366,324,0,50,102,0,-1,-1,-1
8271,367,118,3,57,130,0,-1,-1,-1
8272,366,196,0,68,139,0,-1,-1,-1
8273,366,550,0,84,154,0,-1,-1,-1
8276,368,501,0,69,100,0,-1,-1,-1
8279,369,458,0,68,107,0,-1,-1,-1
8279,368,387,0,63,117,0,-1,-1,-1
8285,370,473,0,68,98,0,-1,-1,-1
8286,370,474,0,87,110,0,-1,-1,-1
8286,371,515,0,68,96,0,-1,-1,-1
8287,372,379,0,73,97,0,-1,-1,-1
8288,372,525,0,59,94,0,-1,-1,-1
8288,370,381,0,84,109,0,-1,-1,-1
8289,373,363,0,50,103,0,-1,-1,-1
8289,370,397,1,60,116,0,-1,-1,-1
8289,372,528,0,58,94,0,-1,-1,-1
8290,373,356,0,60,105,0,-1,-1,-1
8291,373,331,0,56,115,0,-1,-1,-1
8292,373,389,5,72,117,0,-1,-1,-1
8292,374,331,0,56,113,0,-1,-1,-1
8293,374,333,0,55,113,0,-1,-1,-1
8293,373,396,0,66,129,0,-1,-1,-1
8294,374,332,0,56,114,0,-1,-1,-1
8294,373,396,1,71,120,0,-1,-1,-1
8295,374,386,4,81,117,0,-1,-1,-1
8296,374,396,1,66,121,0,-1,-1,-1
8296,375,334,0,52,113,0,-1,-1,-1
8297,375,386,0,84,120,0,-1,-1,-1
8297,376,333,0,61,113,0,-1,-1,-1
8298,376,328,0,53,104,0,-1,-1,-1
8298,375,402,3,80,110,0,-1,-1,-1
8306,377,478,6,95,267,0,-1,-1,-1
8315,378,257,4,97,229,0,-1,-1,-1
8315,379,373,11,89,218,0,-1,-1,-1
8316,380,86,239,199,103,0,-1,-1,-1
8316,381,358,253,89,86,0,-1,-1,-1
8317,381,385,17,90,261,0,-1,-1,-1
8318,381,505,47,120,233,0,-1,-1,-1
8319,381,512,48,104,259,0,-1,-1,-1
8321,381,474,55,125,239,0,-1,-1,-1
8325,382,304,12,78,197,0,-1,-1,-1
8326,383,457,101,148,227,0,-1,-1,-1
8327,384,200,146,140,195,0,-1,-1,-1
8327,385,46,114,152,225,0,-1,-1,-1
8327,386,442,184,173,149,0,-1,-1,-1
8328,384,197,146,141,189,0,-1,-1,-1
8328,385,44,117,153,222,0,-1,-1,-1
8328,387,469,0,52,88,0,-1,-1,-1
8329,385,44,118,154,219,0,-1,-1,-1
8329,384,206,135,126,207,0,-1,-1,-1
8329,386,419,187,194,154,0,-1,-1,-1
8330,384,214,133,151,205,0,-1,-1,-1
8330,385,54,104,153,231,0,-1,-1,-1
8331,384,202,148,139,193,0,-1,-1,-1
8331,385,14,118,182,218,0,-1,-1,-1
8331,388,327,0,74,80,0,-1,-1,-1
8332,385,285,69,149,269,0,-1,-1,-1
8332,389,440,37,167,307,0,-1,-1,-1
8333,385,285,50,137,291,0,-1,-1,-1
8334,385,286,49,138,292,0,-1,-1,-1
8335,385,189,122,162,209,0,-1,-1,-1
8335,390,477,0,72,115,0,-1,-1,-1
8335,389,200,201,155,144,0,-1,-1,-1
8336,391,91,104,153,234,0,-1,-1,-1
8336,389,226,153,161,188,0,-1,-1,-1
8336,390,431,0,64,156,0,-1,-1,-1
8336,385,527,0,60,92,0,-1,-1,-1
8337,391,106,95,141,243,0,-1,-1,-1
8337,385,258,107,115,230,0,-1,-1,-1
8338,391,172,38,116,280,0,-1,-1,-1
8338,385,283,83,110,258,0,-1,-1,-1
8338,389,380,87,165,246,0,-1,-1,-1
8339,391,186,47,100,227,0,-1,-1,-1
8339,389,373,76,136,256,0,-1,-1,-1
8339,392,41,32,123,239,0,-1,-1,-1
8340,392,191,43,96,236,0,-1,-1,-1
8340,391,327,14,80,302,0,-1,-1,-1
8340,393,86,36,98,254,0,-1,-1,-1
8341,392,185,35,83,236,0,-1,-1,-1
8341,393,57,1,100,204,0,-1,-1,-1
8342,393,89,0,74,115,0,-1,-1,-1
8342,392,182,29,78,215,0,-1,-1,-1
8343,394,482,0,66,104,0,-1,-1,-1
8344,394,516,0,83,126,0,-1,-1,-1
8344,395,435,0,64,92,0,-1,-1,-1
8345,396,363,0,59,99,0,-1,-1,-1
8345,395,298,0,38,53,0,-1,-1,-1
8347,397,418,0,72,91,0,-1,-1,-1
8360,398,448,0,66,91,0,-1,-1,-1
8360,399,486,0,73,89,0,-1,-1,-1
8366,400,410,56,114,268,0,-1,-1,-1
8366,401,547,0,81,154,0,-1,-1,-1
8367,400,349,15,118,256,0,-1,-1,-1
8368,401,397,0,78,228,0,-1,-1,-1
8369,401,397,1,76,225,0,-1,-1,-1
8370,402,270,2,76,235,0,-1,-1,-1
8371,401,82,138,179,196,0,-1,-1,-1
8371,403,288,121,196,222,0,-1,-1,-1
8376,404,300,177,188,163,0,-1,-1,-1
8378,405,450,0,81,87,0,-1,-1,-1
8381,406,255,5,78,224,0,-1,-1,-1
8381,407,117,4,90,245,0,-1,-1,-1
8389,408,349,1,37,52,0,-1,-1,-1
8398,409,551,0,81,128,0,-1,-1,-1
8398,410,509,0,80,112,0,-1,-1,-1
8406,411,548,0,80,95,0,-1,-1,-1
8410,412,494,0,60,85,0,-1,-1,-1
8417,413,454,0,79,93,0,-1,-1,-1
8420,414,75,90,163,244,0,-1,-1,-1
8420,415,493,0,68,91,0,-1,-1,-1
8421,415,480,0,51,90,0,-1,-1,-1
8427,416,446,0,67,99,0,-1,-1,-1
8428,416,276,0,28,56,0,-1,-1,-1
8430,417,536,10,101,228,0,-1,-1,-1
8434,418,259,0,64,91,0,-1,-1,-1
8438,419,382,0,71,79,0,-1,-1,-1
8442,420,514,0,61,116,0,-1,-1,-1
8449,421,513,0,76,88,0,-1,-1,-1
8452,422,286,0,63,89,0,-1,-1,-1
8454,422,435,2,80,103,0,-1,-1,-1
8460,423,434,0,50,87,0,-1,-1,-1
8462,424,440,0,56,96,0,-1,-1,-1
8462,425,461,0,53,93,0,-1,-1,-1
8477,426,418,0,64,87,0,-1,-1,-1
8479,427,416,0,85,113,0,-1,-1,-1
8482,428,524,0,58,92,0,-1,-1,-1
8483,428,461,0,62,96,0,-1,-1,-1
8483,429,328,0,39,52,0,-1,-1,-1
8490,430,330,3,42,60,0,-1,-1,-1
8491,430,323,0,62,87,0,-1,-1,-1
8493,430,250,0,46,90,0,-1,-1,-1
8493,431,461,0,54,106,0,-1,-1,-1
8498,432,418,0,50,98,0,-1,-1,-1
8499,433,462,0,75,90,0,-1,-1,-1
8502,433,309,4,30,52,0,-1,-1,-1
8503,433,454,0,80,102,0,-1,-1,-1
8503,434,297,0,45,53,0,-1,-1,-1
8503,435,534,0,58,97,0,-1,-1,-1
8512,436,465,0,63,89,0,-1,-1,-1
8513,436,274,2,34,54,0,-1,-1,-1
8526,437,474,0,84,95,0,-1,-1,-1
8530,438,149,12,96,228,0,-1,-1,-1
8533,439,498,0,51,90,0,-1,-1,-1
8535,440,374,98,140,247,0,-1,-1,-1
8536,439,336,0,50,96,0,-1,-1,-1
8545,441,438,1,54,98,0,-1,-1,-1
8545,442,533,0,55,106,0,-1,-1,-1
8548,442,295,1,35,67,0,-1,-1,-1
8550,443,337,0,45,56,0,-1,-1,-1
8552,444,403,2,43,59,0,-1,-1,-1
8553,445,452,1,71,84,0,-1,-1,-1
8554,445,129,0,64,137,0,-1,-1,-1
8559,446,324,0,55,57,0,-1,-1,-1
8562,447,480,0,88,116,0,-1,-1,-1
8569,448,417,42,96,278,0,-1,-1,-1
8579,449,424,0,68,80,0,-1,-1,-1
8585,450,523,0,64,96,0,-1,-1,-1
8586,450,232,0,38,65,0,-1,-1,-1
8587,450,518,0,67,101,0,-1,-1,-1
8589,450,459,4,91,245,0,-1,-1,-1
8590,451,449,0,71,87,0,-1,-1,-1
8595,452,261,45,134,291,0,-1,-1,-1
8595,453,52,35,115,280,0,-1,-1,-1
8595,454,158,23,108,304,0,-1,-1,-1
8600,455,54,13,101,222,0,-1,-1,-1
8600,456,156,8,77,228,0,-1,-1,-1
8606,457,357,0,57,90,0,-1,-1,-1
8612,458,340,0,59,132,0,-1,-1,-1
8617,459,32,18,115,297,0,-1,-1,-1
8618,459,212,0,65,117,0,-1,-1,-1
8618,460,159,0,67,104,0,-1,-1,-1
8624,461,498,0,93,123,0,-1,-1,-1
8626,461,263,0,36,55,0,-1,-1,-1
8638,462,233,0,66,144,0,-1,-1,-1
8639,462,233,22,111,204,0,-1,-1,-1
8643,463,308,0,41,62,0,-1,-1,-1
8645,463,464,0,56,97,0,-1,-1,-1
8647,463,521,1,85,115,0,-1,-1,-1
8647,464,401,1,60,89,0,-1,-1,-1
8651,465,324,3,44,56,0,-1,-1,-1
8655,466,359,0,62,96,0,-1,-1,-1
8656,467,524,0,58,94,0,-1,-1,-1
8656,468,414,0,62,107,0,-1,-1,-1
8657,469,297,1,33,52,0,-1,-1,-1
8658,467,550,0,79,114,0,-1,-1,-1
8668,470,293,0,50,87,0,-1,-1,-1
8669,470,457,1,63,103,0,-1,-1,-1
8669,471,433,0,59,92,0,-1,-1,-1
8670,470,252,0,65,49,0,-1,-1,-1
8671,470,557,3,73,110,0,-1,-1,-1
8671,472,510,1,78,101,0,-1,-1,-1
8677,473,197,21,77,217,0,-1,-1,-1
8677,474,269,35,102,204,0,-1,-1,-1
8678,474,367,0,58,91,0,-1,-1,-1
8678,475,418,0,60,87,0,-1,-1,-1
8693,476,452,0,82,109,0,-1,-1,-1
8698,477,366,0,57,88,0,-1,-1,-1
8706,478,517,0,74,113,0,-1,-1,-1
8713,479,327,0,57,88,0,-1,-1,-1
8714,480,486,56,150,209,0,-1,-1,-1
8716,479,324,0,48,57,0,-1,-1,-1
8717,479,162,0,63,99,0,-1,-1,-1
8719,479,493,0,68,93,0,-1,-1,-1
8737,481,436,0,56,104,0,-1,-1,-1
8739,482,345,0,51,99,0,-1,-1,-1
8755,483,543,0,84,136,0,-1,-1,-1
8773,484,514,0,84,130,0,-1,-1,-1
8790,485,568,1,63,101,0,-1,-1,-1
8791,485,478,0,62,96,0,-1,-1,-1
8795,486,253,165,199,178,0,-1,-1,-1
8795,487,125,232,108,104,0,-1,-1,-1
8796,487,150,0,70,150,0,-1,-1,-1
8796,488,230,4,65,141,0,-1,-1,-1
8797,488,271,0,26,54,0,-1,-1,-1
8804,489,87,120,148,213,0,-1,-1,-1
8805,489,182,0,82,176,0,-1,-1,-1
8807,490,39,45,116,278,0,-1,-1,-1
8808,490,157,4,67,124,0,-1,-1,-1
8808,491,227,0,72,117,0,-1,-1,-1
8809,491,263,0,37,58,0,-1,-1,-1
8812,492,380,1,75,90,0,-1,-1,-1
8820,493,481,0,85,146,0,-1,-1,-1
8826,494,508,0,79,120,0,-1,-1,-1
8827,494,369,0,76,102,0,-1,-1,-1
8832,495,123,5,68,111,0,-1,-1,-1
8835,496,242,1,32,52,0,-1,-1,-1
8836,497,377,2,75,96,0,-1,-1,-1
8838,498,499,0,84,89,0,-1,-1,-1
8840,498,458,0,92,96,0,-1,-1,-1
8840,499,11,165,121,171,0,-1,-1,-1
8846,500,481,1,63,122,0,-1,-1,-1
8852,501,372,0,59,93,0,-1,-1,-1
8855,501,356,0,87,93,0,-1,-1,-1
8862,502,235,0,36,53,0,-1,-1,-1
8866,503,412,0,73,100,0,-1,-1,-1
8867,504,306,0,38,45,0,-1,-1,-1
8875,505,411,0,59,86,0,-1,-1,-1
8876,506,192,0,73,97,0,-1,-1,-1
8882,507,381,0,79,112,0,-1,-1,-1
8882,508,286,0,55,131,0,-1,-1,-1
8882,509,153,0,61,84,0,-1,-1,-1
8883,509,462,1,66,103,0,-1,-1,-1
8885,510,328,0,39,48,0,-1,-1,-1
8898,511,358,0,67,101,0,-1,-1,-1
8901,512,494,0,63,110,0,-1,-1,-1
8901,513,466,0,53,94,0,-1,-1,-1
8902,513,453,0,84,105,0,-1,-1,-1
8902,514,370,0,92,97,0,-1,-1,-1
8902,512,524,0,68,91,0,-1,-1,-1
8904,512,464,0,57,93,0,-1,-1,-1
8904,515,523,0,74,107,0,-1,-1,-1
8908,516,380,0,70,82,0,-1,-1,-1
8911,517,432,0,65,90,0,-1,-1,-1
8916,518,531,0,55,89,0,-1,-1,-1
8916,519,483,0,60,92,0,-1,-1,-1
8917,518,220,0,56,91,0,-1,-1,-1
8918,520,157,13,119,245,0,-1,-1,-1
8919,518,313,0,74,162,0,-1,-1,-1
8920,521,256,120,171,220,0,-1,-1,-1
8920,522,110,120,152,215,0,-1,-1,-1
8921,521,329,136,164,200,0,-1,-1,-1
8922,522,190,16,96,290,0,-1,-1,-1
8922,521,343,8,100,284,0,-1,-1,-1
8924,522,413,0,72,143,0,-1,-1,-1
8925,522,299,0,43,55,0,-1,-1,-1
8925,523,266,3,36,58,0,-1,-1,-1
8926,524,533,0,55,101,0,-1,-1,-1
8939,525,143,6,86,173,0,-1,-1,-1
8939,526,428,0,54,87,0,-1,-1,-1
8940,527,257,0,41,56,0,-1,-1,-1
8940,528,47,2,89,176,0,-1,-1,-1
8940,525,165,0,61,159,0,-1,-1,-1
8941,527,512,0,70,138,0,-1,-1,-1
8942,528,120,6,63,120,0,-1,-1,-1
8942,527,186,0,54,101,0,-1,-1,-1
8943,529,433,0,46,98,0,-1,-1,-1
8943,528,164,0,59,90,0,-1,-1,-1
8952,530,294,0,56,97,0,-1,-1,-1
8952,531,216,0,55,98,0,-1,-1,-1
8953,530,329,0,73,105,0,-1,-1,-1
8960,532,237,27,102,253,0,-1,-1,-1
8964,533,294,2,32,63,0,-1,-1,-1
8970,534,518,0,66,87,0,-1,-1,-1
8972,535,304,0,85,212,0,-1,-1,-1
8975,535,429,59,113,272,0,-1,-1,-1
8975,536,332,0,50,91,0,-1,-1,-1
8976,536,307,0,67,90,0,-1,-1,-1
8977,535,273,0,34,54,0,-1,-1,-1
8978,536,465,2,64,108,0,-1,-1,-1
8978,537,380,0,67,90,0,-1,-1,-1
8979,538,409,0,84,79,0,-1,-1,-1
8980,536,274,0,39,53,0,-1,-1,-1
8982,539,504,0,86,107,0,-1,-1,-1
8984,540,401,0,54,100,0,-1,-1,-1
8985,539,563,0,70,90,0,-1,-1,-1
8987,541,321,0,81,122,0,-1,-1,-1
8989,542,395,0,57,96,0,-1,-1,-1
8991,543,477,0,72,87,0,-1,-1,-1
8992,543,469,0,63,90,0,-1,-1,-1
8995,543,528,0,67,118,0,-1,-1,-1
8996,544,483,0,60,160,0,-1,-1,-1
8996,545,327,0,58,120,0,-1,-1,-1
8998,544,433,2,74,112,0,-1,-1,-1
8999,545,449,15,118,228,0,-1,-1,-1
9000,545,468,0,50,109,0,-1,-1,-1
9000,546,279,0,59,89,0,-1,-1,-1
9001,544,393,0,70,133,0,-1,-1,-1
9001,546,473,0,57,114,0,-1,-1,-1
9002,545,464,0,54,108,0,-1,-1,-1
9003,545,464,1,57,108,0,-1,-1,-1
9004,545,465,0,57,110,0,-1,-1,-1
9005,545,475,1,50,104,0,-1,-1,-1
9006,547,501,3,56,111,0,-1,-1,-1
9006,545,424,0,52,111,0,-1,-1,-1
9007,547,337,0,53,108,0,-1,-1,-1
9007,548,408,1,110,161,0,-1,-1,-1
9008,549,498,0,46,93,0,-1,-1,-1
9008,547,463,0,57,99,0,-1,-1,-1
9008,550,235,0,37,56,0,-1,-1,-1
9009,550,451,0,63,100,0,-1,-1,-1
9009,549,340,0,51,106,0,-1,-1,-1
9009,551,356,0,53,108,0,-1,-1,-1
9009,552,428,0,59,104,0,-1,-1,-1
9010,549,321,2,71,153,0,-1,-1,-1
9010,552,529,0,55,90,0,-1,-1,-1
9010,550,453,0,58,100,0,-1,-1,-1
9010,553,428,0,61,104,0,-1,-1,-1
9011,549,326,1,61,102,0,-1,-1,-1
9012,549,306,0,40,96,0,-1,-1,-1
9012,553,387,0,58,93,0,-1,-1,-1
9013,549,291,0,47,92,0,-1,-1,-1
9013,550,368,0,48,89,0,-1,-1,-1
9014,550,367,0,49,87,0,-1,-1,-1
9014,554,288,0,48,89,0,-1,-1,-1
9015,554,291,1,44,88,0,-1,-1,-1
9015,550,369,0,47,87,0,-1,-1,-1
9016,554,287,0,46,90,0,-1,-1,-1
9017,554,533,0,55,101,0,-1,-1,-1
9017,555,290,0,52,89,0,-1,-1,-1
9018,555,237,0,77,83,0,-1,-1,-1
9025,556,397,1,42,59,0,-1,-1,-1
9025,557,485,0,57,97,0,-1,-1,-1
9026,556,378,1,81,137,0,-1,-1,-1
9026,557,482,0,79,121,0,-1,-1,-1
9026,558,280,2,79,133,0,-1,-1,-1
9030,559,404,0,53,98,0,-1,-1,-1
9031,560,533,0,68,125,0,-1,-1,-1
9033,561,546,9,88,198,0,-1,-1,-1
9035,561,494,0,61,106,0,-1,-1,-1
9037,562,125,0,56,114,0,-1,-1,-1
9037,561,256,0,56,90,0,-1,-1,-1
9037,563,180,0,60,107,0,-1,-1,-1
9038,561,465,2,64,104,0,-1,-1,-1
9038,564,254,0,58,88,0,-1,-1,-1
9039,561,263,0,49,92,0,-1,-1,-1
9040,561,250,0,60,93,0,-1,-1,-1
9041,561,178,103,116,236,0,-1,-1,-1
9041,565,425,0,72,94,0,-1,-1,-1
9042,566,442,0,85,111,0,-1,-1,-1
9042,567,252,0,57,88,0,-1,-1,-1
9043,567,498,0,69,103,0,-1,-1,-1
9043,568,256,0,54,91,0,-1,-1,-1
9043,566,557,0,69,117,0,-1,-1,-1
9044,566,446,0,65,91,0,-1,-1,-1
9044,568,220,0,81,89,0,-1,-1,-1
9045,566,259,0,59,90,0,-1,-1,-1
9046,569,383,0,66,98,0,-1,-1,-1
9046,567,270,0,50,90,0,-1,-1,-1
9047,567,480,1,79,102,0,-1,-1,-1
9047,566,258,0,62,90,0,-1,-1,-1
9048,566,255,0,56,92,0,-1,-1,-1
9050,566,261,0,51,91,0,-1,-1,-1
9051,566,256,0,59,92,0,-1,-1,-1
9052,566,222,1,74,89,0,-1,-1,-1
9052,570,251,0,62,91,0,-1,-1,-1
9053,566,248,2,66,91,0,-1,-1,-1
9053,570,222,3,82,87,0,-1,-1,-1
9054,570,221,0,74,89,0,-1,-1,-1
9054,566,248,0,67,89,0,-1,-1,-1
9055,570,260,0,56,92,0,-1,-1,-1
9055,566,223,1,67,90,0,-1,-1,-1
9056,566,253,0,62,92,0,-1,-1,-1
9056,570,224,1,72,90,0,-1,-1,-1
9057,566,243,0,83,97,0,-1,-1,-1
9058,566,190,0,54,102,0,-1,-1,-1
9058,571,329,0,47,60,0,-1,-1,-1
9059,566,251,0,59,96,0,-1,-1,-1
9059,571,366,0,48,112,0,-1,-1,-1
9060,566,249,0,55,96,0,-1,-1,-1
9061,572,43,123,125,211,0,-1,-1,-1
9061,566,251,0,61,97,0,-1,-1,-1
9062,573,485,2,100,181,0,-1,-1,-1
9062,566,241,0,66,96,0,-1,-1,-1
9063,566,228,0,75,99,0,-1,-1,-1
9064,566,265,0,51,94,0,-1,-1,-1
9065,566,477,1,104,117,0,-1,-1,-1
9065,574,241,0,67,96,0,-1,-1,-1
9066,574,463,0,69,95,0,-1,-1,-1
9066,566,258,0,52,95,0,-1,-1,-1
9067,566,254,0,59,94,0,-1,-1,-1
9068,566,252,0,58,95,0,-1,-1,-1
9068,575,332,0,39,57,0,-1,-1,-1
9069,566,257,0,61,98,0,-1,-1,-1
9070,566,252,0,65,97,0,-1,-1,-1
9071,566,255,0,60,97,0,-1,-1,-1
9071,576,387,0,68,95,0,-1,-1,-1
9071,577,503,0,84,114,0,-1,-1,-1
9072,566,262,0,52,95,0,-1,-1,-1
9073,577,408,83,139,258,0,-1,-1,-1
9073,566,259,0,55,96,0,-1,-1,-1
9074,566,263,0,54,96,0,-1,-1,-1
9075,566,264,0,51,95,0,-1,-1,-1
9075,577,347,1,34,54,0,-1,-1,-1
9076,566,260,0,56,95,0,-1,-1,-1
9078,566,258,0,59,95,0,-1,-1,-1
9079,578,250,90,139,240,0,-1,-1,-1
9079,566,257,0,58,94,0,-1,-1,-1
9080,578,546,28,92,217,0,-1,-1,-1
9080,566,261,0,57,97,0,-1,-1,-1
9081,566,250,0,59,97,0,-1,-1,-1
9082,566,261,0,53,96,0,-1,-1,-1
9083,566,252,0,57,96,0,-1,-1,-1
9083,578,229,0,69,93,0,-1,-1,-1
9084,578,248,0,63,97,0,-1,-1,-1
9084,579,521,5,80,124,0,-1,-1,-1
9085,578,262,0,55,97,0,-1,-1,-1
9086,579,122,57,136,280,0,-1,-1,-1
9086,578,220,0,115,314,0,-1,-1,-1
9086,566,541,2,90,127,0,-1,-1,-1
9087,579,224,0,66,91,0,-1,-1,-1
9088,579,247,0,66,91,0,-1,-1,-1
9089,579,244,0,70,94,0,-1,-1,-1
9090,579,228,0,61,91,0,-1,-1,-1
9091,579,226,0,78,90,0,-1,-1,-1
9092,579,244,0,72,94,0,-1,-1,-1
9093,579,261,0,52,92,0,-1,-1,-1
9093,580,498,1,64,108,0,-1,-1,-1
9093,581,228,0,67,92,0,-1,-1,-1
9094,580,255,0,62,96,0,-1,-1,-1
9094,582,358,0,67,94,0,-1,-1,-1
9095,580,182,32,105,297,0,-1,-1,-1
9096,581,247,0,60,95,0,-1,-1,-1
9097,583,426,0,57,107,0,-1,-1,-1
9097,581,244,0,63,96,0,-1,-1,-1
9097,584,571,0,56,91,0,-1,-1,-1
9098,584,249,0,56,96,0,-1,-1,-1
9099,584,245,0,63,95,0,-1,-1,-1
9100,584,245,0,62,99,0,-1,-1,-1
9101,584,250,0,61,97,0,-1,-1,-1
9101,585,225,0,72,96,0,-1,-1,-1
9102,585,249,0,60,97,0,-1,-1,-1
9102,584,225,0,73,95,0,-1,-1,-1
9102,586,531,0,50,94,0,-1,-1,-1
9103,586,448,0,67,103,0,-1,-1,-1
9103,584,245,0,64,96,0,-1,-1,-1
9103,585,219,0,77,95,0,-1,-1,-1
9104,584,428,0,62,105,0,-1,-1,-1
9104,585,247,0,65,96,0,-1,-1,-1
9104,586,218,0,78,95,0,-1,-1,-1
9105,586,255,0,54,97,0,-1,-1,-1
9105,585,227,0,68,96,0,-1,-1,-1
9106,586,257,0,50,97,0,-1,-1,-1
9107,586,516,0,68,95,0,-1,-1,-1
9107,585,253,0,55,97,0,-1,-1,-1
9108,585,255,0,52,99,0,-1,-1,-1
9108,586,225,0,65,95,0,-1,-1,-1
9109,585,259,0,49,98,0,-1,-1,-1
9109,586,158,0,63,110,0,-1,-1,-1
9110,586,483,0,51,90,0,-1,-1,-1
9110,585,257,0,50,97,0,-1,-1,-1
9110,587,223,0,68,95,0,-1,-1,-1
9111,585,254,0,53,98,0,-1,-1,-1
9111,586,416,0,70,107,0,-1,-1,-1
9112,585,255,0,51,98,0,-1,-1,-1
9113,585,249,0,56,97,0,-1,-1,-1
9113,587,224,0,70,95,0,-1,-1,-1
9114,585,478,2,78,131,0,-1,-1,-1
9114,587,247,0,62,98,0,-1,-1,-1
9114,588,217,0,81,96,0,-1,-1,-1
9115,588,251,0,58,98,0,-1,-1,-1
9115,587,218,0,78,97,0,-1,-1,-1
9116,587,254,0,58,97,0,-1,-1,-1
9116,588,218,0,75,96,0,-1,-1,-1
9117,588,431,1,111,267,0,-1,-1,-1
9117,587,255,0,55,98,0,-1,-1,-1
9117,585,315,1,23,49,0,-1,-1,-1
9117,589,218,0,73,96,0,-1,-1,-1
9118,585,267,0,47,96,0,-1,-1,-1
9118,587,399,0,57,97,0,-1,-1,-1
9119,587,417,3,70,119,0,-1,-1,-1
9119,585,219,0,69,97,0,-1,-1,-1
9119,589,257,0,55,98,0,-1,-1,-1
9120,585,223,0,76,98,0,-1,-1,-1
9121,585,227,0,65,97,0,-1,-1,-1
9121,589,537,0,98,125,0,-1,-1,-1
9121,590,248,0,55,96,0,-1,-1,-1
9122,590,457,0,70,97,0,-1,-1,-1
9122,589,215,0,77,100,0,-1,-1,-1
9122,591,388,0,62,98,0,-1,-1,-1
9123,589,221,0,72,98,0,-1,-1,-1
9123,590,252,0,57,98,0,-1,-1,-1
9124,585,249,0,57,99,0,-1,-1,-1
9124,589,227,0,70,97,0,-1,-1,-1
9125,585,243,0,67,101,0,-1,-1,-1
9125,589,474,0,78,99,0,-1,-1,-1
9126,585,242,0,67,99,0,-1,-1,-1
9127,585,464,0,57,94,0,-1,-1,-1
9127,589,238,0,68,102,0,-1,-1,-1
9128,585,247,0,64,100,0,-1,-1,-1
9129,585,243,0,64,99,0,-1,-1,-1
9130,592,545,11,90,221,0,-1,-1,-1
9130,585,247,0,63,99,0,-1,-1,-1
9130,593,416,0,73,129,0,-1,-1,-1
9130,594,447,2,99,202,0,-1,-1,-1
9131,585,213,0,60,99,0,-1,-1,-1
9131,592,388,0,60,100,0,-1,-1,-1
9131,595,273,0,46,92,0,-1,-1,-1
9132,592,68,69,150,265,0,-1,-1,-1
9132,585,488,1,70,104,0,-1,-1,-1
9132,595,224,0,68,101,0,-1,-1,-1
9132,596,337,3,32,64,0,-1,-1,-1
9132,594,426,0,58,99,0,-1,-1,-1
9133,585,220,0,56,104,0,-1,-1,-1
9133,595,493,0,64,104,0,-1,-1,-1
9133,596,290,0,64,132,0,-1,-1,-1
9133,597,429,0,59,103,0,-1,-1,-1
9134,585,237,73,103,263,0,-1,-1,-1
9134,598,23,114,132,225,0,-1,-1,-1
9134,596,192,0,65,105,0,-1,-1,-1
9134,592,346,44,97,282,0,-1,-1,-1
9134,595,431,0,52,106,0,-1,-1,-1
9135,592,168,169,154,167,0,-1,-1,-1
9135,585,32,41,122,271,0,-1,-1,-1
9135,599,286,119,115,219,0,-1,-1,-1
9135,598,193,1,69,110,0,-1,-1,-1
9135,600,278,3,34,51,0,-1,-1,-1
9136,600,190,0,68,109,0,-1,-1,-1
9136,585,427,0,61,106,0,-1,-1,-1
9136,598,348,12,88,232,0,-1,-1,-1
9136,595,383,126,113,209,0,-1,-1,-1
9136,596,518,0,60,92,0,-1,-1,-1
9136,601,501,0,60,102,0,-1,-1,-1
9137,595,428,0,55,103,0,-1,-1,-1
9137,598,455,60,97,222,0,-1,-1,-1
9137,596,296,0,37,64,0,-1,-1,-1
9137,600,548,31,83,259,0,-1,-1,-1
9138,600,431,0,56,109,0,-1,-1,-1
9138,596,86,0,72,177,0,-1,-1,-1
9138,602,362,0,56,127,0,-1,-1,-1
9138,598,496,2,57,106,0,-1,-1,-1
9139,600,427,0,62,107,0,-1,-1,-1
9139,598,162,0,70,98,0,-1,-1,-1
9139,596,485,0,82,155,0,-1,-1,-1
9140,596,494,1,64,108,0,-1,-1,-1
9140,603,439,0,48,107,0,-1,-1,-1
9141,604,94,0,63,159,0,-1,-1,-1
9141,596,436,0,60,112,0,-1,-1,-1
9141,603,490,0,80,109,0,-1,-1,-1
9142,603,493,0,65,109,0,-1,-1,-1
9142,596,443,0,56,104,0,-1,-1,-1
9142,604,147,0,63,97,0,-1,-1,-1
9143,603,492,0,66,109,0,-1,-1,-1
9144,603,497,0,58,110,0,-1,-1,-1
9144,605,55,0,77,153,0,-1,-1,-1
9144,604,447,0,49,103,0,-1,-1,-1
9145,603,473,0,98,281,0,-1,-1,-1
9145,605,441,0,61,110,0,-1,-1,-1
9146,603,515,0,65,103,0,-1,-1,-1
9146,605,448,0,60,108,0,-1,-1,-1
9147,603,352,0,82,133,0,-1,-1,-1
9147,605,518,0,65,103,0,-1,-1,-1
9148,605,262,0,66,95,0,-1,-1,-1
9148,606,449,4,71,107,0,-1,-1,-1
9148,603,392,2,44,57,0,-1,-1,-1
9149,606,193,21,105,230,0,-1,-1,-1
9149,603,376,0,69,100,0,-1,-1,-1
9149,605,522,0,60,99,0,-1,-1,-1
9149,607,495,0,67,104,0,-1,-1,-1
9150,603,400,0,55,96,0,-1,-1,-1
9152,607,504,0,83,106,0,-1,-1,-1
9153,607,502,0,63,91,0,-1,-1,-1
9153,608,180,0,61,92,0,-1,-1,-1
9154,607,460,0,75,111,0,-1,-1,-1
9154,608,254,0,65,108,0,-1,-1,-1
9156,609,266,21,72,225,0,-1,-1,-1
9157,609,276,12,69,231,0,-1,-1,-1
9158,609,274,9,71,234,0,-1,-1,-1
9159,610,488,3,107,270,0,-1,-1,-1
9159,609,273,8,72,235,0,-1,-1,-1
9160,610,501,16,104,267,0,-1,-1,-1
9160,611,237,0,28,62,0,-1,-1,-1
9160,609,270,0,71,241,0,-1,-1,-1
9161,609,268,9,76,234,0,-1,-1,-1
9161,610,184,0,53,115,0,-1,-1,-1
9161,612,396,0,68,118,0,-1,-1,-1
9162,610,296,15,91,273,0,-1,-1,-1
9162,611,441,40,106,284,0,-1,-1,-1
9166,613,418,0,67,133,0,-1,-1,-1
9169,614,261,0,50,56,0,-1,-1,-1
9170,615,391,0,79,91,0,-1,-1,-1
9170,616,470,0,95,115,0,-1,-1,-1
9174,617,271,60,112,277,0,-1,-1,-1
9175,617,136,93,196,238,0,-1,-1,-1
9177,617,416,0,70,91,0,-1,-1,-1
9178,618,517,0,73,101,0,-1,-1,-1
9179,618,502,0,64,95,0,-1,-1,-1
9181,618,458,0,57,99,0,-1,-1,-1
9186,619,365,70,110,264,0,-1,-1,-1
9187,620,333,0,66,118,0,-1,-1,-1
9188,621,370,10,98,247,0,-1,-1,-1
9189,621,421,1,96,249,0,-1,-1,-1
9189,620,253,0,50,119,0,-1,-1,-1
9190,620,251,0,60,134,0,-1,-1,-1
9191,620,468,0,64,99,0,-1,-1,-1
9191,622,333,69,75,206,0,-1,-1,-1
9191,623,331,0,36,51,0,-1,-1,-1
9191,624,280,2,46,136,0,-1,-1,-1
9192,622,386,3,63,159,0,-1,-1,-1
9193,620,273,0,38,56,0,-1,-1,-1
9194,620,334,0,45,51,0,-1,-1,-1
9198,625,380,5,88,115,0,-1,-1,-1
9200,626,528,1,62,126,0,-1,-1,-1
9205,627,494,0,85,206,0,-1,-1,-1
9206,628,408,1,79,86,0,-1,-1,-1
9211,629,263,0,54,92,0,-1,-1,-1
9221,630,298,0,40,61,0,-1,-1,-1
9222,630,386,23,107,260,0,-1,-1,-1
9223,631,381,0,70,100,0,-1,-1,-1
9225,631,424,0,64,112,0,-1,-1,-1
9226,632,329,0,59,97,0,-1,-1,-1
9227,632,380,8,81,203,0,-1,-1,-1
9227,633,311,2,35,65,0,-1,-1,-1
9227,634,210,0,29,76,0,-1,-1,-1
9228,633,320,0,89,287,0,-1,-1,-1
9228,635,414,23,79,241,0,-1,-1,-1
9229,635,395,12,101,329,0,-1,-1,-1
9230,633,325,0,43,61,0,-1,-1,-1
9231,636,432,1,91,242,0,-1,-1,-1
9232,637,145,0,72,96,0,-1,-1,-1
9232,633,231,0,59,90,0,-1,-1,-1
9233,637,5,170,163,168,0,-1,-1,-1
9234,633,269,0,43,107,0,-1,-1,-1
9235,633,454,0,84,79,0,-1,-1,-1
9236,638,427,0,43,74,0,-1,-1,-1
9236,633,300,0,60,123,0,-1,-1,-1
9239,639,458,0,84,83,0,-1,-1,-1
9242,639,363,0,58,159,0,-1,-1,-1
9244,639,287,9,79,237,0,-1,-1,-1
9245,639,291,71,97,272,0,-1,-1,-1
9246,639,287,42,94,253,0,-1,-1,-1
9247,640,293,0,54,101,0,-1,-1,-1
9248,640,301,0,42,97,0,-1,-1,-1
9249,640,352,0,58,151,0,-1,-1,-1
9250,640,524,15,86,222,0,-1,-1,-1
9250,641,221,0,72,240,0,-1,-1,-1
9250,642,302,1,29,52,0,-1,-1,-1
9251,640,556,46,80,237,0,-1,-1,-1
9253,642,324,0,60,111,0,-1,-1,-1
9254,642,325,0,64,134,0,-1,-1,-1
9255,643,339,139,201,199,0,-1,-1,-1
9256,642,163,255,131,78,0,-1,-1,-1
9259,642,454,38,83,133,0,-1,-1,-1
9260,642,359,148,158,188,0,-1,-1,-1
9263,642,301,84,139,250,0,-1,-1,-1
9264,642,203,90,145,238,0,-1,-1,-1
9265,644,285,12,71,148,0,-1,-1,-1
9265,645,225,0,60,149,0,-1,-1,-1
9265,642,157,100,102,237,0,-1,-1,-1
9266,645,260,1,41,60,0,-1,-1,-1
9269,645,451,0,68,107,0,-1,-1,-1
9270,645,303,0,37,55,0,-1,-1,-1
9270,646,429,0,66,113,0,-1,-1,-1
9273,646,390,5,67,112,0,-1,-1,-1
9273,645,140,0,80,80,0,-1,-1,-1
9274,646,385,0,68,95,0,-1,-1,-1
9275,647,326,0,39,53,0,-1,-1,-1
9277,646,124,82,117,241,0,-1,-1,-1
9277,648,395,0,62,99,0,-1,-1,-1
9279,646,82,176,157,165,0,-1,-1,-1
9281,649,495,0,61,91,0,-1,-1,-1
9281,650,431,1,65,101,0,-1,-1,-1
9284,649,368,0,54,94,0,-1,-1,-1
9284,651,506,0,44,102,0,-1,-1,-1
9284,652,433,5,47,144,0,-1,-1,-1
9285,649,444,3,49,148,0,-1,-1,-1
9285,651,284,11,71,187,0,-1,-1,-1
9286,651,286,12,69,180,0,-1,-1,-1
9287,651,283,17,73,180,0,-1,-1,-1
9287,649,424,0,63,160,0,-1,-1,-1
9288,649,440,0,51,99,0,-1,-1,-1
9288,653,202,7,56,130,0,-1,-1,-1
9289,653,355,7,70,221,0,-1,-1,-1
9290,653,43,46,116,267,0,-1,-1,-1
9291,654,419,12,75,240,0,-1,-1,-1
9291,653,177,15,68,231,0,-1,-1,-1
9292,653,254,6,75,234,0,-1,-1,-1
9292,655,491,0,75,87,0,-1,-1,-1
9293,653,237,19,86,241,0,-1,-1,-1
9293,656,348,12,86,244,0,-1,-1,-1
9295,655,455,1,65,100,0,-1,-1,-1
9295,657,499,0,56,95,0,-1,-1,-1
9295,656,434,0,61,100,0,-1,-1,-1
9300,658,292,72,121,267,0,-1,-1,-1
9301,659,427,0,72,91,0,-1,-1,-1
9305,660,400,0,62,98,0,-1,-1,-1
9306,661,440,0,74,87,0,-1,-1,-1
9310,662,486,0,73,91,0,-1,-1,-1
9311,662,306,0,56,139,0,-1,-1,-1
9311,663,396,0,60,82,0,-1,-1,-1
9319,664,199,16,68,220,0,-1,-1,-1
9323,665,524,0,60,90,0,-1,-1,-1
9323,666,362,0,62,92,0,-1,-1,-1
9323,667,430,0,48,92,0,-1,-1,-1
9324,667,262,0,62,97,0,-1,-1,-1
9328,668,279,0,70,134,0,-1,-1,-1
9337,669,243,37,73,251,0,-1,-1,-1
9338,670,186,58,101,235,0,-1,-1,-1
9338,669,283,47,71,240,0,-1,-1,-1
9339,670,187,53,97,243,0,-1,-1,-1
9339,669,285,44,74,236,0,-1,-1,-1
9339,671,50,11,72,231,0,-1,-1,-1
9340,670,223,17,62,156,0,-1,-1,-1
9340,669,515,0,67,92,0,-1,-1,-1
9340,672,282,4,68,185,0,-1,-1,-1
9341,669,247,0,77,93,0,-1,-1,-1
9347,673,463,0,62,100,0,-1,-1,-1
9349,673,493,1,99,172,0,-1,-1,-1
9352,673,404,0,50,92,0,-1,-1,-1
9352,674,428,2,53,90,0,-1,-1,-1
9362,675,384,0,75,93,0,-1,-1,-1
9364,676,542,3,90,118,0,-1,-1,-1
9364,677,199,0,63,86,0,-1,-1,-1
9365,677,216,0,50,94,0,-1,-1,-1
9365,678,316,3,26,55,0,-1,-1,-1
9366,677,206,0,62,93,0,-1,-1,-1
9367,677,127,4,75,203,0,-1,-1,-1
9368,677,109,6,74,182,0,-1,-1,-1
9371,677,379,3,100,267,0,-1,-1,-1
9372,677,150,0,63,110,0,-1,-1,-1
9372,679,455,0,68,103,0,-1,-1,-1
9372,680,361,0,63,96,0,-1,-1,-1
9373,681,299,0,55,97,0,-1,-1,-1
9373,682,328,0,53,92,0,-1,-1,-1
9374,682,304,0,46,95,0,-1,-1,-1
9374,681,329,0,51,91,0,-1,-1,-1
9375,682,335,0,55,103,0,-1,-1,-1
9376,682,336,0,58,100,0,-1,-1,-1
9377,682,333,0,59,100,0,-1,-1,-1
9380,682,466,0,68,159,0,-1,-1,-1
9381,683,196,0,81,226,0,-1,-1,-1
9382,683,155,0,60,118,0,-1,-1,-1
9382,684,376,0,82,105,0,-1,-1,-1
9385,683,410,6,77,243,0,-1,-1,-1
9385,685,321,2,72,215,0,-1,-1,-1
9386,683,257,89,152,252,0,-1,-1,-1
9386,686,421,93,152,246,0,-1,-1,-1
9386,685,321,0,72,93,0,-1,-1,-1
9387,686,259,88,146,252,0,-1,-1,-1
9387,687,426,87,140,250,0,-1,-1,-1
9389,685,353,0,59,97,0,-1,-1,-1
9389,683,435,0,55,99,0,-1,-1,-1
9390,683,430,2,69,104,0,-1,-1,-1
9391,688,515,0,84,131,0,-1,-1,-1
9395,689,154,35,90,280,0,-1,-1,-1
9396,689,111,71,139,267,0,-1,-1,-1
9397,689,120,90,113,231,0,-1,-1,-1
9397,690,6,40,99,260,0,-1,-1,-1
9398,689,140,77,119,251,0,-1,-1,-1
9399,691,456,1,82,108,0,-1,-1,-1
9399,689,146,94,108,222,0,-1,-1,-1
9400,689,398,59,136,279,0,-1,-1,-1
9400,692,146,73,113,262,0,-1,-1,-1
9400,691,59,55,91,198,0,-1,-1,-1
9401,692,139,83,122,248,0,-1,-1,-1
9401,691,551,2,84,242,0,-1,-1,-1
9402,692,300,88,143,242,0,-1,-1,-1
9415,693,457,13,97,257,0,-1,-1,-1
9416,693,495,74,136,225,0,-1,-1,-1
9416,694,435,0,54,92,0,-1,-1,-1
9417,694,500,1,58,117,0,-1,-1,-1
9418,694,530,0,62,110,0,-1,-1,-1
9419,694,381,0,56,98,0,-1,-1,-1
9420,695,520,0,62,162,0,-1,-1,-1
9421,695,519,6,90,226,0,-1,-1,-1
9421,694,438,8,71,233,0,-1,-1,-1
9423,695,415,21,98,249,0,-1,-1,-1
9429,696,390,181,159,158,0,-1,-1,-1
9430,696,392,188,152,150,0,-1,-1,-1
9430,697,194,0,68,138,0,-1,-1,-1
9430,698,453,3,57,144,0,-1,-1,-1
9431,697,126,0,61,155,0,-1,-1,-1
9431,696,249,0,64,150,0,-1,-1,-1
9432,696,329,201,155,141,0,-1,-1,-1
9432,699,120,0,57,121,0,-1,-1,-1
9432,697,238,2,72,124,0,-1,-1,-1
9432,698,317,0,57,133,0,-1,-1,-1
9433,699,532,0,51,104,0,-1,-1,-1
9433,700,147,0,72,112,0,-1,-1,-1
9433,697,221,0,56,110,0,-1,-1,-1
9434,700,154,0,68,108,0,-1,-1,-1
9434,697,285,0,48,98,0,-1,-1,-1
9434,699,562,0,67,117,0,-1,-1,-1
9435,700,160,0,68,107,0,-1,-1,-1
9435,699,286,0,48,97,0,-1,-1,-1
9436,701,342,1,37,55,0,-1,-1,-1
9437,702,324,108,126,233,0,-1,-1,-1
9437,701,489,0,69,86,0,-1,-1,-1
9437,699,267,0,50,91,0,-1,-1,-1
9438,703,372,9,68,248,0,-1,-1,-1
9438,704,292,20,79,248,0,-1,-1,-1
9439,703,138,201,154,141,0,-1,-1,-1
9439,704,214,0,83,138,0,-1,-1,-1
9439,699,481,0,115,150,0,-1,-1,-1
9439,701,381,204,117,141,0,-1,-1,-1
9440,701,310,58,107,277,0,-1,-1,-1
9440,705,386,60,120,273,0,-1,-1,-1
9440,706,521,1,59,107,0,-1,-1,-1
9440,704,113,243,123,98,0,-1,-1,-1
9441,706,366,229,118,112,0,-1,-1,-1
9441,703,16,249,123,92,0,-1,-1,-1
9441,701,565,0,59,129,0,-1,-1,-1
9441,707,518,0,59,109,0,-1,-1,-1
9442,703,22,227,163,115,0,-1,-1,-1
9442,706,369,224,112,116,0,-1,-1,-1
9442,707,561,0,60,133,0,-1,-1,-1
9443,703,52,230,145,110,0,-1,-1,-1
9443,706,350,221,137,121,0,-1,-1,-1
9443,708,518,0,69,127,0,-1,-1,-1
9444,706,273,142,163,196,0,-1,-1,-1
9444,709,90,163,171,171,0,-1,-1,-1
9444,708,515,0,65,126,0,-1,-1,-1
9446,708,515,3,66,110,0,-1,-1,-1
9447,708,363,0,53,108,0,-1,-1,-1
9448,710,327,0,57,90,0,-1,-1,-1
9448,711,469,1,61,109,0,-1,-1,-1
9448,712,563,0,52,102,0,-1,-1,-1
9450,710,334,0,67,128,0,-1,-1,-1
9450,712,524,0,58,106,0,-1,-1,-1
9451,710,500,1,57,102,0,-1,-1,-1
9452,713,363,0,57,96,0,-1,-1,-1
9452,710,501,0,53,103,0,-1,-1,-1
9453,710,460,0,48,98,0,-1,-1,-1
9454,710,313,0,50,98,0,-1,-1,-1
9455,710,476,0,53,96,0,-1,-1,-1
9455,713,204,281,152,59,0,-1,-1,-1
9456,710,294,0,38,58,0,-1,-1,-1
9456,713,461,0,73,120,0,-1,-1,-1
9457,710,458,1,67,117,0,-1,-1,-1
9457,714,554,5,74,141,0,-1,-1,-1
9457,715,312,0,64,85,0,-1,-1,-1
9459,710,506,0,59,97,0,-1,-1,-1
9461,710,358,0,71,101,0,-1,-1,-1
9461,716,299,1,34,55,0,-1,-1,-1
9465,717,143,141,187,203,0,-1,-1,-1
9465,718,393,0,70,88,0,-1,-1,-1
9466,717,148,149,181,190,0,-1,-1,-1
9467,717,103,169,189,176,0,-1,-1,-1
9469,719,354,223,152,121,0,-1,-1,-1
9470,719,318,48,111,262,0,-1,-1,-1
9470,720,383,187,182,150,0,-1,-1,-1
9471,720,378,0,51,98,0,-1,-1,-1
9472,719,475,0,84,129,0,-1,-1,-1
9473,719,464,0,58,102,0,-1,-1,-1
9474,719,466,0,54,104,0,-1,-1,-1
9475,719,467,0,52,107,0,-1,-1,-1
9476,719,469,0,46,104,0,-1,-1,-1
9477,719,487,0,84,137,0,-1,-1,-1
9478,719,550,0,79,114,0,-1,-1,-1
9479,719,551,0,86,143,0,-1,-1,-1
9479,721,490,0,58,90,0,-1,-1,-1
9479,722,458,0,67,89,0,-1,-1,-1
9481,722,332,0,55,90,0,-1,-1,-1
9485,723,491,0,80,122,0,-1,-1,-1
9485,724,325,0,60,90,0,-1,-1,-1
9486,723,359,0,63,95,0,-1,-1,-1
9486,724,203,0,37,66,0,-1,-1,-1
9494,725,471,0,51,92,0,-1,-1,-1
9496,725,132,264,112,77,0,-1,-1,-1
9499,725,508,46,118,234,0,-1,-1,-1
9500,726,462,1,65,119,0,-1,-1,-1
9500,727,391,0,56,130,0,-1,-1,-1
9501,725,314,0,76,146,0,-1,-1,-1
9502,725,540,6,51,118,0,-1,-1,-1
9504,725,522,0,76,84,0,-1,-1,-1
9509,728,231,100,136,236,0,-1,-1,-1
9510,728,444,0,76,79,0,-1,-1,-1
9515,729,451,0,75,148,0,-1,-1,-1
9515,730,293,3,74,156,0,-1,-1,-1
9516,730,176,61,84,257,0,-1,-1,-1
9517,729,157,200,204,140,0,-1,-1,-1
9517,731,364,1,79,206,0,-1,-1,-1
9518,729,247,24,105,269,0,-1,-1,-1
9518,731,363,38,93,271,0,-1,-1,-1
9518,730,428,0,56,108,0,-1,-1,-1
9519,732,361,56,104,282,0,-1,-1,-1
9519,731,215,42,113,286,0,-1,-1,-1
9519,733,518,0,72,106,0,-1,-1,-1
9519,734,320,0,52,51,0,-1,-1,-1
9520,732,356,54,108,286,0,-1,-1,-1
9520,731,213,44,103,282,0,-1,-1,-1
9521,732,352,56,108,288,0,-1,-1,-1
9521,731,457,4,67,91,0,-1,-1,-1
9522,732,148,75,148,265,0,-1,-1,-1
9522,735,333,78,113,258,0,-1,-1,-1
9522,733,482,3,78,116,0,-1,-1,-1
9523,735,332,124,112,215,0,-1,-1,-1
9523,732,216,193,157,145,0,-1,-1,-1
9524,735,207,191,200,150,0,-1,-1,-1
9524,732,295,143,139,195,0,-1,-1,-1
9524,733,328,0,60,103,0,-1,-1,-1
9524,731,468,0,56,87,0,-1,-1,-1
9525,736,209,198,183,143,0,-1,-1,-1
9525,733,358,146,126,187,0,-1,-1,-1
9525,731,304,0,42,66,0,-1,-1,-1
9526,733,340,148,138,184,0,-1,-1,-1
9528,731,504,0,86,122,0,-1,-1,-1
9528,733,373,158,107,171,0,-1,-1,-1
9528,736,258,198,151,142,0,-1,-1,-1
9528,737,380,6,91,114,0,-1,-1,-1
9529,733,144,159,177,177,0,-1,-1,-1
9529,736,331,164,166,177,0,-1,-1,-1
9530,733,356,177,161,164,0,-1,-1,-1
9530,736,111,171,170,168,0,-1,-1,-1
9531,733,108,157,171,184,0,-1,-1,-1
9531,731,193,0,59,91,0,-1,-1,-1
9531,736,386,181,136,151,0,-1,-1,-1
9532,733,339,185,180,156,0,-1,-1,-1
9532,731,33,50,132,282,0,-1,-1,-1
9532,736,131,3,63,147,0,-1,-1,-1
9532,738,520,132,120,189,0,-1,-1,-1
9533,736,308,190,188,152,0,-1,-1,-1
9533,738,137,129,182,207,0,-1,-1,-1
9534,731,105,119,181,213,0,-1,-1,-1
9535,731,294,167,147,171,0,-1,-1,-1
9535,738,120,97,202,242,0,-1,-1,-1
9536,738,285,171,164,168,0,-1,-1,-1
9536,731,128,42,176,292,0,-1,-1,-1
9536,739,209,18,82,155,0,-1,-1,-1
9537,740,125,127,111,204,0,-1,-1,-1
9537,741,208,187,147,145,0,-1,-1,-1
9538,740,246,213,146,126,0,-1,-1,-1
9538,741,1,24,78,216,0,-1,-1,-1
9538,731,78,140,168,198,0,-1,-1,-1
9538,742,554,1,79,120,0,-1,-1,-1
9539,741,98,121,155,216,0,-1,-1,-1
9539,731,221,191,157,149,0,-1,-1,-1
9539,742,299,1,35,55,0,-1,-1,-1
9540,741,100,144,157,190,0,-1,-1,-1
9540,731,229,191,146,152,0,-1,-1,-1
9541,741,222,178,142,161,0,-1,-1,-1
9541,740,92,136,145,197,0,-1,-1,-1
9541,742,363,0,51,112,0,-1,-1,-1
9542,741,246,145,182,193,0,-1,-1,-1
9542,740,109,119,144,213,0,-1,-1,-1
9543,740,305,129,127,206,0,-1,-1,-1
9543,741,212,32,113,271,0,-1,-1,-1
9543,743,85,135,155,203,0,-1,-1,-1
9544,741,79,134,158,199,0,-1,-1,-1
9544,740,313,128,124,209,0,-1,-1,-1
9545,741,287,147,123,192,0,-1,-1,-1
9545,743,75,124,165,212,0,-1,-1,-1
9545,744,383,0,68,91,0,-1,-1,-1
9545,740,307,0,69,155,0,-1,-1,-1
9546,743,304,148,107,188,0,-1,-1,-1
9546,741,111,110,147,222,0,-1,-1,-1
9546,740,479,0,50,95,0,-1,-1,-1
9547,741,297,124,102,216,0,-1,-1,-1
9547,740,78,125,157,212,0,-1,-1,-1
9547,743,276,0,35,55,0,-1,-1,-1
9547,745,205,0,63,86,0,-1,-1,-1
9548,740,87,117,154,217,0,-1,-1,-1
9548,741,298,123,105,217,0,-1,-1,-1
9548,743,488,0,74,91,0,-1,-1,-1
9549,740,85,112,146,220,0,-1,-1,-1
9549,741,269,152,104,184,0,-1,-1,-1
9550,740,90,122,147,210,0,-1,-1,-1
9550,741,263,141,109,193,0,-1,-1,-1
9550,743,219,0,88,79,0,-1,-1,-1
9551,740,302,140,111,196,0,-1,-1,-1
9551,741,93,129,155,208,0,-1,-1,-1
9551,746,317,0,57,108,0,-1,-1,-1
9551,743,245,0,35,64,0,-1,-1,-1
9552,741,217,103,128,223,0,-1,-1,-1
9552,746,253,0,68,90,0,-1,-1,-1
9552,740,132,90,144,241,0,-1,-1,-1
9553,740,230,125,146,210,0,-1,-1,-1
9553,746,252,0,74,90,0,-1,-1,-1
9553,747,136,97,136,222,0,-1,-1,-1
9554,747,136,60,148,279,0,-1,-1,-1
9554,740,338,79,103,257,0,-1,-1,-1
9554,746,256,0,62,88,0,-1,-1,-1
9555,740,275,52,121,280,0,-1,-1,-1
9555,747,141,57,138,271,0,-1,-1,-1
9556,747,257,0,54,119,0,-1,-1,-1
9556,740,169,3,66,120,0,-1,-1,-1
9557,748,325,0,56,55,0,-1,-1,-1
9558,749,378,1,62,89,0,-1,-1,-1
9563,750,427,0,59,97,0,-1,-1,-1
9563,751,290,0,69,85,0,-1,-1,-1
9565,752,491,0,59,90,0,-1,-1,-1
9566,753,268,0,45,55,0,-1,-1,-1
9568,753,503,0,48,91,0,-1,-1,-1
9570,753,322,0,46,53,0,-1,-1,-1
9580,754,452,0,79,127,0,-1,-1,-1
9580,755,524,0,72,114,0,-1,-1,-1
9582,756,403,0,91,81,0,-1,-1,-1
9584,757,164,1,135,297,0,-1,-1,-1
9584,758,108,104,133,232,0,-1,-1,-1
9584,759,529,0,69,95,0,-1,-1,-1
9585,760,169,85,212,254,0,-1,-1,-1
9586,760,251,80,204,255,0,-1,-1,-1
9586,758,144,92,118,241,0,-1,-1,-1
9592,761,374,0,60,95,0,-1,-1,-1
9593,762,139,134,112,201,0,-1,-1,-1
9594,763,268,21,73,223,0,-1,-1,-1
9595,763,305,112,117,225,0,-1,-1,-1
9595,762,321,137,155,201,0,-1,-1,-1
9596,764,270,177,177,169,0,-1,-1,-1
9596,765,478,0,67,89,0,-1,-1,-1
9596,766,369,0,61,110,0,-1,-1,-1
9596,767,336,0,42,58,0,-1,-1,-1
9597,764,261,178,163,164,0,-1,-1,-1
9597,766,439,0,80,78,0,-1,-1,-1
9598,764,257,144,161,195,0,-1,-1,-1
9599,764,233,103,129,221,0,-1,-1,-1
9601,764,271,114,122,199,0,-1,-1,-1
9602,764,268,111,129,218,0,-1,-1,-1
9602,768,479,0,69,100,0,-1,-1,-1
9603,769,313,183,205,157,0,-1,-1,-1
9604,769,266,158,145,179,0,-1,-1,-1
9604,768,185,0,55,110,0,-1,-1,-1
9604,770,298,0,38,56,0,-1,-1,-1
9605,769,246,168,164,177,0,-1,-1,-1
9605,771,129,49,82,235,0,-1,-1,-1
9605,770,239,0,81,75,0,-1,-1,-1
9606,771,432,21,85,257,0,-1,-1,-1
9606,772,180,41,111,290,0,-1,-1,-1
9606,769,266,66,92,268,0,-1,-1,-1
9607,769,246,83,113,254,0,-1,-1,-1
9607,772,66,36,157,295,0,-1,-1,-1
9607,768,299,0,51,96,0,-1,-1,-1
9608,769,164,67,147,267,0,-1,-1,-1
9608,772,83,48,196,291,0,-1,-1,-1
9608,768,304,0,92,100,0,-1,-1,-1
9609,773,92,33,130,303,0,-1,-1,-1
9609,772,258,89,109,246,0,-1,-1,-1
9610,773,184,62,170,277,0,-1,-1,-1
9611,773,228,97,212,239,0,-1,-1,-1
9611,768,531,0,59,113,0,-1,-1,-1
9611,772,385,1,58,99,0,-1,-1,-1
9611,774,493,181,133,159,0,-1,-1,-1
9611,775,263,0,94,222,0,-1,-1,-1
9612,773,257,82,191,262,0,-1,-1,-1
9612,768,532,0,62,146,0,-1,-1,-1
9612,772,432,0,57,121,0,-1,-1,-1
9612,774,491,197,149,147,0,-1,-1,-1
9613,773,214,40,182,300,0,-1,-1,-1
9613,772,444,4,88,140,0,-1,-1,-1
9614,773,298,28,147,316,0,-1,-1,-1
9615,773,313,78,203,265,0,-1,-1,-1
9615,772,295,1,39,61,0,-1,-1,-1
9616,773,380,144,219,197,0,-1,-1,-1
9616,772,229,0,34,62,0,-1,-1,-1
9617,773,95,135,155,201,0,-1,-1,-1
9617,776,282,51,150,283,0,-1,-1,-1
9621,777,20,107,145,231,0,-1,-1,-1
9622,777,183,1,81,121,0,-1,-1,-1
9623,777,533,0,59,92,0,-1,-1,-1
9624,778,541,1,74,104,0,-1,-1,-1
9627,778,333,0,55,97,0,-1,-1,-1
9627,779,177,0,78,86,0,-1,-1,-1
9630,779,336,89,111,247,0,-1,-1,-1
9634,780,496,0,59,95,0,-1,-1,-1
9635,781,473,1,59,108,0,-1,-1,-1
9635,780,254,1,61,55,0,-1,-1,-1
9637,781,460,0,81,120,0,-1,-1,-1
9637,780,183,0,57,98,0,-1,-1,-1
9638,781,514,0,72,90,0,-1,-1,-1
9641,781,438,0,96,118,0,-1,-1,-1
9646,782,415,0,81,112,0,-1,-1,-1
9646,783,485,0,62,99,0,-1,-1,-1
9648,783,69,184,159,148,0,-1,-1,-1
9648,784,334,0,51,90,0,-1,-1,-1
9649,784,251,0,78,253,0,-1,-1,-1
9649,785,418,0,63,104,0,-1,-1,-1
9651,784,429,0,66,101,0,-1,-1,-1
9656,786,179,0,59,107,0,-1,-1,-1
9659,786,478,10,138,276,0,-1,-1,-1
9662,787,429,0,57,87,0,-1,-1,-1
9667,788,226,137,129,204,0,-1,-1,-1
9667,789,331,0,87,94,0,-1,-1,-1
9668,789,324,0,40,52,0,-1,-1,-1
9669,789,337,0,42,51,0,-1,-1,-1
9670,790,420,0,82,107,0,-1,-1,-1
9670,789,325,0,39,49,0,-1,-1,-1
9671,791,434,1,62,105,0,-1,-1,-1
9675,792,292,0,59,119,0,-1,-1,-1
9679,793,324,0,44,52,0,-1,-1,-1
9681,793,530,0,73,153,0,-1,-1,-1
9685,794,309,0,74,80,0,-1,-1,-1
9686,795,255,39,97,262,0,-1,-1,-1
9688,794,302,0,37,58,0,-1,-1,-1
9689,794,76,59,125,275,0,-1,-1,-1
9689,795,259,29,82,199,0,-1,-1,-1
9689,796,164,3,71,226,0,-1,-1,-1
9689,797,476,6,78,226,0,-1,-1,-1
9690,795,255,51,116,289,0,-1,-1,-1
9690,794,416,57,97,284,0,-1,-1,-1
9690,798,525,0,54,90,0,-1,-1,-1
9691,794,283,55,117,284,0,-1,-1,-1
9691,795,411,60,104,284,0,-1,-1,-1
9692,794,282,46,121,295,0,-1,-1,-1
9692,795,402,55,105,279,0,-1,-1,-1
9693,794,279,46,124,295,0,-1,-1,-1
9693,795,401,73,104,261,0,-1,-1,-1
9694,794,283,47,126,291,0,-1,-1,-1
9694,795,398,70,111,270,0,-1,-1,-1
9695,794,280,52,130,288,0,-1,-1,-1
9695,795,400,72,106,269,0,-1,-1,-1
9696,795,276,49,130,291,0,-1,-1,-1
9696,794,386,59,114,280,0,-1,-1,-1
9697,795,279,49,116,292,0,-1,-1,-1
9697,794,397,68,110,274,0,-1,-1,-1
9698,795,78,157,139,183,0,-1,-1,-1
9698,794,382,94,127,241,0,-1,-1,-1
9699,794,2,146,131,190,0,-1,-1,-1
9700,794,270,129,150,211,0,-1,-1,-1
9701,794,279,127,153,209,0,-1,-1,-1
9701,799,335,0,61,98,0,-1,-1,-1
9701,795,416,1,77,134,0,-1,-1,-1
9702,800,243,103,128,234,0,-1,-1,-1
9702,794,461,176,156,166,0,-1,-1,-1
9703,800,224,82,142,248,0,-1,-1,-1
9703,794,361,20,91,244,0,-1,-1,-1
9703,799,468,37,92,220,0,-1,-1,-1
9704,800,314,90,143,245,0,-1,-1,-1
9706,801,506,0,77,96,0,-1,-1,-1
9706,799,339,0,43,105,0,-1,-1,-1
9708,799,491,0,83,116,0,-1,-1,-1
9708,802,436,0,62,93,0,-1,-1,-1
9708,801,556,0,70,107,0,-1,-1,-1
9709,801,492,3,86,203,0,-1,-1,-1
9709,802,442,0,59,91,0,-1,-1,-1
9710,802,434,0,65,91,0,-1,-1,-1
9710,801,482,0,64,88,0,-1,-1,-1
9711,802,432,0,62,91,0,-1,-1,-1
9711,801,481,0,65,86,0,-1,-1,-1
9712,801,251,5,68,229,0,-1,-1,-1
9712,803,479,0,64,88,0,-1,-1,-1
9713,802,511,2,108,271,0,-1,-1,-1
9713,804,423,0,57,90,0,-1,-1,-1
9714,802,338,55,119,280,0,-1,-1,-1
9714,805,151,0,77,270,0,-1,-1,-1
9714,801,448,0,102,199,0,-1,-1,-1
9714,803,302,0,47,51,0,-1,-1,-1
9715,802,361,77,106,264,0,-1,-1,-1
9715,803,456,0,77,107,0,-1,-1,-1
9716,803,491,0,84,103,0,-1,-1,-1
9722,806,418,0,69,97,0,-1,-1,-1
9723,807,408,0,72,111,0,-1,-1,-1
9725,808,328,4,40,55,0,-1,-1,-1
9725,809,491,0,67,99,0,-1,-1,-1
9725,810,265,0,38,62,0,-1,-1,-1
9726,809,362,4,93,227,0,-1,-1,-1
9726,810,466,9,98,281,0,-1,-1,-1
9728,809,226,0,40,57,0,-1,-1,-1
9729,810,532,0,58,105,0,-1,-1,-1
9729,809,295,0,48,49,0,-1,-1,-1
9730,809,357,0,71,96,0,-1,-1,-1
9731,811,483,0,81,104,0,-1,-1,-1
9736,812,323,0,66,141,0,-1,-1,-1
9737,812,545,7,85,184,0,-1,-1,-1
9737,813,473,0,73,93,0,-1,-1,-1
9738,812,546,1,86,188,0,-1,-1,-1
9739,814,458,52,124,277,0,-1,-1,-1
9745,815,433,0,117,221,0,-1,-1,-1
9745,816,460,0,127,242,0,-1,-1,-1
9747,817,478,0,83,86,0,-1,-1,-1
9748,818,324,1,55,54,0,-1,-1,-1
9749,819,333,10,87,231,0,-1,-1,-1
9749,817,210,11,96,234,0,-1,-1,-1
9753,820,165,72,95,263,0,-1,-1,-1
9754,820,90,62,95,260,0,-1,-1,-1
9755,820,165,0,52,90,0,-1,-1,-1
9755,821,513,17,123,280,0,-1,-1,-1
9756,821,393,1,75,82,0,-1,-1,-1
9757,820,497,3,102,280,0,-1,-1,-1
9758,822,480,0,76,101,0,-1,-1,-1
9758,823,336,0,56,98,0,-1,-1,-1
9759,822,504,0,97,138,0,-1,-1,-1
9763,824,478,0,81,100,0,-1,-1,-1
9765,825,475,0,48,90,0,-1,-1,-1
9767,825,400,0,52,107,0,-1,-1,-1
9768,826,548,4,86,188,0,-1,-1,-1
9769,826,550,3,83,183,0,-1,-1,-1
9771,826,328,16,85,275,0,-1,-1,-1
9774,827,357,38,93,291,0,-1,-1,-1
9774,828,471,0,53,118,0,-1,-1,-1
9775,829,0,51,153,292,0,-1,-1,-1
9778,830,518,1,101,178,0,-1,-1,-1
9780,830,518,1,99,181,0,-1,-1,-1
9781,831,431,0,64,92,0,-1,-1,-1
9781,830,451,0,73,92,0,-1,-1,-1
9782,830,518,0,99,180,0,-1,-1,-1
9783,830,366,20,80,199,0,-1,-1,-1
9783,832,511,21,79,147,0,-1,-1,-1
9784,833,130,11,69,218,0,-1,-1,-1
9784,832,356,0,64,113,0,-1,-1,-1
9784,830,302,0,53,111,0,-1,-1,-1
9785,832,327,0,62,99,0,-1,-1,-1
9785,834,346,0,65,98,0,-1,-1,-1
9786,834,362,0,65,98,0,-1,-1,-1
9786,835,527,6,108,185,0,-1,-1,-1
9786,832,332,0,48,94,0,-1,-1,-1
9787,834,365,0,60,95,0,-1,-1,-1
9787,835,524,3,109,188,0,-1,-1,-1
9788,835,145,0,63,128,0,-1,-1,-1
9789,835,518,21,91,203,0,-1,-1,-1
9790,835,508,24,98,199,0,-1,-1,-1
9791,835,454,1,68,108,0,-1,-1,-1
9791,836,217,0,84,82,0,-1,-1,-1
9792,835,337,1,37,59,0,-1,-1,-1
9792,836,517,15,86,200,0,-1,-1,-1
9792,837,304,0,36,63,0,-1,-1,-1
9792,838,446,2,70,87,0,-1,-1,-1
9792,839,276,0,33,61,0,-1,-1,-1
9793,836,543,14,96,199,0,-1,-1,-1
9793,835,343,0,34,58,0,-1,-1,-1
9793,839,278,0,32,62,0,-1,-1,-1
9793,837,299,0,40,64,0,-1,-1,-1
9794,836,543,12,95,201,0,-1,-1,-1
9794,835,343,2,34,55,0,-1,-1,-1
9795,835,338,0,32,58,0,-1,-1,-1
9795,836,270,0,35,65,0,-1,-1,-1
9795,839,312,1,33,61,0,-1,-1,-1
9796,836,273,0,33,63,0,-1,-1,-1
9796,835,337,0,32,59,0,-1,-1,-1
9797,836,271,0,35,63,0,-1,-1,-1
9797,835,332,2,34,57,0,-1,-1,-1
9798,835,277,0,29,62,0,-1,-1,-1
9798,839,305,2,33,56,0,-1,-1,-1
9799,835,304,3,35,58,0,-1,-1,-1
9799,839,274,1,30,60,0,-1,-1,-1
9800,839,268,2,31,60,0,-1,-1,-1
9800,835,302,3,36,57,0,-1,-1,-1
9802,839,431,0,64,88,0,-1,-1,-1
9802,835,273,0,36,60,0,-1,-1,-1
9802,840,299,2,35,56,0,-1,-1,-1
9803,840,273,0,34,62,0,-1,-1,-1
9804,840,270,2,34,60,0,-1,-1,-1
9805,840,566,0,67,101,0,-1,-1,-1
9805,841,242,0,30,56,0,-1,-1,-1
9807,841,293,11,76,217,0,-1,-1,-1
9810,841,482,1,73,121,0,-1,-1,-1
9812,841,335,0,51,96,0,-1,-1,-1
9813,841,485,0,86,92,0,-1,-1,-1
9813,842,390,0,54,94,0,-1,-1,-1
9814,841,481,0,88,99,0,-1,-1,-1
9815,843,16,128,171,207,0,-1,-1,-1
9815,844,345,73,93,266,0,-1,-1,-1
9815,841,294,64,84,264,0,-1,-1,-1
9816,841,359,0,64,102,0,-1,-1,-1
9816,845,300,0,35,49,0,-1,-1,-1
9819,845,329,10,89,242,0,-1,-1,-1
9821,845,436,66,106,249,0,-1,-1,-1
9821,846,309,0,72,92,0,-1,-1,-1
9822,846,450,2,69,100,0,-1,-1,-1
9822,847,572,2,59,87,0,-1,-1,-1
9823,846,571,0,58,90,0,-1,-1,-1
9824,848,312,0,76,127,0,-1,-1,-1
9824,849,379,0,70,102,0,-1,-1,-1
9827,850,295,0,70,93,0,-1,-1,-1
9828,850,502,0,59,104,0,-1,-1,-1
9828,851,369,0,74,140,0,-1,-1,-1
9829,852,395,0,57,97,0,-1,-1,-1
9829,853,331,0,31,49,0,-1,-1,-1
9835,854,552,0,74,124,0,-1,-1,-1
9837,855,541,4,89,186,0,-1,-1,-1
9837,856,363,0,52,93,0,-1,-1,-1
9838,855,449,126,136,213,0,-1,-1,-1
9839,857,367,68,120,273,0,-1,-1,-1
9839,855,236,51,103,290,0,-1,-1,-1
9839,858,178,35,77,260,0,-1,-1,-1
9841,855,319,55,101,227,0,-1,-1,-1
9841,858,393,1,75,110,0,-1,-1,-1
9841,859,170,0,84,117,0,-1,-1,-1
9842,859,201,0,83,102,0,-1,-1,-1
9843,859,227,0,75,101,0,-1,-1,-1
9843,860,342,0,39,62,0,-1,-1,-1
9844,859,405,0,72,121,0,-1,-1,-1
9847,859,350,21,64,146,0,-1,-1,-1
9851,861,362,0,64,89,0,-1,-1,-1
9858,862,521,0,75,123,0,-1,-1,-1
9862,863,327,0,45,60,0,-1,-1,-1
9865,863,516,0,72,96,0,-1,-1,-1
9866,863,385,0,65,95,0,-1,-1,-1
9866,864,495,0,61,87,0,-1,-1,-1
9880,865,492,0,70,95,0,-1,-1,-1
9884,866,483,1,72,87,0,-1,-1,-1
9890,867,479,0,68,97,0,-1,-1,-1
9907,868,554,0,71,97,0,-1,-1,-1
9907,869,389,0,53,95,0,-1,-1,-1
9907,870,218,0,57,118,0,-1,-1,-1
9909,870,490,0,74,92,0,-1,-1,-1
9909,869,393,0,59,87,0,-1,-1,-1
