650,0,477,0,70,91,0,-1,-1,-1
1271,1,102,61,136,124,0,-1,-1,-1
2725,2,540,1,31,72,0,-1,-1,-1
2726,3,464,1,94,205,0,-1,-1,-1
2729,3,366,22,105,201,0,-1,-1,-1
2730,3,570,0,63,107,0,-1,-1,-1
4050,4,357,8,88,181,0,-1,-1,-1
4334,5,505,3,61,135,0,-1,-1,-1
4334,6,295,94,101,113,0,-1,-1,-1
5547,7,394,0,66,108,0,-1,-1,-1
5801,8,394,2,68,123,0,-1,-1,-1
6162,9,500,0,64,113,0,-1,-1,-1
6180,10,364,84,128,152,0,-1,-1,-1
6751,11,528,40,112,226,0,-1,-1,-1
6904,12,540,0,76,120,0,-1,-1,-1
6934,13,544,4,90,144,0,-1,-1,-1
6935,13,235,49,129,150,0,-1,-1,-1
6936,13,244,64,88,123,0,-1,-1,-1
6937,13,234,71,115,125,0,-1,-1,-1
7483,14,569,0,43,62,0,-1,-1,-1
7629,15,517,0,68,89,0,-1,-1,-1
7990,16,557,0,69,88,0,-1,-1,-1
7993,16,526,0,70,117,0,-1,-1,-1
7999,17,573,0,66,95,0,-1,-1,-1
8032,18,365,2,104,194,0,-1,-1,-1
8111,19,431,19,120,213,0,-1,-1,-1
8135,20,306,16,89,192,0,-1,-1,-1
8167,21,562,0,58,101,0,-1,-1,-1
8281,22,555,0,78,237,0,-1,-1,-1
8282,22,555,0,81,243,0,-1,-1,-1
8283,22,334,28,124,195,0,-1,-1,-1
8283,23,464,15,98,227,0,-1,-1,-1
8286,22,394,65,113,170,0,-1,-1,-1
8286,24,230,60,125,145,0,-1,-1,-1
8352,25,470,40,161,219,0,-1,-1,-1
8490,26,506,4,48,149,0,-1,-1,-1
8560,27,505,0,70,115,0,-1,-1,-1
8613,28,526,2,62,113,0,-1,-1,-1
8614,29,582,40,55,98,0,-1,-1,-1
8617,29,436,0,51,97,0,-1,-1,-1
8619,29,459,1,72,96,0,-1,-1,-1
8621,30,477,0,65,95,0,-1,-1,-1
8622,30,464,3,50,95,0,-1,-1,-1
8622,29,567,2,53,59,0,-1,-1,-1
8676,31,414,8,79,208,0,-1,-1,-1
8807,32,437,69,107,169,0,-1,-1,-1
9100,33,567,0,61,118,0,-1,-1,-1
9232,34,472,28,106,223,0,-1,-1,-1
9347,35,168,42,81,146,0,-1,-1,-1
9348,35,165,40,81,147,0,-1,-1,-1
9350,35,168,35,74,146,0,-1,-1,-1
9357,36,240,2,85,189,0,-1,-1,-1
9358,36,247,1,85,196,0,-1,-1,-1
9360,36,246,1,88,195,0,-1,-1,-1
9361,36,246,2,87,194,0,-1,-1,-1
9363,36,245,1,89,195,0,-1,-1,-1
9364,36,245,2,89,195,0,-1,-1,-1
9371,37,245,1,84,196,0,-1,-1,-1
9372,37,245,1,86,196,0,-1,-1,-1
9373,37,246,0,84,198,0,-1,-1,-1
9486,38,551,0,64,91,0,-1,-1,-1
9500,39,438,58,104,186,0,-1,-1,-1
9526,40,557,0,67,131,0,-1,-1,-1
9667,41,495,5,80,209,0,-1,-1,-1
9668,41,515,1,68,112,0,-1,-1,-1
9668,42,175,80,98,101,0,-1,-1,-1
9670,43,499,38,96,212,0,-1,-1,-1
9670,44,438,33,106,196,0,-1,-1,-1
9670,45,520,46,120,226,0,-1,-1,-1
9671,44,437,1,87,155,0,-1,-1,-1
9671,45,540,0,93,161,0,-1,-1,-1
9958,46,522,75,110,180,0,-1,-1,-1
10192,47,196,40,168,164,0,-1,-1,-1
10193,47,314,102,167,127,0,-1,-1,-1
10208,48,481,2,111,251,0,-1,-1,-1
10262,49,235,63,99,132,0,-1,-1,-1
10405,50,477,5,68,144,0,-1,-1,-1
10421,51,114,94,92,73,0,-1,-1,-1
10436,52,458,101,111,140,0,-1,-1,-1
10437,53,553,41,87,224,0,-1,-1,-1
10468,54,530,0,41,52,0,-1,-1,-1
10469,54,519,0,71,138,0,-1,-1,-1
10469,55,119,54,90,112,0,-1,-1,-1
10470,55,54,66,142,97,0,-1,-1,-1
10480,56,130,43,104,134,0,-1,-1,-1
10492,57,576,0,50,97,0,-1,-1,-1
10677,58,543,0,90,252,0,-1,-1,-1
10678,58,452,38,121,202,0,-1,-1,-1
10736,59,498,47,129,212,0,-1,-1,-1
10748,60,473,16,105,212,0,-1,-1,-1
10749,60,513,0,51,111,0,-1,-1,-1
10822,61,565,1,54,108,0,-1,-1,-1
10825,61,409,4,101,211,0,-1,-1,-1
10826,61,415,12,88,219,0,-1,-1,-1
11038,62,543,0,50,87,0,-1,-1,-1
11097,63,382,0,69,104,0,-1,-1,-1
11243,64,531,0,76,97,0,-1,-1,-1
11243,65,589,0,51,96,0,-1,-1,-1
11296,66,419,1,123,233,0,-1,-1,-1
11661,67,153,53,94,129,0,-1,-1,-1
11852,68,457,2,66,160,0,-1,-1,-1
11852,69,298,7,132,206,0,-1,-1,-1
11983,70,511,0,68,87,0,-1,-1,-1
12001,71,453,11,81,199,0,-1,-1,-1
12002,72,208,34,91,160,0,-1,-1,-1
12011,73,422,39,87,197,0,-1,-1,-1
12012,73,483,44,78,208,0,-1,-1,-1
12012,74,378,58,73,162,0,-1,-1,-1
12016,75,497,41,66,96,0,-1,-1,-1
12017,76,491,42,88,207,0,-1,-1,-1
12017,75,430,29,75,212,0,-1,-1,-1
12091,77,359,0,57,108,0,-1,-1,-1
12117,78,428,122,149,129,0,-1,-1,-1
12158,79,551,0,71,114,0,-1,-1,-1
12167,80,571,0,56,113,0,-1,-1,-1
12207,81,283,4,108,204,0,-1,-1,-1
12262,82,548,1,91,72,0,-1,-1,-1
12289,83,423,2,76,163,0,-1,-1,-1
12409,84,508,0,72,90,0,-1,-1,-1
12430,85,571,0,60,136,0,-1,-1,-1
12469,86,505,15,117,231,0,-1,-1,-1
12518,87,539,21,98,225,0,-1,-1,-1
12522,88,467,38,124,205,0,-1,-1,-1
12523,88,528,2,52,114,0,-1,-1,-1
12524,88,429,0,102,234,0,-1,-1,-1
12524,89,317,18,93,203,0,-1,-1,-1
12525,89,508,0,43,64,0,-1,-1,-1
12527,89,359,84,102,136,0,-1,-1,-1
12532,90,401,0,56,137,0,-1,-1,-1
12533,90,425,72,111,165,0,-1,-1,-1
12542,91,498,121,108,131,0,-1,-1,-1
12584,92,507,143,110,117,0,-1,-1,-1
12604,93,569,43,69,232,0,-1,-1,-1
12613,94,461,1,69,160,0,-1,-1,-1
12614,95,579,33,60,245,0,-1,-1,-1
12615,94,489,7,69,228,0,-1,-1,-1
12618,94,497,10,79,219,0,-1,-1,-1
12621,94,284,4,90,197,0,-1,-1,-1
12623,94,556,91,63,97,0,-1,-1,-1
12625,96,535,128,100,132,0,-1,-1,-1
12628,96,490,5,79,234,0,-1,-1,-1
12630,97,373,13,100,214,0,-1,-1,-1
12632,97,546,49,86,218,0,-1,-1,-1
12639,98,541,8,86,197,0,-1,-1,-1
12648,99,558,30,76,225,0,-1,-1,-1
12650,99,581,0,54,90,0,-1,-1,-1
12652,100,558,5,79,209,0,-1,-1,-1
12655,100,492,38,67,158,0,-1,-1,-1
12657,100,442,34,98,195,0,-1,-1,-1
12658,100,446,15,73,220,0,-1,-1,-1
12659,100,434,32,86,209,0,-1,-1,-1
12659,101,542,20,93,170,0,-1,-1,-1
12662,101,451,22,102,216,0,-1,-1,-1
12663,102,277,35,99,175,0,-1,-1,-1
12663,101,497,49,81,198,0,-1,-1,-1
12664,103,548,126,91,136,0,-1,-1,-1
12666,103,549,14,84,226,0,-1,-1,-1
12666,101,418,55,66,172,0,-1,-1,-1
12667,103,518,60,114,198,0,-1,-1,-1
12667,101,407,66,73,167,0,-1,-1,-1
12668,103,410,3,119,235,0,-1,-1,-1
12669,103,392,73,71,149,0,-1,-1,-1
12671,104,322,63,68,138,0,-1,-1,-1
12672,104,495,78,88,174,0,-1,-1,-1
12676,105,553,0,83,80,0,-1,-1,-1
12678,105,226,8,116,193,0,-1,-1,-1
12679,105,246,0,112,203,0,-1,-1,-1
12687,106,420,0,83,145,0,-1,-1,-1
12692,107,569,0,37,60,0,-1,-1,-1
12699,108,424,21,85,222,0,-1,-1,-1
12715,109,462,0,60,105,0,-1,-1,-1
12730,110,355,3,93,223,0,-1,-1,-1
12732,110,505,5,52,156,0,-1,-1,-1
12734,110,516,79,102,142,0,-1,-1,-1
12736,110,454,2,91,239,0,-1,-1,-1
12740,111,492,19,88,192,0,-1,-1,-1
12744,112,525,12,113,189,0,-1,-1,-1
12745,113,410,82,90,152,0,-1,-1,-1
12749,114,561,17,75,222,0,-1,-1,-1
12757,115,484,48,82,162,0,-1,-1,-1
12758,115,467,82,103,120,0,-1,-1,-1
12759,115,467,85,105,123,0,-1,-1,-1
12760,115,477,85,100,121,0,-1,-1,-1
12761,115,476,88,104,127,0,-1,-1,-1
12762,115,478,89,105,128,0,-1,-1,-1
12763,115,474,84,105,132,0,-1,-1,-1
12764,116,240,89,108,118,0,-1,-1,-1
12764,115,469,84,110,131,0,-1,-1,-1
12765,116,497,84,73,125,0,-1,-1,-1
12766,116,475,88,97,126,0,-1,-1,-1
12767,116,480,95,104,108,0,-1,-1,-1
12768,117,482,108,84,92,0,-1,-1,-1
12769,117,500,92,78,103,0,-1,-1,-1
12770,117,504,91,71,101,0,-1,-1,-1
12771,117,502,92,72,99,0,-1,-1,-1
12774,117,476,104,92,103,0,-1,-1,-1
12775,117,475,107,90,101,0,-1,-1,-1
12776,117,475,108,93,100,0,-1,-1,-1
12777,117,476,106,91,102,0,-1,-1,-1
12778,117,472,102,93,106,0,-1,-1,-1
12783,118,282,11,101,193,0,-1,-1,-1
12784,118,492,14,105,234,0,-1,-1,-1
12785,118,223,7,111,186,0,-1,-1,-1
12786,118,224,4,110,186,0,-1,-1,-1
12787,118,252,4,80,193,0,-1,-1,-1
12788,118,251,5,89,183,0,-1,-1,-1
12788,119,489,0,55,171,0,-1,-1,-1
12789,119,256,4,99,188,0,-1,-1,-1
12789,120,391,29,72,131,0,-1,-1,-1
12790,120,468,7,61,125,0,-1,-1,-1
12791,120,278,17,74,158,0,-1,-1,-1
12792,121,203,13,109,178,0,-1,-1,-1
12793,121,200,24,138,158,0,-1,-1,-1
12794,121,249,5,99,193,0,-1,-1,-1
12795,121,412,7,93,188,0,-1,-1,-1
12795,122,252,54,94,142,0,-1,-1,-1
12796,121,427,7,100,188,0,-1,-1,-1
12796,122,250,31,84,163,0,-1,-1,-1
12797,122,425,23,73,211,0,-1,-1,-1
12798,122,427,15,85,190,0,-1,-1,-1
12800,122,242,61,63,125,0,-1,-1,-1
12801,123,445,67,114,176,0,-1,-1,-1
12801,122,575,17,65,240,0,-1,-1,-1
12802,123,243,58,82,135,0,-1,-1,-1
12802,124,423,104,57,124,0,-1,-1,-1
12802,122,574,8,66,238,0,-1,-1,-1
12803,124,415,60,78,155,0,-1,-1,-1
12804,124,433,32,87,206,0,-1,-1,-1
12804,123,287,13,100,185,0,-1,-1,-1
12806,124,416,32,90,198,0,-1,-1,-1
12808,124,499,52,109,200,0,-1,-1,-1
12809,124,503,52,106,199,0,-1,-1,-1
12810,124,504,48,102,203,0,-1,-1,-1
12811,124,503,55,101,198,0,-1,-1,-1
12812,124,491,57,110,194,0,-1,-1,-1
12812,125,208,61,130,134,0,-1,-1,-1
12812,126,438,0,79,119,0,-1,-1,-1
12813,125,504,56,98,194,0,-1,-1,-1
12813,126,472,1,41,98,0,-1,-1,-1
12813,127,317,64,83,145,0,-1,-1,-1
12814,127,486,0,61,111,0,-1,-1,-1
12814,125,560,0,68,96,0,-1,-1,-1
12815,125,224,30,143,171,0,-1,-1,-1
12816,125,220,91,118,105,0,-1,-1,-1
12816,128,352,1,74,146,0,-1,-1,-1
12816,127,575,0,51,95,0,-1,-1,-1
12817,127,562,0,69,94,0,-1,-1,-1
12818,127,225,42,78,144,0,-1,-1,-1
12818,125,538,1,66,87,0,-1,-1,-1
12821,125,307,54,81,156,0,-1,-1,-1
12822,125,575,5,54,88,0,-1,-1,-1
12822,129,285,54,77,150,0,-1,-1,-1
12822,130,227,70,64,117,0,-1,-1,-1
12822,131,123,74,81,95,0,-1,-1,-1
12823,129,136,77,70,92,0,-1,-1,-1
12823,125,212,72,72,117,0,-1,-1,-1
12823,131,383,0,52,105,0,-1,-1,-1
12824,125,259,83,77,117,0,-1,-1,-1
12825,125,254,66,83,132,0,-1,-1,-1
12825,129,144,77,87,94,0,-1,-1,-1
12826,129,141,65,73,105,0,-1,-1,-1
12827,125,541,46,83,220,0,-1,-1,-1
12827,132,143,61,127,129,0,-1,-1,-1
12828,132,284,75,68,129,0,-1,-1,-1
12829,132,133,76,108,98,0,-1,-1,-1
12829,125,269,77,95,130,0,-1,-1,-1
12830,125,316,81,83,124,0,-1,-1,-1
12830,132,506,28,77,218,0,-1,-1,-1
12830,133,255,88,71,106,0,-1,-1,-1
12831,125,336,88,89,131,0,-1,-1,-1
12831,133,132,66,107,109,0,-1,-1,-1
12831,132,249,80,85,118,0,-1,-1,-1
12832,125,473,1,77,115,0,-1,-1,-1
12833,133,564,0,74,265,0,-1,-1,-1
12834,134,143,72,81,99,0,-1,-1,-1
12834,132,440,9,77,204,0,-1,-1,-1
12835,132,166,52,62,121,0,-1,-1,-1
12835,134,477,0,116,233,0,-1,-1,-1
12837,135,129,59,108,115,0,-1,-1,-1
12838,135,455,2,57,107,0,-1,-1,-1
12838,134,250,90,195,127,0,-1,-1,-1
12839,135,162,62,75,109,0,-1,-1,-1
12839,136,397,42,111,184,0,-1,-1,-1
12840,135,160,58,63,118,0,-1,-1,-1
12840,136,287,98,87,104,0,-1,-1,-1
12841,135,167,67,69,108,0,-1,-1,-1
12842,137,330,70,74,142,0,-1,-1,-1
12843,137,451,8,84,228,0,-1,-1,-1
12844,137,421,23,95,217,0,-1,-1,-1
12844,135,162,57,79,122,0,-1,-1,-1
12845,137,468,0,94,250,0,-1,-1,-1
12845,135,151,68,85,108,0,-1,-1,-1
12845,138,348,5,112,207,0,-1,-1,-1
12846,135,166,57,75,124,0,-1,-1,-1
12847,135,161,55,84,124,0,-1,-1,-1
12847,137,412,23,85,163,0,-1,-1,-1
12848,137,162,54,108,127,0,-1,-1,-1
12848,135,385,30,71,157,0,-1,-1,-1
12850,139,361,17,83,204,0,-1,-1,-1
12850,135,161,57,100,119,0,-1,-1,-1
12851,140,205,72,91,115,0,-1,-1,-1
12852,140,450,53,103,183,0,-1,-1,-1
12852,135,203,75,91,111,0,-1,-1,-1
12853,140,349,27,146,192,0,-1,-1,-1
12853,135,204,66,83,122,0,-1,-1,-1
12854,140,378,28,127,192,0,-1,-1,-1
12854,135,172,53,77,124,0,-1,-1,-1
12854,141,579,45,55,121,0,-1,-1,-1
12855,135,166,51,78,127,0,-1,-1,-1
12855,140,257,69,81,127,0,-1,-1,-1
12856,135,177,55,69,129,0,-1,-1,-1
12857,135,185,52,67,124,0,-1,-1,-1
12857,140,555,64,80,99,0,-1,-1,-1
12858,135,184,49,71,130,0,-1,-1,-1
12859,135,206,56,181,149,0,-1,-1,-1
12859,142,183,47,62,121,0,-1,-1,-1
12859,143,221,77,114,115,0,-1,-1,-1
12860,143,148,53,85,117,0,-1,-1,-1
12860,135,548,42,24,53,0,-1,-1,-1
12861,143,550,42,77,118,0,-1,-1,-1
12861,135,280,41,73,156,0,-1,-1,-1
12862,135,144,50,87,126,0,-1,-1,-1
12863,135,151,52,77,125,0,-1,-1,-1
12863,144,330,25,112,188,0,-1,-1,-1
12864,135,287,50,114,157,0,-1,-1,-1
12864,144,143,48,86,130,0,-1,-1,-1
12865,144,142,49,91,124,0,-1,-1,-1
12866,144,150,57,82,119,0,-1,-1,-1
12866,145,286,28,99,177,0,-1,-1,-1
12867,144,155,55,87,120,0,-1,-1,-1
12867,145,401,53,152,180,0,-1,-1,-1
12868,144,181,45,86,139,0,-1,-1,-1
12868,145,430,52,162,190,0,-1,-1,-1
12868,146,116,80,60,86,0,-1,-1,-1
12869,145,442,23,116,219,0,-1,-1,-1
12869,144,192,54,67,123,0,-1,-1,-1
12870,145,308,48,90,147,0,-1,-1,-1
12870,144,92,74,70,86,0,-1,-1,-1
12870,146,255,79,79,118,0,-1,-1,-1
12870,147,491,20,79,211,0,-1,-1,-1
12871,147,429,80,133,167,0,-1,-1,-1
12871,145,189,56,144,136,0,-1,-1,-1
12871,144,79,66,69,86,0,-1,-1,-1
12872,144,118,69,76,95,0,-1,-1,-1
12872,148,315,31,92,189,0,-1,-1,-1
12873,144,155,73,114,104,0,-1,-1,-1
12873,148,365,14,119,200,0,-1,-1,-1
12874,144,552,117,85,132,0,-1,-1,-1
12879,149,508,137,95,105,0,-1,-1,-1
12883,150,443,8,80,230,0,-1,-1,-1
12883,151,454,14,73,102,0,-1,-1,-1
12890,152,343,1,93,207,0,-1,-1,-1
12891,152,449,92,102,130,0,-1,-1,-1
12892,153,413,2,58,130,0,-1,-1,-1
12900,154,449,93,94,150,0,-1,-1,-1
12901,154,451,95,84,144,0,-1,-1,-1
12903,154,504,94,91,152,0,-1,-1,-1
12904,154,486,82,110,168,0,-1,-1,-1
12905,154,456,66,136,183,0,-1,-1,-1
12907,154,538,13,94,248,0,-1,-1,-1
12908,154,397,2,115,210,0,-1,-1,-1
12909,154,472,89,163,171,0,-1,-1,-1
12910,155,472,147,113,106,0,-1,-1,-1
12914,156,480,18,139,229,0,-1,-1,-1
12916,156,536,37,102,172,0,-1,-1,-1
12916,157,362,15,79,193,0,-1,-1,-1
12917,156,520,39,78,173,0,-1,-1,-1
12917,158,312,84,66,125,0,-1,-1,-1
12918,158,276,110,102,98,0,-1,-1,-1
12919,156,539,39,94,126,0,-1,-1,-1
12920,156,408,42,132,164,0,-1,-1,-1
12921,156,368,92,95,137,0,-1,-1,-1
12922,156,338,83,100,132,0,-1,-1,-1
12922,159,496,30,90,187,0,-1,-1,-1
12923,159,348,80,123,143,0,-1,-1,-1
12923,160,424,37,111,156,0,-1,-1,-1
12924,160,428,35,121,199,0,-1,-1,-1
12925,160,444,40,181,198,0,-1,-1,-1
12925,161,314,114,81,92,0,-1,-1,-1
12927,162,448,85,75,149,0,-1,-1,-1
12927,161,318,112,78,100,0,-1,-1,-1
12928,162,335,117,90,100,0,-1,-1,-1
12929,162,499,0,69,94,0,-1,-1,-1
12932,162,266,89,90,104,0,-1,-1,-1
12935,163,553,37,86,222,0,-1,-1,-1
12940,164,474,89,78,157,0,-1,-1,-1
12941,164,454,42,104,197,0,-1,-1,-1
12943,164,428,119,96,118,0,-1,-1,-1
12944,164,504,118,93,138,0,-1,-1,-1
12947,164,222,107,122,90,0,-1,-1,-1
12947,165,442,0,76,156,0,-1,-1,-1
12948,165,240,101,95,94,0,-1,-1,-1
12950,164,244,91,102,107,0,-1,-1,-1
12950,166,505,20,89,133,0,-1,-1,-1
12951,166,493,1,94,185,0,-1,-1,-1
12952,167,379,128,82,97,0,-1,-1,-1
12953,167,504,3,56,128,0,-1,-1,-1
12955,167,489,1,59,134,0,-1,-1,-1
12956,167,250,92,73,102,0,-1,-1,-1
12958,167,253,100,81,100,0,-1,-1,-1
12959,168,486,15,76,163,0,-1,-1,-1
12959,169,372,0,78,136,0,-1,-1,-1
12959,167,256,97,63,96,0,-1,-1,-1
12960,169,317,16,100,199,0,-1,-1,-1
12960,170,429,5,61,161,0,-1,-1,-1
12961,170,512,23,85,225,0,-1,-1,-1
12974,171,454,91,98,131,0,-1,-1,-1
12976,171,463,111,91,112,0,-1,-1,-1
12977,171,454,59,106,176,0,-1,-1,-1
12978,171,451,55,110,175,0,-1,-1,-1
12979,171,462,97,75,137,0,-1,-1,-1
12980,171,471,83,81,139,0,-1,-1,-1
12981,171,478,64,70,155,0,-1,-1,-1
12987,172,459,77,72,135,0,-1,-1,-1
12988,172,444,57,111,174,0,-1,-1,-1
12988,173,557,0,53,111,0,-1,-1,-1
12989,172,446,74,111,152,0,-1,-1,-1
12990,172,424,131,118,96,0,-1,-1,-1
12991,172,449,35,97,195,0,-1,-1,-1
12992,172,478,61,119,178,0,-1,-1,-1
12993,172,446,48,95,181,0,-1,-1,-1
12995,172,494,0,99,176,0,-1,-1,-1
12997,172,544,3,49,117,0,-1,-1,-1
12998,172,520,0,59,128,0,-1,-1,-1
12998,174,577,1,44,121,0,-1,-1,-1
13000,174,475,3,68,110,0,-1,-1,-1
13001,172,505,1,53,109,0,-1,-1,-1
13005,175,403,2,127,225,0,-1,-1,-1
13006,175,485,89,141,163,0,-1,-1,-1
13006,176,441,4,102,179,0,-1,-1,-1
13007,177,418,0,56,147,0,-1,-1,-1
13008,177,349,1,114,199,0,-1,-1,-1
13010,177,375,3,85,224,0,-1,-1,-1
13011,177,449,1,91,232,0,-1,-1,-1
13012,177,464,14,73,224,0,-1,-1,-1
13015,177,501,15,53,134,0,-1,-1,-1
13017,177,504,8,58,146,0,-1,-1,-1
13018,177,474,21,77,222,0,-1,-1,-1
13026,178,556,41,67,153,0,-1,-1,-1
13027,179,493,40,125,214,0,-1,-1,-1
13029,179,530,6,95,174,0,-1,-1,-1
13031,179,186,58,81,124,0,-1,-1,-1
13031,180,522,56,98,198,0,-1,-1,-1
13031,181,422,26,84,205,0,-1,-1,-1
13031,182,412,66,78,164,0,-1,-1,-1
13035,183,563,33,77,145,0,-1,-1,-1
13048,184,138,81,110,99,0,-1,-1,-1
13049,184,154,70,227,135,0,-1,-1,-1
13050,185,506,8,91,237,0,-1,-1,-1
13051,185,446,23,97,219,0,-1,-1,-1
13052,185,487,26,74,151,0,-1,-1,-1
13052,184,403,25,128,204,0,-1,-1,-1
13055,184,411,4,58,158,0,-1,-1,-1
13057,184,490,0,70,168,0,-1,-1,-1
13060,186,454,2,70,145,0,-1,-1,-1
13062,186,460,0,55,149,0,-1,-1,-1
13063,186,488,14,72,174,0,-1,-1,-1
13064,186,439,0,93,242,0,-1,-1,-1
13066,186,561,0,51,114,0,-1,-1,-1
13067,187,422,0,72,212,0,-1,-1,-1
13068,187,461,0,79,210,0,-1,-1,-1
13070,187,492,0,92,206,0,-1,-1,-1
13073,187,414,10,80,203,0,-1,-1,-1
13074,187,555,0,59,148,0,-1,-1,-1
13075,187,508,0,84,141,0,-1,-1,-1
13075,188,453,5,52,119,0,-1,-1,-1
13076,187,571,1,45,100,0,-1,-1,-1
13077,187,476,1,90,108,0,-1,-1,-1
13078,187,554,2,76,159,0,-1,-1,-1
13080,187,571,6,49,130,0,-1,-1,-1
13081,189,303,98,99,115,0,-1,-1,-1
13081,190,479,0,60,127,0,-1,-1,-1
13082,189,300,110,86,101,0,-1,-1,-1
13083,189,283,109,106,101,0,-1,-1,-1
13083,191,564,28,73,234,0,-1,-1,-1
13084,191,533,12,92,252,0,-1,-1,-1
13084,192,352,15,100,204,0,-1,-1,-1
13084,189,260,123,91,82,0,-1,-1,-1
13085,191,536,0,89,266,0,-1,-1,-1
13086,191,538,33,85,234,0,-1,-1,-1
13087,191,543,8,92,252,0,-1,-1,-1
13088,191,553,37,79,222,0,-1,-1,-1
13089,191,549,21,83,237,0,-1,-1,-1
13090,191,435,30,79,203,0,-1,-1,-1
13090,193,551,4,82,259,0,-1,-1,-1
13091,191,388,29,89,203,0,-1,-1,-1
13091,193,556,37,77,223,0,-1,-1,-1
13092,193,551,25,88,238,0,-1,-1,-1
13093,193,550,28,85,232,0,-1,-1,-1
13094,193,383,26,102,206,0,-1,-1,-1
13096,193,518,0,63,137,0,-1,-1,-1
13099,193,343,25,111,199,0,-1,-1,-1
13103,194,443,0,74,134,0,-1,-1,-1
13106,195,547,11,88,243,0,-1,-1,-1
13108,195,350,127,76,92,0,-1,-1,-1
13110,196,386,127,80,102,0,-1,-1,-1
13112,196,532,7,101,256,0,-1,-1,-1
13114,196,462,30,92,211,0,-1,-1,-1
13115,197,477,26,90,224,0,-1,-1,-1
13115,196,360,35,89,188,0,-1,-1,-1
13115,198,194,70,55,107,0,-1,-1,-1
13116,197,310,35,70,166,0,-1,-1,-1
13116,196,514,46,93,212,0,-1,-1,-1
13117,196,519,19,89,230,0,-1,-1,-1
13118,196,514,16,87,235,0,-1,-1,-1
13119,196,502,23,102,225,0,-1,-1,-1
13124,199,203,24,77,165,0,-1,-1,-1
13125,200,567,2,71,266,0,-1,-1,-1
13126,200,572,2,66,267,0,-1,-1,-1
13127,200,211,11,128,185,0,-1,-1,-1
13127,201,574,1,63,267,0,-1,-1,-1
13129,202,412,13,78,226,0,-1,-1,-1
13130,201,211,36,74,151,0,-1,-1,-1
13130,202,315,37,83,172,0,-1,-1,-1
13131,201,221,21,121,180,0,-1,-1,-1
13133,202,257,34,77,160,0,-1,-1,-1
13134,201,270,23,126,188,0,-1,-1,-1
13136,202,354,51,70,160,0,-1,-1,-1
13136,203,248,68,65,124,0,-1,-1,-1
13136,201,292,52,68,149,0,-1,-1,-1
13139,202,476,0,154,250,0,-1,-1,-1
13140,202,517,33,90,220,0,-1,-1,-1
13140,204,410,3,78,230,0,-1,-1,-1
13141,202,402,1,146,212,0,-1,-1,-1
13141,204,490,1,123,216,0,-1,-1,-1
13143,204,448,0,86,235,0,-1,-1,-1
13144,204,446,0,89,226,0,-1,-1,-1
13144,202,544,2,76,217,0,-1,-1,-1
13145,204,453,0,83,194,0,-1,-1,-1
13146,204,439,0,92,195,0,-1,-1,-1
13148,204,495,1,90,182,0,-1,-1,-1
13148,205,463,5,64,159,0,-1,-1,-1
13149,205,243,71,77,107,0,-1,-1,-1
13149,206,207,90,107,101,0,-1,-1,-1
13149,204,498,3,82,188,0,-1,-1,-1
13150,205,544,0,90,215,0,-1,-1,-1
13150,204,442,0,81,202,0,-1,-1,-1
13151,205,515,0,92,229,0,-1,-1,-1
13151,204,447,1,96,197,0,-1,-1,-1
13152,205,495,3,95,173,0,-1,-1,-1
13152,204,378,10,73,184,0,-1,-1,-1
13153,204,443,2,92,145,0,-1,-1,-1
13154,204,544,0,91,230,0,-1,-1,-1
13155,204,458,0,67,145,0,-1,-1,-1
13155,205,547,0,82,159,0,-1,-1,-1
13157,204,494,13,113,231,0,-1,-1,-1
13158,204,505,40,101,213,0,-1,-1,-1
13158,207,380,0,124,236,0,-1,-1,-1
13159,207,310,11,119,193,0,-1,-1,-1
13159,204,546,7,94,255,0,-1,-1,-1
13160,204,476,0,111,206,0,-1,-1,-1
13162,204,456,0,62,163,0,-1,-1,-1
13164,204,428,14,100,218,0,-1,-1,-1
13164,208,259,6,65,185,0,-1,-1,-1
13164,209,159,41,65,137,0,-1,-1,-1
13165,204,180,38,68,144,0,-1,-1,-1
13167,204,494,0,85,189,0,-1,-1,-1
13168,204,474,1,103,182,0,-1,-1,-1
13169,204,461,0,84,242,0,-1,-1,-1
13171,204,452,0,75,164,0,-1,-1,-1
13171,210,318,67,73,142,0,-1,-1,-1
13179,211,544,74,88,189,0,-1,-1,-1
13180,211,480,132,101,107,0,-1,-1,-1
13181,212,128,57,119,124,0,-1,-1,-1
13181,213,405,0,92,131,0,-1,-1,-1
13182,212,129,50,118,132,0,-1,-1,-1
13182,213,408,0,78,133,0,-1,-1,-1
13183,213,489,0,75,116,0,-1,-1,-1
13184,212,147,50,124,139,0,-1,-1,-1
13200,214,550,145,88,124,0,-1,-1,-1
13219,215,489,15,88,231,0,-1,-1,-1
13221,216,359,4,102,174,0,-1,-1,-1
13222,216,390,41,93,193,0,-1,-1,-1
13226,217,566,4,73,149,0,-1,-1,-1
13235,218,554,0,70,149,0,-1,-1,-1
13242,219,486,15,85,231,0,-1,-1,-1
13246,220,430,122,119,125,0,-1,-1,-1
13247,220,408,128,104,109,0,-1,-1,-1
13247,221,332,73,87,142,0,-1,-1,-1
13251,222,573,0,54,136,0,-1,-1,-1
13255,223,536,0,56,155,0,-1,-1,-1
13256,223,545,30,91,233,0,-1,-1,-1
13257,223,536,10,68,140,0,-1,-1,-1
13268,224,433,150,105,92,0,-1,-1,-1
13275,225,539,40,88,224,0,-1,-1,-1
13316,226,419,2,74,153,0,-1,-1,-1
13317,227,383,0,80,158,0,-1,-1,-1
13317,228,531,0,56,156,0,-1,-1,-1
13333,229,520,144,119,115,0,-1,-1,-1
13341,230,436,91,110,154,0,-1,-1,-1
13383,231,528,0,56,89,0,-1,-1,-1
13390,232,519,0,61,86,0,-1,-1,-1
13409,233,491,62,82,192,0,-1,-1,-1
13411,233,529,47,103,218,0,-1,-1,-1
13413,233,540,62,100,193,0,-1,-1,-1
13417,234,560,68,78,194,0,-1,-1,-1
13476,235,560,1,58,92,0,-1,-1,-1
13477,235,264,28,106,170,0,-1,-1,-1
13551,236,518,1,78,86,0,-1,-1,-1
13584,237,495,42,89,206,0,-1,-1,-1
13584,238,384,61,68,151,0,-1,-1,-1
13586,237,540,2,96,212,0,-1,-1,-1
13587,237,566,0,71,225,0,-1,-1,-1
13588,237,568,0,69,224,0,-1,-1,-1
13589,237,529,0,110,253,0,-1,-1,-1
13590,237,564,0,71,225,0,-1,-1,-1
13591,237,564,0,72,223,0,-1,-1,-1
13592,237,563,0,72,217,0,-1,-1,-1
13594,237,582,2,58,226,0,-1,-1,-1
13595,237,575,1,64,229,0,-1,-1,-1
13596,237,567,0,69,229,0,-1,-1,-1
13598,237,565,0,71,226,0,-1,-1,-1
13599,237,567,0,70,224,0,-1,-1,-1
13600,237,568,0,68,228,0,-1,-1,-1
13601,237,545,0,77,152,0,-1,-1,-1
13602,237,435,13,73,223,0,-1,-1,-1
13602,239,573,0,67,225,0,-1,-1,-1
13603,237,497,108,91,140,0,-1,-1,-1
13610,240,551,121,88,147,0,-1,-1,-1
13610,241,559,0,74,140,0,-1,-1,-1
13611,240,378,74,82,154,0,-1,-1,-1
13611,241,537,106,90,156,0,-1,-1,-1
13615,242,515,96,79,159,0,-1,-1,-1
13617,242,523,104,94,146,0,-1,-1,-1
13617,243,461,2,71,104,0,-1,-1,-1
13618,242,405,45,79,139,0,-1,-1,-1
13631,244,522,48,115,200,0,-1,-1,-1
13636,245,462,126,144,137,0,-1,-1,-1
13641,246,426,29,124,205,0,-1,-1,-1
13669,247,544,1,84,78,0,-1,-1,-1
13695,248,431,95,76,138,0,-1,-1,-1
13700,249,517,60,90,196,0,-1,-1,-1
13719,250,223,79,93,118,0,-1,-1,-1
13720,250,477,0,68,130,0,-1,-1,-1
13721,250,188,41,100,149,0,-1,-1,-1
13721,251,282,24,72,174,0,-1,-1,-1
13723,250,167,53,99,131,0,-1,-1,-1
13724,251,475,0,89,164,0,-1,-1,-1
13725,251,385,7,83,193,0,-1,-1,-1
13725,250,528,2,60,111,0,-1,-1,-1
13726,251,522,0,59,99,0,-1,-1,-1
13727,252,490,4,75,122,0,-1,-1,-1
13727,253,433,1,53,124,0,-1,-1,-1
13728,251,548,0,75,151,0,-1,-1,-1
13729,253,495,0,66,123,0,-1,-1,-1
13729,252,418,0,67,123,0,-1,-1,-1
13730,253,528,0,60,118,0,-1,-1,-1
13730,252,427,1,61,119,0,-1,-1,-1
13732,252,487,0,80,124,0,-1,-1,-1
13734,252,463,0,66,128,0,-1,-1,-1
13734,254,535,0,56,129,0,-1,-1,-1
13735,255,438,0,86,242,0,-1,-1,-1
13735,252,544,0,95,131,0,-1,-1,-1
13736,252,562,0,66,103,0,-1,-1,-1
13737,252,542,1,91,123,0,-1,-1,-1
13738,252,486,0,75,119,0,-1,-1,-1
13739,252,470,0,109,214,0,-1,-1,-1
13740,252,482,1,90,118,0,-1,-1,-1
13740,256,512,2,85,116,0,-1,-1,-1
13741,256,479,0,88,119,0,-1,-1,-1
13742,256,479,0,76,116,0,-1,-1,-1
13742,252,548,0,66,100,0,-1,-1,-1
13743,252,482,3,67,113,0,-1,-1,-1
13743,256,541,1,53,110,0,-1,-1,-1
13744,256,482,0,82,119,0,-1,-1,-1
13745,256,482,0,75,119,0,-1,-1,-1
13746,256,480,3,80,116,0,-1,-1,-1
13747,256,479,2,70,119,0,-1,-1,-1
13748,256,486,0,75,119,0,-1,-1,-1
13749,256,484,2,68,114,0,-1,-1,-1
13750,256,478,3,74,155,0,-1,-1,-1
13751,256,465,0,82,133,0,-1,-1,-1
13752,257,389,0,60,129,0,-1,-1,-1
13752,256,481,0,70,121,0,-1,-1,-1
13752,258,545,0,81,148,0,-1,-1,-1
13753,256,479,0,72,115,0,-1,-1,-1
13754,256,482,1,87,127,0,-1,-1,-1
13756,259,484,3,57,114,0,-1,-1,-1
13757,259,482,0,69,116,0,-1,-1,-1
13758,260,483,3,74,119,0,-1,-1,-1
13759,260,515,0,65,120,0,-1,-1,-1
13760,260,495,0,72,115,0,-1,-1,-1
13760,259,513,1,80,116,0,-1,-1,-1
13762,259,499,0,64,114,0,-1,-1,-1
13762,260,549,2,83,107,0,-1,-1,-1
13763,259,498,0,66,119,0,-1,-1,-1
13764,259,497,0,70,116,0,-1,-1,-1
13764,260,516,0,74,118,0,-1,-1,-1
13765,260,497,0,63,118,0,-1,-1,-1
13766,260,513,0,76,119,0,-1,-1,-1
13766,259,498,0,69,117,0,-1,-1,-1
13767,260,498,1,69,118,0,-1,-1,-1
13767,259,558,2,66,120,0,-1,-1,-1
13768,260,512,0,88,121,0,-1,-1,-1
13770,261,500,0,104,165,0,-1,-1,-1
13771,261,503,0,59,122,0,-1,-1,-1
13771,260,389,0,56,108,0,-1,-1,-1
13772,260,515,0,76,120,0,-1,-1,-1
13773,260,426,0,72,104,0,-1,-1,-1
13774,261,494,1,73,117,0,-1,-1,-1
13775,261,432,0,57,120,0,-1,-1,-1
13776,261,507,0,86,118,0,-1,-1,-1
13777,261,503,1,102,186,0,-1,-1,-1
13778,261,387,0,65,137,0,-1,-1,-1
13778,262,479,0,97,157,0,-1,-1,-1
13779,262,457,1,80,151,0,-1,-1,-1
13780,261,404,0,80,137,0,-1,-1,-1
13780,262,488,0,79,115,0,-1,-1,-1
13781,261,465,0,62,165,0,-1,-1,-1
13782,261,507,0,91,146,0,-1,-1,-1
13783,261,471,0,92,114,0,-1,-1,-1
13783,262,555,0,76,138,0,-1,-1,-1
13784,262,474,0,85,115,0,-1,-1,-1
13785,262,483,0,80,115,0,-1,-1,-1
13786,262,486,3,82,109,0,-1,-1,-1
13786,261,457,1,68,96,0,-1,-1,-1
13787,262,502,1,64,111,0,-1,-1,-1
13788,262,506,1,75,113,0,-1,-1,-1
13788,261,491,1,67,110,0,-1,-1,-1
13789,262,515,1,83,113,0,-1,-1,-1
13789,261,472,0,56,98,0,-1,-1,-1
13790,262,483,3,73,110,0,-1,-1,-1
13791,262,484,3,69,110,0,-1,-1,-1
13792,262,489,0,66,111,0,-1,-1,-1
13793,262,489,0,62,112,0,-1,-1,-1
13794,262,490,0,78,109,0,-1,-1,-1
13795,262,486,1,76,111,0,-1,-1,-1
13796,262,488,0,79,109,0,-1,-1,-1
13797,263,515,0,83,121,0,-1,-1,-1
13798,263,542,0,82,138,0,-1,-1,-1
13798,264,502,0,58,111,0,-1,-1,-1
13799,264,497,0,66,112,0,-1,-1,-1
13800,264,493,0,74,110,0,-1,-1,-1
13801,264,490,2,75,109,0,-1,-1,-1
13801,263,592,0,48,101,0,-1,-1,-1
13802,264,499,0,56,110,0,-1,-1,-1
13802,263,580,0,48,95,0,-1,-1,-1
13803,264,485,0,67,107,0,-1,-1,-1
13804,264,483,3,79,108,0,-1,-1,-1
13805,264,493,0,73,109,0,-1,-1,-1
13806,264,491,0,72,107,0,-1,-1,-1
13807,264,493,1,58,103,0,-1,-1,-1
13808,264,531,0,67,98,0,-1,-1,-1
13810,264,539,1,59,96,0,-1,-1,-1
13810,265,547,38,90,223,0,-1,-1,-1
13811,265,477,0,66,91,0,-1,-1,-1
13811,264,561,0,65,92,0,-1,-1,-1
13812,264,487,0,70,90,0,-1,-1,-1
13813,264,520,0,85,91,0,-1,-1,-1
13814,264,514,0,64,92,0,-1,-1,-1
13815,264,499,3,68,131,0,-1,-1,-1
13816,266,394,1,61,116,0,-1,-1,-1
13816,264,529,1,65,123,0,-1,-1,-1
13817,266,514,1,64,138,0,-1,-1,-1
13818,266,560,0,77,138,0,-1,-1,-1
13819,267,462,0,58,112,0,-1,-1,-1
13819,266,443,112,114,131,0,-1,-1,-1
13822,266,152,62,65,111,0,-1,-1,-1
13823,266,153,56,66,114,0,-1,-1,-1
13824,266,564,0,74,111,0,-1,-1,-1
13825,266,545,0,86,95,0,-1,-1,-1
13825,268,154,55,60,120,0,-1,-1,-1
13826,266,546,0,82,111,0,-1,-1,-1
13827,266,562,0,76,99,0,-1,-1,-1
13828,268,554,70,84,205,0,-1,-1,-1
13829,268,496,0,72,111,0,-1,-1,-1
13830,268,503,4,78,111,0,-1,-1,-1
13831,268,488,4,69,108,0,-1,-1,-1
13832,268,473,56,124,203,0,-1,-1,-1
13832,269,428,0,53,106,0,-1,-1,-1
13834,268,543,1,71,99,0,-1,-1,-1
13834,269,457,0,58,93,0,-1,-1,-1
13835,268,554,6,74,111,0,-1,-1,-1
13835,269,448,0,57,92,0,-1,-1,-1
13836,269,529,4,64,120,0,-1,-1,-1
13837,269,461,4,73,108,0,-1,-1,-1
13838,269,483,0,59,106,0,-1,-1,-1
13839,269,507,0,103,216,0,-1,-1,-1
13839,270,459,0,68,127,0,-1,-1,-1
13840,270,466,0,67,122,0,-1,-1,-1
13841,269,515,2,86,102,0,-1,-1,-1
13841,270,413,0,72,122,0,-1,-1,-1
13842,269,517,9,96,108,0,-1,-1,-1
13842,270,431,1,58,118,0,-1,-1,-1
13843,271,416,0,56,100,0,-1,-1,-1
13846,271,514,2,82,122,0,-1,-1,-1
13848,271,478,0,83,130,0,-1,-1,-1
13849,271,449,0,69,126,0,-1,-1,-1
13850,271,469,19,122,236,0,-1,-1,-1
13850,272,437,0,60,119,0,-1,-1,-1
13851,272,446,2,74,116,0,-1,-1,-1
13853,272,452,2,92,106,0,-1,-1,-1
13854,272,451,2,86,107,0,-1,-1,-1
13854,273,512,2,72,107,0,-1,-1,-1
13855,273,538,6,55,112,0,-1,-1,-1
13856,273,532,3,65,115,0,-1,-1,-1
13856,272,457,0,69,111,0,-1,-1,-1
13858,272,470,0,85,107,0,-1,-1,-1
13859,272,476,0,77,107,0,-1,-1,-1
13860,272,478,1,70,109,0,-1,-1,-1
13861,272,462,0,58,110,0,-1,-1,-1
13861,274,540,2,88,115,0,-1,-1,-1
13862,272,467,2,61,107,0,-1,-1,-1
13863,272,470,1,60,113,0,-1,-1,-1
13864,275,361,4,65,130,0,-1,-1,-1
13864,272,475,4,65,106,0,-1,-1,-1
13865,275,402,73,113,164,0,-1,-1,-1
13866,275,477,0,72,125,0,-1,-1,-1
13867,275,472,2,87,111,0,-1,-1,-1
13868,275,470,0,85,111,0,-1,-1,-1
13869,275,478,2,80,107,0,-1,-1,-1
13869,276,555,1,72,113,0,-1,-1,-1
13870,275,464,0,57,99,0,-1,-1,-1
13871,275,465,0,55,100,0,-1,-1,-1
13872,276,526,2,76,112,0,-1,-1,-1
13872,275,467,1,64,98,0,-1,-1,-1
13873,275,465,0,51,100,0,-1,-1,-1
13874,275,472,0,68,101,0,-1,-1,-1
13874,276,542,1,61,109,0,-1,-1,-1
13875,276,479,0,69,101,0,-1,-1,-1
13876,276,477,0,78,100,0,-1,-1,-1
13877,276,476,0,70,100,0,-1,-1,-1
13878,277,539,1,55,92,0,-1,-1,-1
13878,276,481,0,64,98,0,-1,-1,-1
13879,277,470,0,76,101,0,-1,-1,-1
13880,277,472,0,76,98,0,-1,-1,-1
13881,277,472,0,68,98,0,-1,-1,-1
13882,277,468,0,67,97,0,-1,-1,-1
13883,277,529,0,62,113,0,-1,-1,-1
13884,277,531,5,66,116,0,-1,-1,-1
13885,278,479,0,70,99,0,-1,-1,-1
13886,278,538,1,66,94,0,-1,-1,-1
13886,279,433,0,46,96,0,-1,-1,-1
13887,279,504,0,46,57,0,-1,-1,-1
13887,278,430,0,54,96,0,-1,-1,-1
13890,279,498,0,45,52,0,-1,-1,-1
13890,280,410,0,72,99,0,-1,-1,-1
13891,280,433,1,70,121,0,-1,-1,-1
13891,279,558,0,55,107,0,-1,-1,-1
13892,280,426,0,72,120,0,-1,-1,-1
13893,280,432,0,60,115,0,-1,-1,-1
13894,280,429,0,75,119,0,-1,-1,-1
13896,280,391,1,64,118,0,-1,-1,-1
13898,280,384,4,65,119,0,-1,-1,-1
13899,280,75,74,103,87,0,-1,-1,-1
13899,281,432,0,62,112,0,-1,-1,-1
13899,282,535,0,90,122,0,-1,-1,-1
13900,280,360,5,85,216,0,-1,-1,-1
13902,281,393,4,59,117,0,-1,-1,-1
13904,281,380,0,85,119,0,-1,-1,-1
13910,283,536,0,61,128,0,-1,-1,-1
13912,284,373,3,83,114,0,-1,-1,-1
13913,284,385,0,78,116,0,-1,-1,-1
13915,284,459,3,67,117,0,-1,-1,-1
13915,285,553,3,70,120,0,-1,-1,-1
13915,286,396,0,62,103,0,-1,-1,-1
13916,285,523,0,83,97,0,-1,-1,-1
13917,286,395,0,75,126,0,-1,-1,-1
13917,284,534,0,55,115,0,-1,-1,-1
13918,286,515,0,79,147,0,-1,-1,-1
13918,287,400,0,53,112,0,-1,-1,-1
13920,287,497,0,70,143,0,-1,-1,-1
13921,287,478,0,76,144,0,-1,-1,-1
13921,286,569,0,65,134,0,-1,-1,-1
13922,287,445,0,67,134,0,-1,-1,-1
13923,287,447,0,66,135,0,-1,-1,-1
13924,287,449,0,64,134,0,-1,-1,-1
13924,288,364,2,50,116,0,-1,-1,-1
13925,288,390,0,64,133,0,-1,-1,-1
13926,288,389,0,67,131,0,-1,-1,-1
13928,288,511,4,68,106,0,-1,-1,-1
13929,288,448,3,87,130,0,-1,-1,-1
13930,288,449,1,84,139,0,-1,-1,-1
13931,288,456,0,67,141,0,-1,-1,-1
13931,289,541,2,76,133,0,-1,-1,-1
13932,290,452,6,77,134,0,-1,-1,-1
13932,289,551,0,60,96,0,-1,-1,-1
13932,291,395,0,62,101,0,-1,-1,-1
13933,291,507,1,47,136,0,-1,-1,-1
13934,291,397,0,57,133,0,-1,-1,-1
13935,291,436,0,96,174,0,-1,-1,-1
13935,292,396,0,61,133,0,-1,-1,-1
13936,292,388,0,71,129,0,-1,-1,-1
13937,292,394,2,61,129,0,-1,-1,-1
13938,292,386,0,70,135,0,-1,-1,-1
13939,292,383,0,88,129,0,-1,-1,-1
13940,292,380,0,88,129,0,-1,-1,-1
13941,292,383,0,88,130,0,-1,-1,-1
13942,292,384,0,87,131,0,-1,-1,-1
13943,292,395,0,73,129,0,-1,-1,-1
13943,293,572,1,54,100,0,-1,-1,-1
13943,294,459,0,53,108,0,-1,-1,-1
13944,293,537,2,63,96,0,-1,-1,-1
13944,292,406,0,97,128,0,-1,-1,-1
13945,292,429,0,67,128,0,-1,-1,-1
13945,293,516,4,87,154,0,-1,-1,-1
13946,292,412,0,81,126,0,-1,-1,-1
13946,293,517,1,69,153,0,-1,-1,-1
13947,292,430,0,67,128,0,-1,-1,-1
13948,292,441,0,82,124,0,-1,-1,-1
13950,292,543,0,76,93,0,-1,-1,-1
13952,292,548,5,80,103,0,-1,-1,-1
13952,295,423,0,68,112,0,-1,-1,-1
13952,296,493,3,46,59,0,-1,-1,-1
13953,295,501,0,59,104,0,-1,-1,-1
13953,297,427,0,64,114,0,-1,-1,-1
13953,292,559,0,62,101,0,-1,-1,-1
13954,297,506,0,52,94,0,-1,-1,-1
13954,292,570,0,65,131,0,-1,-1,-1
13956,292,562,0,56,110,0,-1,-1,-1
13957,297,482,0,58,123,0,-1,-1,-1
13958,297,462,2,64,119,0,-1,-1,-1
13959,297,469,0,59,99,0,-1,-1,-1
13959,298,399,0,56,120,0,-1,-1,-1
13960,298,486,0,77,138,0,-1,-1,-1
13961,298,469,0,80,147,0,-1,-1,-1
13962,298,470,0,58,103,0,-1,-1,-1
13963,299,344,11,81,126,0,-1,-1,-1
13964,299,464,0,55,95,0,-1,-1,-1
13965,299,462,0,59,96,0,-1,-1,-1
13966,299,465,0,55,97,0,-1,-1,-1
13966,300,563,0,61,96,0,-1,-1,-1
13968,300,527,0,76,108,0,-1,-1,-1
13968,301,360,0,77,148,0,-1,-1,-1
13969,300,563,2,74,113,0,-1,-1,-1
13970,301,466,2,50,121,0,-1,-1,-1
13971,302,359,0,51,101,0,-1,-1,-1
13971,301,591,0,46,102,0,-1,-1,-1
13972,302,401,6,54,105,0,-1,-1,-1
13974,302,459,1,60,120,0,-1,-1,-1
13975,302,565,0,59,90,0,-1,-1,-1
13975,303,435,1,83,184,0,-1,-1,-1
13976,303,558,0,60,94,0,-1,-1,-1
13976,304,409,1,80,167,0,-1,-1,-1
13977,304,561,0,61,94,0,-1,-1,-1
13978,303,422,2,49,125,0,-1,-1,-1
13978,305,405,2,55,131,0,-1,-1,-1
13979,303,376,5,95,214,0,-1,-1,-1
13982,303,446,6,90,121,0,-1,-1,-1
13986,306,426,0,68,134,0,-1,-1,-1
13986,307,550,2,82,93,0,-1,-1,-1
13987,307,553,0,77,93,0,-1,-1,-1
13987,306,425,0,59,131,0,-1,-1,-1
13988,307,483,0,93,187,0,-1,-1,-1
13988,306,427,0,61,140,0,-1,-1,-1
13989,306,350,0,110,165,0,-1,-1,-1
13990,306,494,0,97,179,0,-1,-1,-1
13990,308,412,1,73,145,0,-1,-1,-1
13991,308,364,0,100,202,0,-1,-1,-1
13992,308,392,11,127,196,0,-1,-1,-1
13992,306,510,0,83,161,0,-1,-1,-1
13993,308,482,7,80,227,0,-1,-1,-1
13994,308,497,6,77,233,0,-1,-1,-1
13995,308,427,5,95,229,0,-1,-1,-1
13996,308,427,11,89,225,0,-1,-1,-1
13997,308,425,21,82,212,0,-1,-1,-1
13998,308,522,2,96,235,0,-1,-1,-1
13999,308,435,4,86,203,0,-1,-1,-1
14000,308,424,6,85,226,0,-1,-1,-1
14001,308,324,11,100,209,0,-1,-1,-1
14002,308,352,3,91,219,0,-1,-1,-1
14002,309,551,1,74,168,0,-1,-1,-1
14003,308,418,0,92,239,0,-1,-1,-1
14004,308,374,6,102,218,0,-1,-1,-1
14005,308,428,1,84,204,0,-1,-1,-1
14005,309,537,0,58,96,0,-1,-1,-1
14007,309,554,0,55,105,0,-1,-1,-1
14009,309,555,0,65,95,0,-1,-1,-1
14009,310,377,4,83,194,0,-1,-1,-1
14010,310,366,3,100,192,0,-1,-1,-1
14010,309,544,0,80,95,0,-1,-1,-1
14011,310,358,5,94,201,0,-1,-1,-1
14011,311,529,2,61,96,0,-1,-1,-1
14012,310,545,0,73,90,0,-1,-1,-1
14012,311,354,2,78,202,0,-1,-1,-1
14013,311,354,0,95,201,0,-1,-1,-1
14013,312,516,0,49,96,0,-1,-1,-1
14014,311,365,1,83,199,0,-1,-1,-1
14015,311,366,0,84,187,0,-1,-1,-1
14016,311,353,3,84,193,0,-1,-1,-1
14017,311,517,1,67,93,0,-1,-1,-1
14018,313,368,6,87,197,0,-1,-1,-1
14018,311,517,1,66,88,0,-1,-1,-1
14019,313,533,1,62,92,0,-1,-1,-1
14019,314,385,0,83,195,0,-1,-1,-1
14019,311,199,67,82,119,0,-1,-1,-1
14020,314,353,1,127,198,0,-1,-1,-1
14020,313,537,0,59,97,0,-1,-1,-1
14021,314,529,1,66,96,0,-1,-1,-1
14021,313,369,0,82,200,0,-1,-1,-1
14021,311,183,65,72,115,0,-1,-1,-1
14022,313,539,0,60,96,0,-1,-1,-1
14022,315,385,0,81,193,0,-1,-1,-1
14022,311,182,64,75,115,0,-1,-1,-1
14023,315,538,0,53,94,0,-1,-1,-1
14023,311,184,64,73,117,0,-1,-1,-1
14024,315,447,0,71,163,0,-1,-1,-1
14025,315,371,4,87,197,0,-1,-1,-1
14026,315,383,2,90,203,0,-1,-1,-1
14026,311,558,2,75,90,0,-1,-1,-1
14027,315,547,2,75,94,0,-1,-1,-1
14027,316,375,0,81,188,0,-1,-1,-1
14028,316,220,95,79,93,0,-1,-1,-1
14028,315,553,0,60,95,0,-1,-1,-1
14029,316,559,1,58,93,0,-1,-1,-1
14032,317,364,0,59,125,0,-1,-1,-1
14033,317,314,108,87,106,0,-1,-1,-1
14033,318,448,0,81,139,0,-1,-1,-1
14033,319,359,1,57,117,0,-1,-1,-1
14034,317,499,0,67,93,0,-1,-1,-1
14036,317,560,0,55,87,0,-1,-1,-1
14038,320,367,5,56,116,0,-1,-1,-1
14038,317,552,4,82,141,0,-1,-1,-1
14039,317,442,0,85,235,0,-1,-1,-1
14040,317,476,5,71,124,0,-1,-1,-1
14040,320,545,0,64,91,0,-1,-1,-1
14041,320,548,0,72,88,0,-1,-1,-1
14041,317,418,3,90,176,0,-1,-1,-1
14044,320,418,0,64,141,0,-1,-1,-1
14046,320,402,0,54,113,0,-1,-1,-1
14046,321,498,0,46,96,0,-1,-1,-1
14047,320,523,1,65,108,0,-1,-1,-1
14048,322,416,0,66,124,0,-1,-1,-1
14049,322,522,24,82,218,0,-1,-1,-1
14049,321,446,0,72,128,0,-1,-1,-1
14050,321,442,0,80,126,0,-1,-1,-1
14051,321,498,0,96,256,0,-1,-1,-1
14051,323,437,0,51,95,0,-1,-1,-1
14052,321,492,1,94,246,0,-1,-1,-1
14052,323,435,0,52,93,0,-1,-1,-1
14054,321,502,0,99,136,0,-1,-1,-1
14055,321,505,2,86,135,0,-1,-1,-1
14055,323,365,2,57,127,0,-1,-1,-1
14058,321,550,0,76,151,0,-1,-1,-1
14061,321,553,0,73,175,0,-1,-1,-1
14062,321,431,0,58,134,0,-1,-1,-1
14063,321,466,0,90,131,0,-1,-1,-1
14065,321,470,3,106,165,0,-1,-1,-1
14066,324,507,0,90,181,0,-1,-1,-1
14067,324,438,0,91,183,0,-1,-1,-1
14070,324,479,2,34,56,0,-1,-1,-1
14071,324,526,5,61,127,0,-1,-1,-1
14072,324,501,2,41,55,0,-1,-1,-1
14073,325,537,2,59,129,0,-1,-1,-1
14075,325,428,0,53,107,0,-1,-1,-1
14076,326,462,1,61,119,0,-1,-1,-1
14079,327,490,3,69,146,0,-1,-1,-1
14081,327,508,0,88,154,0,-1,-1,-1
14082,327,515,2,80,153,0,-1,-1,-1
14082,328,467,0,50,95,0,-1,-1,-1
14083,328,525,1,73,157,0,-1,-1,-1
14084,328,463,5,63,113,0,-1,-1,-1
14085,328,540,0,60,92,0,-1,-1,-1
14086,328,451,2,96,183,0,-1,-1,-1
14088,328,562,1,73,94,0,-1,-1,-1
14088,329,418,0,56,130,0,-1,-1,-1
14088,330,369,0,94,182,0,-1,-1,-1
14090,329,545,1,71,124,0,-1,-1,-1
14090,330,431,3,67,131,0,-1,-1,-1
14096,331,456,1,64,146,0,-1,-1,-1
14097,331,508,1,106,215,0,-1,-1,-1
14099,331,344,1,107,208,0,-1,-1,-1
14099,332,473,3,89,115,0,-1,-1,-1
14099,333,516,4,61,95,0,-1,-1,-1
14100,331,367,6,96,213,0,-1,-1,-1
14100,333,453,3,75,123,0,-1,-1,-1
14100,332,493,1,61,101,0,-1,-1,-1
14103,332,498,0,65,117,0,-1,-1,-1
14103,331,556,0,78,153,0,-1,-1,-1
14106,332,526,8,114,248,0,-1,-1,-1
14106,331,458,5,73,164,0,-1,-1,-1
14107,331,456,16,88,227,0,-1,-1,-1
14107,332,540,1,83,250,0,-1,-1,-1
14108,332,442,18,113,220,0,-1,-1,-1
14108,334,319,12,87,198,0,-1,-1,-1
14108,331,483,9,85,229,0,-1,-1,-1
14109,334,414,0,77,236,0,-1,-1,-1
14109,331,236,51,79,135,0,-1,-1,-1
14109,335,312,79,89,133,0,-1,-1,-1
14110,334,481,0,62,137,0,-1,-1,-1
14111,334,515,2,79,102,0,-1,-1,-1
14112,334,559,0,67,101,0,-1,-1,-1
14112,331,470,0,52,99,0,-1,-1,-1
14112,336,492,0,54,101,0,-1,-1,-1
14113,336,484,0,70,89,0,-1,-1,-1
14114,336,480,0,69,90,0,-1,-1,-1
14118,337,509,1,72,88,0,-1,-1,-1
14120,337,527,0,57,86,0,-1,-1,-1
14125,338,500,0,64,87,0,-1,-1,-1
14131,339,547,0,68,88,0,-1,-1,-1
14131,340,531,0,66,89,0,-1,-1,-1
14138,341,464,1,57,95,0,-1,-1,-1
14139,341,516,1,80,100,0,-1,-1,-1
14140,341,520,2,78,97,0,-1,-1,-1
14141,342,521,0,58,101,0,-1,-1,-1
14142,342,156,64,101,121,0,-1,-1,-1
14142,343,349,9,100,214,0,-1,-1,-1
14144,343,531,0,106,174,0,-1,-1,-1
14145,344,417,0,81,198,0,-1,-1,-1
14146,343,139,59,95,116,0,-1,-1,-1
14147,343,460,6,72,122,0,-1,-1,-1
14148,343,489,1,72,159,0,-1,-1,-1
14149,343,486,3,74,156,0,-1,-1,-1
14152,343,454,0,74,173,0,-1,-1,-1
14153,343,476,0,84,87,0,-1,-1,-1
14154,343,563,0,58,98,0,-1,-1,-1
14154,345,365,0,62,130,0,-1,-1,-1
14155,345,414,0,92,174,0,-1,-1,-1
14155,343,527,0,64,151,0,-1,-1,-1
14156,345,476,1,53,110,0,-1,-1,-1
14156,346,383,0,61,141,0,-1,-1,-1
14156,343,549,5,80,182,0,-1,-1,-1
14156,347,329,11,69,158,0,-1,-1,-1
14157,346,481,4,60,119,0,-1,-1,-1
14160,346,423,0,71,134,0,-1,-1,-1
14160,348,552,2,84,192,0,-1,-1,-1
14161,346,460,4,71,115,0,-1,-1,-1
14161,348,528,4,105,190,0,-1,-1,-1
14162,349,422,0,66,120,0,-1,-1,-1
14162,348,551,3,84,197,0,-1,-1,-1
14164,349,337,0,123,177,0,-1,-1,-1
14165,348,436,0,180,157,0,-1,-1,-1
14168,350,427,0,60,165,0,-1,-1,-1
14168,351,500,1,82,190,0,-1,-1,-1
14169,351,516,15,80,217,0,-1,-1,-1
14173,352,367,4,108,192,0,-1,-1,-1
14173,353,505,3,88,178,0,-1,-1,-1
14176,353,567,0,68,228,0,-1,-1,-1
14176,352,367,6,107,218,0,-1,-1,-1
14177,352,445,0,75,127,0,-1,-1,-1
14180,352,478,26,70,149,0,-1,-1,-1
14181,354,423,0,59,152,0,-1,-1,-1
14181,355,352,16,72,163,0,-1,-1,-1
14182,354,474,14,103,220,0,-1,-1,-1
14183,354,504,3,82,240,0,-1,-1,-1
14184,354,515,2,85,243,0,-1,-1,-1
14184,356,467,4,59,119,0,-1,-1,-1
14184,355,372,1,83,194,0,-1,-1,-1
14185,354,515,4,89,244,0,-1,-1,-1
14185,355,372,0,79,196,0,-1,-1,-1
14185,356,462,4,59,116,0,-1,-1,-1
14186,355,512,0,94,245,0,-1,-1,-1
14186,354,459,4,50,119,0,-1,-1,-1
14187,355,510,0,89,248,0,-1,-1,-1
14187,357,346,0,110,203,0,-1,-1,-1
14188,355,491,12,94,237,0,-1,-1,-1
14189,355,500,0,105,249,0,-1,-1,-1
14189,357,337,6,93,216,0,-1,-1,-1
14190,355,501,19,85,226,0,-1,-1,-1
14190,358,391,0,77,137,0,-1,-1,-1
14191,358,487,4,92,230,0,-1,-1,-1
14193,358,551,0,72,259,0,-1,-1,-1
14194,359,477,1,70,134,0,-1,-1,-1
14194,360,311,1,83,190,0,-1,-1,-1
14195,360,260,0,89,198,0,-1,-1,-1
14195,359,568,0,51,90,0,-1,-1,-1
14195,358,452,1,78,208,0,-1,-1,-1
14196,359,486,6,99,234,0,-1,-1,-1
14196,361,375,1,69,125,0,-1,-1,-1
14196,362,307,3,89,207,0,-1,-1,-1
14197,361,471,0,77,105,0,-1,-1,-1
14197,362,361,3,88,180,0,-1,-1,-1
14198,361,450,0,71,129,0,-1,-1,-1
14198,362,351,0,66,158,0,-1,-1,-1
14198,359,547,175,90,88,0,-1,-1,-1
14199,359,471,0,76,127,0,-1,-1,-1
14200,359,479,1,74,128,0,-1,-1,-1
14202,359,368,3,123,214,0,-1,-1,-1
14203,359,510,1,88,134,0,-1,-1,-1
14203,363,378,0,88,193,0,-1,-1,-1
14204,364,357,3,50,117,0,-1,-1,-1
14205,363,452,2,92,198,0,-1,-1,-1
14206,363,459,2,69,148,0,-1,-1,-1
14206,364,517,1,97,227,0,-1,-1,-1
14208,365,368,6,85,206,0,-1,-1,-1
14208,364,553,2,69,144,0,-1,-1,-1
14209,365,370,0,82,214,0,-1,-1,-1
14209,364,465,2,65,146,0,-1,-1,-1
14210,365,485,0,65,106,0,-1,-1,-1
14210,366,364,6,81,209,0,-1,-1,-1
14211,366,499,0,62,118,0,-1,-1,-1
14211,367,409,15,86,164,0,-1,-1,-1
14213,367,376,0,92,119,0,-1,-1,-1
14218,368,502,3,93,170,0,-1,-1,-1
14219,368,448,3,81,120,0,-1,-1,-1
14221,369,474,0,89,153,0,-1,-1,-1
14223,370,530,11,109,176,0,-1,-1,-1
14223,369,452,2,80,179,0,-1,-1,-1
14224,369,437,0,85,213,0,-1,-1,-1
14224,371,562,0,73,152,0,-1,-1,-1
14225,369,551,3,85,185,0,-1,-1,-1
14225,372,387,0,79,184,0,-1,-1,-1
14227,372,498,2,58,110,0,-1,-1,-1
14229,372,401,137,68,93,0,-1,-1,-1
14232,373,380,0,72,95,0,-1,-1,-1
14233,374,453,0,69,124,0,-1,-1,-1
14236,374,501,2,106,188,0,-1,-1,-1
14237,374,487,1,99,187,0,-1,-1,-1
14239,374,391,0,88,217,0,-1,-1,-1
14240,374,533,4,62,145,0,-1,-1,-1
14240,375,350,0,91,222,0,-1,-1,-1
14241,375,373,1,77,211,0,-1,-1,-1
14241,374,540,1,57,119,0,-1,-1,-1
14242,375,384,0,81,152,0,-1,-1,-1
14242,374,495,0,49,133,0,-1,-1,-1
14243,374,488,2,96,180,0,-1,-1,-1
14244,374,493,2,91,186,0,-1,-1,-1
14244,376,369,29,50,102,0,-1,-1,-1
14245,376,423,0,60,158,0,-1,-1,-1
14246,376,409,0,72,160,0,-1,-1,-1
14248,376,444,0,47,130,0,-1,-1,-1
14249,376,466,0,93,151,0,-1,-1,-1
14250,377,386,0,67,126,0,-1,-1,-1
14250,376,450,1,83,151,0,-1,-1,-1
14250,378,535,1,62,120,0,-1,-1,-1
14257,379,502,0,54,141,0,-1,-1,-1
14258,380,349,41,90,104,0,-1,-1,-1
14259,380,349,28,97,119,0,-1,-1,-1
14260,380,497,0,58,115,0,-1,-1,-1
14260,379,412,48,79,110,0,-1,-1,-1
14261,379,523,1,50,136,0,-1,-1,-1
14262,379,496,5,56,156,0,-1,-1,-1
14266,381,549,0,78,157,0,-1,-1,-1
14267,382,427,0,89,239,0,-1,-1,-1
14268,382,417,0,67,149,0,-1,-1,-1
14268,381,514,4,86,179,0,-1,-1,-1
14270,382,433,0,48,97,0,-1,-1,-1
14271,381,492,0,80,154,0,-1,-1,-1
14271,383,388,0,67,159,0,-1,-1,-1
14272,383,361,0,50,97,0,-1,-1,-1
14272,381,433,0,44,94,0,-1,-1,-1
14273,383,358,1,66,135,0,-1,-1,-1
14273,381,406,0,43,112,0,-1,-1,-1
14273,384,462,0,57,148,0,-1,-1,-1
14274,381,483,0,60,120,0,-1,-1,-1
14275,383,368,4,47,128,0,-1,-1,-1
14276,384,438,5,80,214,0,-1,-1,-1
14278,384,509,0,80,154,0,-1,-1,-1
14278,383,356,3,65,156,0,-1,-1,-1
14279,383,361,5,108,157,0,-1,-1,-1
14281,383,365,7,86,192,0,-1,-1,-1
14282,383,362,0,81,193,0,-1,-1,-1
14283,383,467,19,73,223,0,-1,-1,-1
14283,385,510,9,65,224,0,-1,-1,-1
14284,383,442,18,109,223,0,-1,-1,-1
14284,386,362,14,99,178,0,-1,-1,-1
14285,383,449,1,94,216,0,-1,-1,-1
14286,383,251,27,71,167,0,-1,-1,-1
14286,386,453,8,80,120,0,-1,-1,-1
14287,387,523,0,71,94,0,-1,-1,-1
14287,383,429,2,93,234,0,-1,-1,-1
14288,387,448,1,87,186,0,-1,-1,-1
14290,388,379,3,67,119,0,-1,-1,-1
14291,388,415,0,62,95,0,-1,-1,-1
14291,389,349,1,66,121,0,-1,-1,-1
14292,389,349,0,67,121,0,-1,-1,-1
14292,388,419,0,64,114,0,-1,-1,-1
14293,389,362,0,58,133,0,-1,-1,-1
14299,390,363,0,64,132,0,-1,-1,-1
14300,391,422,1,72,145,0,-1,-1,-1
14302,391,489,4,93,185,0,-1,-1,-1
14303,392,386,0,59,108,0,-1,-1,-1
14303,391,523,0,62,176,0,-1,-1,-1
14308,393,438,3,59,134,0,-1,-1,-1
14309,394,468,2,51,124,0,-1,-1,-1
14310,394,388,0,64,158,0,-1,-1,-1
14311,395,352,0,65,137,0,-1,-1,-1
14311,394,461,0,56,101,0,-1,-1,-1
14312,394,454,1,106,170,0,-1,-1,-1
14313,395,488,0,54,95,0,-1,-1,-1
14313,396,345,0,74,162,0,-1,-1,-1
14314,395,514,27,65,110,0,-1,-1,-1
14315,395,490,0,80,159,0,-1,-1,-1
14316,395,460,0,49,90,0,-1,-1,-1
14318,395,498,0,70,164,0,-1,-1,-1
14318,397,433,3,62,158,0,-1,-1,-1
14319,397,373,1,113,197,0,-1,-1,-1
14319,395,486,2,96,176,0,-1,-1,-1
14320,397,509,0,65,116,0,-1,-1,-1
14325,398,428,1,61,155,0,-1,-1,-1
14326,399,460,0,54,161,0,-1,-1,-1
14327,398,355,0,73,159,0,-1,-1,-1
14327,400,439,0,80,162,0,-1,-1,-1
14328,398,379,0,74,165,0,-1,-1,-1
14328,400,450,0,65,161,0,-1,-1,-1
14331,398,375,0,75,168,0,-1,-1,-1
14332,398,377,0,75,168,0,-1,-1,-1
14333,398,379,0,69,166,0,-1,-1,-1
14334,398,385,3,59,165,0,-1,-1,-1
14335,398,385,0,56,163,0,-1,-1,-1
14336,398,387,0,62,164,0,-1,-1,-1
14338,398,454,3,68,162,0,-1,-1,-1
14338,401,383,1,70,169,0,-1,-1,-1
14339,401,384,0,67,167,0,-1,-1,-1
14339,398,452,0,71,182,0,-1,-1,-1
14340,401,430,0,60,167,0,-1,-1,-1
14341,401,387,1,68,169,0,-1,-1,-1
14342,401,387,1,66,168,0,-1,-1,-1
14343,401,359,0,66,167,0,-1,-1,-1
14344,401,362,0,52,170,0,-1,-1,-1
14345,401,351,0,74,168,0,-1,-1,-1
14346,401,282,4,72,154,0,-1,-1,-1
14348,402,360,0,59,165,0,-1,-1,-1
14348,403,453,3,72,158,0,-1,-1,-1
14349,403,363,0,55,171,0,-1,-1,-1
14350,402,491,0,62,165,0,-1,-1,-1
14350,403,390,0,55,170,0,-1,-1,-1
14351,403,388,5,81,186,0,-1,-1,-1
14352,403,361,7,44,125,0,-1,-1,-1
14355,403,352,16,76,149,0,-1,-1,-1
14356,403,357,3,57,165,0,-1,-1,-1
14360,404,489,2,97,174,0,-1,-1,-1
14361,404,354,10,58,112,0,-1,-1,-1
14362,404,359,7,54,114,0,-1,-1,-1
14362,405,426,1,58,164,0,-1,-1,-1
14362,406,514,1,86,186,0,-1,-1,-1
14363,404,355,7,58,113,0,-1,-1,-1
14363,405,421,0,70,167,0,-1,-1,-1
14364,404,357,7,54,113,0,-1,-1,-1
14364,405,428,0,62,172,0,-1,-1,-1
14364,406,492,0,96,172,0,-1,-1,-1
14365,404,357,10,54,111,0,-1,-1,-1
14365,405,426,0,61,164,0,-1,-1,-1
14365,406,494,8,84,185,0,-1,-1,-1
14366,404,354,11,67,109,0,-1,-1,-1
14366,405,452,0,67,157,0,-1,-1,-1
14366,407,521,0,70,171,0,-1,-1,-1
14367,404,356,12,64,106,0,-1,-1,-1
14367,407,458,0,77,156,0,-1,-1,-1
14368,404,357,9,60,110,0,-1,-1,-1
14369,404,355,12,59,108,0,-1,-1,-1
14369,407,455,2,86,196,0,-1,-1,-1
14371,404,387,0,64,166,0,-1,-1,-1
14372,404,384,0,69,165,0,-1,-1,-1
14372,408,547,6,88,174,0,-1,-1,-1
14374,404,473,0,88,203,0,-1,-1,-1
14375,404,443,0,88,195,0,-1,-1,-1
14376,404,540,3,96,179,0,-1,-1,-1
14377,409,352,0,69,178,0,-1,-1,-1
14377,410,444,3,79,188,0,-1,-1,-1
14378,409,350,0,65,177,0,-1,-1,-1
14379,409,359,0,66,164,0,-1,-1,-1
14379,410,486,2,71,165,0,-1,-1,-1
14380,411,460,0,64,101,0,-1,-1,-1
14380,410,518,3,81,190,0,-1,-1,-1
14380,409,352,0,84,165,0,-1,-1,-1
14381,410,499,3,91,187,0,-1,-1,-1
14382,410,479,0,58,102,0,-1,-1,-1
14382,411,515,9,86,179,0,-1,-1,-1
14383,409,355,0,71,164,0,-1,-1,-1
14383,412,494,0,75,164,0,-1,-1,-1
14384,409,351,0,81,163,0,-1,-1,-1
14385,409,359,0,70,169,0,-1,-1,-1
14385,412,511,1,82,160,0,-1,-1,-1
14386,412,487,0,83,110,0,-1,-1,-1
14387,412,492,0,70,98,0,-1,-1,-1
14387,409,357,0,73,165,0,-1,-1,-1
14388,409,353,0,77,165,0,-1,-1,-1
14388,412,473,0,47,93,0,-1,-1,-1
14389,409,352,0,83,168,0,-1,-1,-1
14390,409,460,1,65,112,0,-1,-1,-1
14390,413,512,0,116,204,0,-1,-1,-1
14391,414,355,7,49,110,0,-1,-1,-1
14391,413,518,6,81,164,0,-1,-1,-1
14392,414,356,10,54,106,0,-1,-1,-1
14392,415,421,3,58,150,0,-1,-1,-1
14393,414,356,8,53,108,0,-1,-1,-1
14393,415,520,3,77,128,0,-1,-1,-1
14393,416,430,0,57,160,0,-1,-1,-1
14394,414,354,4,58,113,0,-1,-1,-1
14394,416,425,0,69,155,0,-1,-1,-1
14394,415,497,1,69,151,0,-1,-1,-1
14395,414,523,0,75,151,0,-1,-1,-1
14395,416,391,0,77,154,0,-1,-1,-1
14396,416,386,0,79,149,0,-1,-1,-1
14397,416,375,0,98,171,0,-1,-1,-1
14398,416,348,1,66,175,0,-1,-1,-1
14399,417,504,2,58,88,0,-1,-1,-1
14400,417,521,3,64,124,0,-1,-1,-1
14401,416,390,0,77,147,0,-1,-1,-1
14401,418,551,0,65,111,0,-1,-1,-1
14401,417,469,0,58,89,0,-1,-1,-1
14402,416,457,6,60,120,0,-1,-1,-1
14402,419,371,25,86,90,0,-1,-1,-1
14403,419,369,19,84,91,0,-1,-1,-1
14403,418,550,0,87,133,0,-1,-1,-1
14404,419,374,17,81,95,0,-1,-1,-1
14404,420,352,6,90,114,0,-1,-1,-1
14404,418,557,0,65,178,0,-1,-1,-1
14405,418,486,2,77,143,0,-1,-1,-1
14405,420,383,17,67,95,0,-1,-1,-1
14405,419,354,3,74,114,0,-1,-1,-1
14406,419,322,9,84,206,0,-1,-1,-1
14407,419,311,3,90,186,0,-1,-1,-1
14407,418,451,0,73,136,0,-1,-1,-1
14408,418,500,0,58,106,0,-1,-1,-1
14409,419,376,0,73,135,0,-1,-1,-1
14409,418,454,0,92,182,0,-1,-1,-1
14412,418,455,0,61,100,0,-1,-1,-1
14413,421,345,12,71,129,0,-1,-1,-1
14414,421,460,2,73,130,0,-1,-1,-1
14414,422,381,0,66,94,0,-1,-1,-1
14415,422,377,1,74,93,0,-1,-1,-1
14415,418,506,3,51,130,0,-1,-1,-1
14416,422,498,0,56,93,0,-1,-1,-1
14416,418,342,34,77,107,0,-1,-1,-1
14416,423,428,0,53,119,0,-1,-1,-1
14419,418,436,0,49,97,0,-1,-1,-1
14420,418,346,41,69,126,0,-1,-1,-1
14421,418,347,36,66,132,0,-1,-1,-1
14422,418,351,38,62,130,0,-1,-1,-1
14422,424,434,3,55,111,0,-1,-1,-1
14423,425,452,0,74,133,0,-1,-1,-1
14423,418,344,29,74,139,0,-1,-1,-1
14424,425,517,0,89,150,0,-1,-1,-1
14425,425,519,0,64,91,0,-1,-1,-1
14426,425,409,0,70,159,0,-1,-1,-1
14427,425,355,37,60,121,0,-1,-1,-1
14428,425,354,38,62,120,0,-1,-1,-1
14429,425,553,0,63,110,0,-1,-1,-1
14429,426,355,46,63,111,0,-1,-1,-1
14430,425,453,10,94,226,0,-1,-1,-1
14430,426,359,42,55,114,0,-1,-1,-1
14431,425,508,35,112,210,0,-1,-1,-1
14431,426,489,2,59,128,0,-1,-1,-1
14432,426,448,0,82,143,0,-1,-1,-1
14432,427,359,36,60,121,0,-1,-1,-1
14433,426,461,1,75,159,0,-1,-1,-1
14434,426,445,0,89,145,0,-1,-1,-1
14434,427,351,38,64,120,0,-1,-1,-1
14436,426,478,0,83,142,0,-1,-1,-1
14437,427,356,39,61,119,0,-1,-1,-1
14437,426,519,3,88,138,0,-1,-1,-1
14438,427,227,58,94,138,0,-1,-1,-1
14438,428,352,45,66,111,0,-1,-1,-1
14439,428,539,0,97,147,0,-1,-1,-1
14439,429,351,35,67,122,0,-1,-1,-1
14439,427,431,0,52,87,0,-1,-1,-1
14440,429,520,5,63,126,0,-1,-1,-1
14440,430,351,0,72,161,0,-1,-1,-1
14440,427,434,0,48,87,0,-1,-1,-1
14442,427,492,3,71,111,0,-1,-1,-1
14443,427,486,4,67,127,0,-1,-1,-1
14444,431,390,0,53,101,0,-1,-1,-1
14444,427,542,3,57,134,0,-1,-1,-1
14445,427,341,8,74,148,0,-1,-1,-1
14446,427,345,43,77,115,0,-1,-1,-1
14447,427,346,40,75,120,0,-1,-1,-1
14448,427,346,41,77,118,0,-1,-1,-1
14449,427,355,42,65,117,0,-1,-1,-1
14450,427,355,40,67,119,0,-1,-1,-1
14451,427,395,3,64,165,0,-1,-1,-1
14451,432,510,0,106,122,0,-1,-1,-1
14452,432,548,0,60,121,0,-1,-1,-1
14453,427,352,42,69,117,0,-1,-1,-1
14453,432,460,5,81,193,0,-1,-1,-1
14453,433,548,0,69,120,0,-1,-1,-1
14454,427,418,0,56,136,0,-1,-1,-1
14454,432,352,39,70,114,0,-1,-1,-1
14455,427,341,33,79,127,0,-1,-1,-1
14455,432,434,0,47,99,0,-1,-1,-1
14456,427,346,32,71,128,0,-1,-1,-1
14456,432,448,4,82,177,0,-1,-1,-1
14457,427,347,41,70,118,0,-1,-1,-1
14457,432,456,0,51,135,0,-1,-1,-1
14458,427,350,41,79,120,0,-1,-1,-1
14459,427,351,40,75,121,0,-1,-1,-1
14459,432,461,9,71,163,0,-1,-1,-1
14460,427,351,41,81,120,0,-1,-1,-1
14460,432,494,0,75,161,0,-1,-1,-1
14461,427,346,25,82,135,0,-1,-1,-1
14461,432,388,1,69,149,0,-1,-1,-1
14462,432,459,7,84,193,0,-1,-1,-1
14462,427,350,28,65,132,0,-1,-1,-1
14463,427,350,34,67,126,0,-1,-1,-1
14464,427,349,28,71,132,0,-1,-1,-1
14464,432,541,27,87,145,0,-1,-1,-1
14465,427,351,38,68,122,0,-1,-1,-1
14466,427,348,42,69,116,0,-1,-1,-1
14466,434,509,0,73,159,0,-1,-1,-1
14467,427,348,43,70,116,0,-1,-1,-1
14467,434,498,3,59,143,0,-1,-1,-1
14468,427,350,30,70,127,0,-1,-1,-1
14469,427,350,40,70,119,0,-1,-1,-1
14470,427,349,40,71,119,0,-1,-1,-1
14471,427,351,42,68,117,0,-1,-1,-1
14472,427,351,42,70,118,0,-1,-1,-1
14472,435,457,0,88,126,0,-1,-1,-1
14473,427,352,41,65,118,0,-1,-1,-1
14474,427,351,40,69,119,0,-1,-1,-1
14474,435,488,5,73,131,0,-1,-1,-1
14475,427,357,41,63,119,0,-1,-1,-1
14475,435,492,2,63,134,0,-1,-1,-1
14476,427,383,8,77,218,0,-1,-1,-1
14477,427,349,39,71,121,0,-1,-1,-1
14477,435,560,0,66,116,0,-1,-1,-1
14477,436,451,5,59,111,0,-1,-1,-1
14478,427,349,39,72,121,0,-1,-1,-1
14479,427,345,39,72,120,0,-1,-1,-1
14480,427,349,41,66,118,0,-1,-1,-1
14481,427,344,38,75,121,0,-1,-1,-1
14482,427,340,37,79,122,0,-1,-1,-1
14482,437,512,2,51,99,0,-1,-1,-1
14482,438,392,3,67,94,0,-1,-1,-1
14483,437,434,0,59,95,0,-1,-1,-1
14484,427,442,1,53,108,0,-1,-1,-1
14484,438,528,0,63,93,0,-1,-1,-1
14485,438,545,1,75,88,0,-1,-1,-1
14486,438,503,1,58,106,0,-1,-1,-1
14487,438,515,0,72,123,0,-1,-1,-1
14487,427,551,0,74,133,0,-1,-1,-1
14488,427,546,0,83,139,0,-1,-1,-1
14490,427,438,0,63,116,0,-1,-1,-1
14490,438,359,0,55,162,0,-1,-1,-1
14491,427,423,2,70,166,0,-1,-1,-1
14492,427,496,0,69,223,0,-1,-1,-1
14494,427,458,0,64,91,0,-1,-1,-1
14495,427,547,3,83,212,0,-1,-1,-1
14496,427,548,0,74,169,0,-1,-1,-1
14496,439,315,31,76,138,0,-1,-1,-1
14496,440,477,0,55,109,0,-1,-1,-1
14497,439,455,0,54,103,0,-1,-1,-1
14498,439,453,1,94,169,0,-1,-1,-1
14500,439,471,1,83,116,0,-1,-1,-1
14500,441,543,4,97,266,0,-1,-1,-1
14501,439,388,11,126,223,0,-1,-1,-1
14503,439,323,9,92,200,0,-1,-1,-1
14504,439,515,1,62,164,0,-1,-1,-1
14506,439,351,2,87,207,0,-1,-1,-1
14507,439,355,1,69,157,0,-1,-1,-1
14508,442,555,0,83,242,0,-1,-1,-1
14510,442,483,0,100,247,0,-1,-1,-1
14512,442,471,48,88,152,0,-1,-1,-1
14512,443,537,31,41,102,0,-1,-1,-1
14513,442,448,27,95,213,0,-1,-1,-1
14513,443,535,14,56,122,0,-1,-1,-1
14514,443,445,4,90,231,0,-1,-1,-1
14514,444,524,1,66,134,0,-1,-1,-1
14514,442,214,77,119,118,0,-1,-1,-1
14516,444,457,0,48,100,0,-1,-1,-1
14516,443,555,0,61,138,0,-1,-1,-1
14517,443,493,3,83,205,0,-1,-1,-1
14518,443,454,2,85,179,0,-1,-1,-1
14519,443,474,0,89,182,0,-1,-1,-1
14520,445,523,16,117,239,0,-1,-1,-1
14520,443,448,2,104,174,0,-1,-1,-1
14521,446,455,76,149,182,0,-1,-1,-1
14521,443,474,1,58,134,0,-1,-1,-1
14522,446,436,58,130,180,0,-1,-1,-1
14522,443,430,22,58,152,0,-1,-1,-1
14522,447,542,5,89,229,0,-1,-1,-1
14522,448,505,21,89,217,0,-1,-1,-1
14523,448,470,8,117,239,0,-1,-1,-1
14523,443,420,8,107,229,0,-1,-1,-1
14524,443,518,10,95,238,0,-1,-1,-1
14524,446,341,45,181,194,0,-1,-1,-1
14524,447,423,2,60,126,0,-1,-1,-1
14525,443,474,15,79,224,0,-1,-1,-1
14531,449,556,0,80,210,0,-1,-1,-1
14532,450,503,1,82,205,0,-1,-1,-1
14533,449,545,4,82,253,0,-1,-1,-1
14534,449,469,6,50,154,0,-1,-1,-1
14534,450,549,3,84,184,0,-1,-1,-1
14535,449,548,0,77,141,0,-1,-1,-1
14535,450,400,0,85,192,0,-1,-1,-1
14536,450,428,18,97,216,0,-1,-1,-1
14537,450,347,2,128,210,0,-1,-1,-1
14537,451,530,4,57,139,0,-1,-1,-1
14538,450,364,12,109,207,0,-1,-1,-1
14539,450,458,2,86,239,0,-1,-1,-1
14539,452,353,35,66,174,0,-1,-1,-1
14539,451,562,42,76,219,0,-1,-1,-1
14545,453,520,3,79,194,0,-1,-1,-1
14545,454,457,1,66,119,0,-1,-1,-1
14546,453,444,2,92,218,0,-1,-1,-1
14548,455,413,0,64,137,0,-1,-1,-1
14548,454,344,26,74,133,0,-1,-1,-1
14548,456,325,30,70,136,0,-1,-1,-1
14549,454,238,22,106,176,0,-1,-1,-1
14549,453,543,28,93,234,0,-1,-1,-1
14549,455,343,55,71,103,0,-1,-1,-1
14550,455,356,55,59,103,0,-1,-1,-1
14550,453,527,12,102,239,0,-1,-1,-1
14551,455,364,118,89,113,0,-1,-1,-1
14551,453,525,41,88,214,0,-1,-1,-1
14552,454,489,25,130,224,0,-1,-1,-1
14553,454,206,67,81,119,0,-1,-1,-1
14553,453,509,73,131,199,0,-1,-1,-1
14554,453,471,90,167,171,0,-1,-1,-1
14554,455,323,22,61,140,0,-1,-1,-1
14555,453,446,8,85,229,0,-1,-1,-1
14556,453,469,1,53,97,0,-1,-1,-1
14572,457,485,12,83,142,0,-1,-1,-1
14575,457,432,84,157,168,0,-1,-1,-1
14575,458,206,26,91,166,0,-1,-1,-1
14576,457,390,0,92,183,0,-1,-1,-1
14577,457,403,5,80,220,0,-1,-1,-1
14578,457,435,6,101,230,0,-1,-1,-1
14581,457,394,5,68,218,0,-1,-1,-1
14582,457,419,0,95,216,0,-1,-1,-1
14583,457,427,3,86,196,0,-1,-1,-1
14584,457,431,2,90,210,0,-1,-1,-1
14584,459,541,68,83,88,0,-1,-1,-1
14585,457,426,3,93,216,0,-1,-1,-1
14585,460,510,0,81,164,0,-1,-1,-1
14586,460,385,7,74,214,0,-1,-1,-1
14586,457,493,3,75,132,0,-1,-1,-1
14588,457,435,2,92,199,0,-1,-1,-1
14589,457,441,0,86,201,0,-1,-1,-1
14589,460,560,1,77,157,0,-1,-1,-1
14590,457,425,3,83,193,0,-1,-1,-1
14590,461,334,24,63,145,0,-1,-1,-1
14591,457,418,0,99,207,0,-1,-1,-1
14591,461,333,23,64,143,0,-1,-1,-1
14592,461,429,3,91,204,0,-1,-1,-1
14592,457,332,26,64,139,0,-1,-1,-1
14593,461,437,0,90,211,0,-1,-1,-1
14593,457,333,26,65,137,0,-1,-1,-1
14594,461,435,2,84,196,0,-1,-1,-1
14594,457,339,26,66,130,0,-1,-1,-1
14595,461,441,1,91,197,0,-1,-1,-1
14595,457,340,26,64,129,0,-1,-1,-1
14596,461,432,2,114,192,0,-1,-1,-1
14596,457,340,28,64,126,0,-1,-1,-1
14597,457,342,35,73,121,0,-1,-1,-1
14597,462,258,2,78,197,0,-1,-1,-1
14599,457,499,5,96,199,0,-1,-1,-1
14600,457,569,0,57,139,0,-1,-1,-1
14600,462,377,0,76,189,0,-1,-1,-1
14601,462,565,0,57,140,0,-1,-1,-1
14601,457,260,6,79,194,0,-1,-1,-1
14602,457,539,5,50,130,0,-1,-1,-1
14603,457,541,2,53,135,0,-1,-1,-1
14603,463,348,31,69,120,0,-1,-1,-1
14604,463,565,0,60,150,0,-1,-1,-1
14605,463,521,1,74,131,0,-1,-1,-1
14607,463,514,0,84,129,0,-1,-1,-1
14608,464,416,0,69,169,0,-1,-1,-1
14609,464,526,0,62,134,0,-1,-1,-1
14611,465,455,4,68,128,0,-1,-1,-1
14611,464,539,0,47,94,0,-1,-1,-1
14614,464,558,1,68,99,0,-1,-1,-1
14614,465,340,0,191,106,0,-1,-1,-1
14615,465,417,0,135,158,0,-1,-1,-1
14618,465,454,3,67,106,0,-1,-1,-1
14619,465,546,2,85,183,0,-1,-1,-1
14620,465,444,4,124,201,0,-1,-1,-1
14621,465,541,6,87,191,0,-1,-1,-1
14621,466,424,0,61,107,0,-1,-1,-1
14622,466,401,0,58,104,0,-1,-1,-1
14625,466,451,2,66,105,0,-1,-1,-1
14626,466,523,0,74,153,0,-1,-1,-1
14628,466,561,6,72,130,0,-1,-1,-1
14631,466,413,24,113,146,0,-1,-1,-1
14631,467,506,74,129,181,0,-1,-1,-1
14632,467,576,34,60,143,0,-1,-1,-1
14633,467,433,40,102,114,0,-1,-1,-1
14633,468,556,4,43,62,0,-1,-1,-1
14634,467,418,30,110,118,0,-1,-1,-1
14634,468,558,4,41,62,0,-1,-1,-1
14635,468,428,50,101,105,0,-1,-1,-1
14636,468,303,14,82,193,0,-1,-1,-1
14636,469,432,50,91,107,0,-1,-1,-1
14637,469,505,9,91,237,0,-1,-1,-1
14637,468,435,52,83,107,0,-1,-1,-1
14638,468,429,53,98,104,0,-1,-1,-1
14639,468,428,45,100,114,0,-1,-1,-1
14640,468,439,52,82,107,0,-1,-1,-1
14640,469,518,47,121,185,0,-1,-1,-1
14642,468,512,0,83,137,0,-1,-1,-1
14645,468,443,0,77,162,0,-1,-1,-1
14646,468,442,0,72,150,0,-1,-1,-1
14647,470,425,0,66,133,0,-1,-1,-1
14648,470,448,0,87,160,0,-1,-1,-1
14649,470,452,1,90,180,0,-1,-1,-1
14650,470,570,0,59,98,0,-1,-1,-1
14650,471,429,1,92,181,0,-1,-1,-1
14653,471,571,76,69,98,0,-1,-1,-1
14655,471,607,1,30,97,0,-1,-1,-1
14655,472,444,0,72,160,0,-1,-1,-1
14656,473,421,0,70,152,0,-1,-1,-1
14657,473,432,4,96,190,0,-1,-1,-1
14658,473,365,23,65,125,0,-1,-1,-1
14659,473,469,4,84,242,0,-1,-1,-1
14659,474,414,0,69,153,0,-1,-1,-1
14660,473,493,2,86,206,0,-1,-1,-1
14663,473,564,0,57,95,0,-1,-1,-1
14663,475,441,0,85,141,0,-1,-1,-1
14664,476,436,11,50,102,0,-1,-1,-1
14664,473,495,0,66,125,0,-1,-1,-1
14666,476,537,4,86,201,0,-1,-1,-1
14667,476,443,4,87,115,0,-1,-1,-1
14667,477,561,2,76,198,0,-1,-1,-1
14669,477,493,0,128,219,0,-1,-1,-1
14672,478,546,6,94,244,0,-1,-1,-1
14672,477,491,1,115,234,0,-1,-1,-1
14673,478,456,0,68,168,0,-1,-1,-1
14674,478,499,4,60,167,0,-1,-1,-1
14675,478,394,0,63,118,0,-1,-1,-1
14677,478,362,9,88,134,0,-1,-1,-1
14678,478,376,77,86,141,0,-1,-1,-1
14679,478,544,0,82,157,0,-1,-1,-1
14680,478,513,0,57,114,0,-1,-1,-1
14680,479,358,8,86,135,0,-1,-1,-1
14681,479,411,5,112,226,0,-1,-1,-1
14681,478,244,5,103,194,0,-1,-1,-1
14681,480,544,1,75,115,0,-1,-1,-1
14682,478,242,5,115,190,0,-1,-1,-1
14682,481,356,12,96,132,0,-1,-1,-1
14683,481,464,17,64,155,0,-1,-1,-1
14683,482,356,21,97,123,0,-1,-1,-1
14684,482,477,27,96,191,0,-1,-1,-1
14684,483,360,15,87,131,0,-1,-1,-1
14684,481,287,5,69,166,0,-1,-1,-1
14685,483,365,7,83,221,0,-1,-1,-1
14686,483,361,12,90,217,0,-1,-1,-1
14689,483,341,8,128,151,0,-1,-1,-1
14689,484,427,0,57,114,0,-1,-1,-1
14691,483,434,1,49,106,0,-1,-1,-1
14691,484,371,48,75,99,0,-1,-1,-1
14692,484,377,53,69,98,0,-1,-1,-1
14694,484,348,37,80,115,0,-1,-1,-1
14695,484,348,9,81,142,0,-1,-1,-1
14697,484,352,39,78,110,0,-1,-1,-1
14700,484,541,0,96,132,0,-1,-1,-1
14701,485,459,2,69,124,0,-1,-1,-1
14702,485,567,7,73,241,0,-1,-1,-1
14705,486,436,2,90,233,0,-1,-1,-1
14705,487,348,0,83,221,0,-1,-1,-1
14707,487,474,0,85,120,0,-1,-1,-1
14709,488,469,93,125,162,0,-1,-1,-1
14711,488,403,1,57,158,0,-1,-1,-1
14712,488,461,28,147,230,0,-1,-1,-1
14715,489,512,40,116,218,0,-1,-1,-1
14716,489,518,54,122,202,0,-1,-1,-1
14717,489,521,39,112,217,0,-1,-1,-1
14718,490,438,0,70,152,0,-1,-1,-1
14719,490,140,43,88,129,0,-1,-1,-1
14719,491,425,2,99,223,0,-1,-1,-1
14720,491,329,42,141,168,0,-1,-1,-1
14720,492,497,23,98,197,0,-1,-1,-1
14721,492,541,42,98,232,0,-1,-1,-1
14721,491,273,64,84,134,0,-1,-1,-1
14721,493,351,99,101,130,0,-1,-1,-1
14722,491,443,2,84,207,0,-1,-1,-1
14751,494,509,104,130,167,0,-1,-1,-1
15151,495,476,0,79,118,0,-1,-1,-1
16318,496,230,51,112,152,0,-1,-1,-1
16373,497,543,5,82,207,0,-1,-1,-1
16376,498,377,84,96,146,0,-1,-1,-1
16377,498,488,0,71,125,0,-1,-1,-1
