21,0,175,84,153,251,0,-1,-1,-1
764,1,352,5,71,247,0,-1,-1,-1
843,2,451,8,68,223,0,-1,-1,-1
859,3,259,70,106,267,0,-1,-1,-1
967,4,417,1,80,77,0,-1,-1,-1
1281,5,411,35,100,297,0,-1,-1,-1
1282,5,434,14,62,225,0,-1,-1,-1
1283,5,439,7,81,232,0,-1,-1,-1
1284,5,376,7,80,213,0,-1,-1,-1
1284,6,547,0,86,226,0,-1,-1,-1
1285,5,486,3,99,205,0,-1,-1,-1
1285,6,386,1,89,179,0,-1,-1,-1
1286,6,519,2,63,113,0,-1,-1,-1
1286,5,453,14,68,181,0,-1,-1,-1
1290,7,352,1,67,157,0,-1,-1,-1
1291,7,535,0,54,103,0,-1,-1,-1
1291,8,324,1,58,152,0,-1,-1,-1
1292,7,535,0,59,102,0,-1,-1,-1
1293,7,310,0,83,160,0,-1,-1,-1
1294,7,306,0,90,160,0,-1,-1,-1
1295,7,302,0,114,155,0,-1,-1,-1
1297,9,313,0,65,155,0,-1,-1,-1
1298,9,358,5,68,154,0,-1,-1,-1
1300,9,313,0,69,164,0,-1,-1,-1
1301,9,491,0,85,116,0,-1,-1,-1
1304,9,263,0,102,179,0,-1,-1,-1
1306,9,462,24,131,184,0,-1,-1,-1
2391,10,526,0,76,103,0,-1,-1,-1
2455,11,331,0,60,138,0,-1,-1,-1
2457,11,495,2,74,131,0,-1,-1,-1
2459,11,329,0,57,133,0,-1,-1,-1
2464,12,268,0,60,135,0,-1,-1,-1
2465,12,256,0,78,141,0,-1,-1,-1
2466,12,254,0,79,141,0,-1,-1,-1
2467,12,264,0,68,152,0,-1,-1,-1
2755,13,499,0,68,93,0,-1,-1,-1
2765,14,288,0,57,87,0,-1,-1,-1
2766,15,441,1,90,122,0,-1,-1,-1
2770,16,460,3,65,119,0,-1,-1,-1
2771,16,459,5,70,123,0,-1,-1,-1
2775,17,467,0,85,124,0,-1,-1,-1
2776,17,474,0,85,135,0,-1,-1,-1
2777,17,469,0,89,130,0,-1,-1,-1
2780,17,478,0,77,134,0,-1,-1,-1
2781,17,483,3,72,129,0,-1,-1,-1
2791,18,475,0,99,122,0,-1,-1,-1
2792,18,483,0,75,128,0,-1,-1,-1
2794,18,480,5,81,121,0,-1,-1,-1
2795,18,478,0,74,126,0,-1,-1,-1
2796,18,484,0,73,127,0,-1,-1,-1
2797,18,480,0,75,127,0,-1,-1,-1
2798,18,509,1,77,134,0,-1,-1,-1
2799,18,512,3,69,130,0,-1,-1,-1
2800,18,510,0,69,135,0,-1,-1,-1
2801,18,498,0,71,125,0,-1,-1,-1
2802,18,486,0,82,124,0,-1,-1,-1
2802,19,512,2,73,126,0,-1,-1,-1
2803,19,485,2,85,119,0,-1,-1,-1
2806,19,513,3,82,125,0,-1,-1,-1
2806,20,461,1,71,117,0,-1,-1,-1
2807,20,517,2,77,127,0,-1,-1,-1
2807,19,462,0,63,114,0,-1,-1,-1
2808,19,522,6,80,121,0,-1,-1,-1
2809,19,519,3,77,124,0,-1,-1,-1
2810,19,516,2,75,128,0,-1,-1,-1
2810,20,460,0,58,114,0,-1,-1,-1
2811,19,517,3,86,123,0,-1,-1,-1
2812,19,513,1,90,123,0,-1,-1,-1
2813,19,511,2,88,126,0,-1,-1,-1
2814,19,530,6,69,122,0,-1,-1,-1
2815,19,511,4,91,126,0,-1,-1,-1
2818,19,513,3,88,124,0,-1,-1,-1
2818,21,463,0,57,116,0,-1,-1,-1
2820,19,514,3,83,124,0,-1,-1,-1
2821,19,517,4,78,124,0,-1,-1,-1
2823,19,512,3,85,124,0,-1,-1,-1
2823,22,463,0,58,114,0,-1,-1,-1
2824,19,510,4,91,124,0,-1,-1,-1
2824,22,464,0,55,115,0,-1,-1,-1
2825,22,507,2,95,127,0,-1,-1,-1
2825,19,462,0,59,118,0,-1,-1,-1
2826,22,502,1,102,128,0,-1,-1,-1
2826,19,458,0,62,114,0,-1,-1,-1
2829,22,512,0,81,128,0,-1,-1,-1
2831,22,509,3,92,119,0,-1,-1,-1
2832,22,513,1,86,121,0,-1,-1,-1
2833,22,530,0,66,124,0,-1,-1,-1
2834,22,526,3,75,117,0,-1,-1,-1
2834,23,463,0,58,115,0,-1,-1,-1
2835,22,517,3,67,123,0,-1,-1,-1
2835,23,463,0,55,117,0,-1,-1,-1
2836,22,516,3,72,122,0,-1,-1,-1
2836,23,464,0,55,116,0,-1,-1,-1
2840,24,512,4,78,129,0,-1,-1,-1
2840,25,462,0,58,118,0,-1,-1,-1
2841,25,508,4,87,124,0,-1,-1,-1
2842,25,507,3,88,123,0,-1,-1,-1
2843,25,522,2,71,135,0,-1,-1,-1
2844,25,499,2,98,128,0,-1,-1,-1
2845,25,504,1,94,129,0,-1,-1,-1
2846,25,513,3,77,128,0,-1,-1,-1
2846,26,466,1,52,119,0,-1,-1,-1
2847,26,509,0,104,127,0,-1,-1,-1
2847,25,462,0,62,117,0,-1,-1,-1
2850,26,507,0,88,132,0,-1,-1,-1
2850,25,460,0,62,117,0,-1,-1,-1
2851,26,503,0,92,132,0,-1,-1,-1
2852,26,506,0,86,133,0,-1,-1,-1
2853,26,505,0,87,133,0,-1,-1,-1
2854,26,511,0,82,132,0,-1,-1,-1
2854,27,466,0,55,115,0,-1,-1,-1
2856,26,513,2,80,129,0,-1,-1,-1
2856,27,466,0,56,116,0,-1,-1,-1
2857,26,510,0,81,133,0,-1,-1,-1
2857,27,467,0,55,116,0,-1,-1,-1
2859,26,511,1,84,131,0,-1,-1,-1
2859,27,467,0,55,115,0,-1,-1,-1
2860,26,511,0,85,131,0,-1,-1,-1
2861,26,514,0,85,138,0,-1,-1,-1
2862,26,512,0,75,140,0,-1,-1,-1
2863,26,519,5,65,121,0,-1,-1,-1
2864,26,513,3,70,129,0,-1,-1,-1
2865,26,506,3,90,130,0,-1,-1,-1
2866,26,515,2,72,125,0,-1,-1,-1
2870,28,516,2,80,127,0,-1,-1,-1
2872,28,514,5,69,125,0,-1,-1,-1
2873,28,510,4,87,121,0,-1,-1,-1
2874,28,509,4,90,126,0,-1,-1,-1
2876,28,509,4,85,127,0,-1,-1,-1
2876,29,468,0,58,117,0,-1,-1,-1
2877,28,511,3,85,127,0,-1,-1,-1
2877,29,467,0,60,118,0,-1,-1,-1
2881,30,514,3,85,132,0,-1,-1,-1
2881,31,470,0,63,114,0,-1,-1,-1
2882,30,514,3,82,122,0,-1,-1,-1
2885,30,509,1,86,130,0,-1,-1,-1
2886,30,514,1,89,132,0,-1,-1,-1
2887,30,512,0,85,137,0,-1,-1,-1
2890,30,525,1,73,131,0,-1,-1,-1
2893,30,485,1,83,136,0,-1,-1,-1
2900,32,517,2,68,118,0,-1,-1,-1
2901,32,490,1,78,123,0,-1,-1,-1
2901,33,514,3,73,121,0,-1,-1,-1
2902,32,490,3,75,121,0,-1,-1,-1
2903,32,509,4,80,121,0,-1,-1,-1
2904,32,517,5,72,119,0,-1,-1,-1
2905,32,512,1,82,122,0,-1,-1,-1
2905,34,446,0,67,120,0,-1,-1,-1
2907,32,496,0,74,123,0,-1,-1,-1
2908,32,450,1,64,118,0,-1,-1,-1
2909,32,453,0,85,125,0,-1,-1,-1
2976,35,464,0,63,104,0,-1,-1,-1
3660,36,567,39,72,223,0,-1,-1,-1
3668,37,313,90,93,242,0,-1,-1,-1
3669,38,176,64,120,206,0,-1,-1,-1
3669,37,483,65,70,135,0,-1,-1,-1
3670,37,198,4,59,145,0,-1,-1,-1
3674,39,544,1,76,95,0,-1,-1,-1
3674,40,493,0,66,91,0,-1,-1,-1
4236,41,214,0,57,165,0,-1,-1,-1
4238,41,176,137,120,196,0,-1,-1,-1
4376,42,234,135,115,184,0,-1,-1,-1
4376,43,452,100,129,243,0,-1,-1,-1
4457,44,179,94,91,235,0,-1,-1,-1
4458,44,367,54,76,198,0,-1,-1,-1
4459,44,370,55,72,198,0,-1,-1,-1
4460,44,368,55,73,197,0,-1,-1,-1
4461,44,372,50,75,213,0,-1,-1,-1
4462,44,366,53,76,212,0,-1,-1,-1
4463,44,363,54,73,208,0,-1,-1,-1
4464,44,367,53,71,208,0,-1,-1,-1
4465,44,377,66,84,204,0,-1,-1,-1
4466,44,376,66,83,203,0,-1,-1,-1
4468,44,344,57,72,213,0,-1,-1,-1
4469,44,335,57,82,214,0,-1,-1,-1
4470,44,214,224,151,111,0,-1,-1,-1
4470,45,335,61,80,206,0,-1,-1,-1
4471,46,458,107,115,233,0,-1,-1,-1
4472,46,458,121,118,217,0,-1,-1,-1
4473,46,463,123,120,213,0,-1,-1,-1
4473,45,397,129,100,130,0,-1,-1,-1
4474,46,463,128,117,210,0,-1,-1,-1
4475,46,463,128,120,211,0,-1,-1,-1
4476,46,452,122,132,218,0,-1,-1,-1
4477,46,456,123,127,217,0,-1,-1,-1
4477,47,407,62,67,210,0,-1,-1,-1
4478,46,455,125,131,212,0,-1,-1,-1
4479,46,467,122,131,215,0,-1,-1,-1
4480,46,456,120,126,219,0,-1,-1,-1
4481,46,453,124,130,214,0,-1,-1,-1
4482,46,420,115,144,223,0,-1,-1,-1
4483,46,459,123,110,217,0,-1,-1,-1
4484,46,463,125,119,215,0,-1,-1,-1
4502,48,514,80,92,224,0,-1,-1,-1
4509,49,354,0,59,140,0,-1,-1,-1
4510,49,361,0,46,141,0,-1,-1,-1
4511,49,363,2,45,139,0,-1,-1,-1
4519,50,522,15,85,224,0,-1,-1,-1
4520,50,525,5,72,241,0,-1,-1,-1
4521,50,526,9,83,238,0,-1,-1,-1
4521,51,339,3,67,108,0,-1,-1,-1
4524,50,403,19,88,165,0,-1,-1,-1
4526,50,327,3,66,117,0,-1,-1,-1
4561,52,226,0,54,104,0,-1,-1,-1
4562,53,67,0,92,164,0,-1,-1,-1
4569,54,19,9,120,269,0,-1,-1,-1
4570,54,231,0,47,61,0,-1,-1,-1
5328,55,473,0,81,78,0,-1,-1,-1
5621,56,552,0,67,94,0,-1,-1,-1
6041,57,314,0,72,148,0,-1,-1,-1
6100,58,572,8,67,252,0,-1,-1,-1
6219,59,325,2,38,52,0,-1,-1,-1
6301,60,362,0,62,96,0,-1,-1,-1
6301,61,380,0,58,98,0,-1,-1,-1
6313,62,249,87,126,245,0,-1,-1,-1
6323,63,294,50,97,286,0,-1,-1,-1
6323,64,26,172,188,157,0,-1,-1,-1
6353,65,320,66,114,268,0,-1,-1,-1
6413,66,187,0,48,90,0,-1,-1,-1
6455,67,339,0,39,58,0,-1,-1,-1
6544,68,487,0,64,93,0,-1,-1,-1
6566,69,444,0,70,77,0,-1,-1,-1
6592,70,178,0,59,127,0,-1,-1,-1
6719,71,445,1,62,133,0,-1,-1,-1
6728,72,333,0,49,49,0,-1,-1,-1
6740,73,476,0,64,96,0,-1,-1,-1
6759,74,391,0,59,91,0,-1,-1,-1
6759,75,455,0,87,78,0,-1,-1,-1
6770,76,436,0,52,109,0,-1,-1,-1
6771,76,420,0,52,104,0,-1,-1,-1
6776,77,214,0,63,106,0,-1,-1,-1
6792,78,478,0,64,108,0,-1,-1,-1
6806,79,132,80,152,249,0,-1,-1,-1
6835,80,465,0,59,92,0,-1,-1,-1
6905,81,44,25,110,268,0,-1,-1,-1
6907,81,125,97,109,235,0,-1,-1,-1
6939,82,182,27,100,299,0,-1,-1,-1
7166,83,526,1,70,116,0,-1,-1,-1
7171,84,480,1,69,102,0,-1,-1,-1
7217,85,518,8,116,294,0,-1,-1,-1
7279,86,450,81,106,264,0,-1,-1,-1
7349,87,432,0,86,85,0,-1,-1,-1
7354,88,201,13,69,222,0,-1,-1,-1
7354,89,311,3,85,206,0,-1,-1,-1
7355,88,193,11,61,225,0,-1,-1,-1
7356,88,196,14,62,222,0,-1,-1,-1
7356,89,262,4,75,219,0,-1,-1,-1
7357,89,320,3,74,229,0,-1,-1,-1
7357,88,194,12,54,223,0,-1,-1,-1
7358,89,256,0,70,191,0,-1,-1,-1
7358,90,331,3,83,217,0,-1,-1,-1
7361,90,378,7,82,233,0,-1,-1,-1
7361,89,305,2,74,234,0,-1,-1,-1
7362,90,274,0,54,105,0,-1,-1,-1
7377,91,480,3,112,302,0,-1,-1,-1
7379,92,515,53,102,233,0,-1,-1,-1
7380,92,319,0,108,204,0,-1,-1,-1
7383,93,350,0,67,165,0,-1,-1,-1
7386,93,309,1,38,134,0,-1,-1,-1
7389,93,429,4,79,201,0,-1,-1,-1
7393,94,325,0,68,175,0,-1,-1,-1
7397,95,412,6,118,202,0,-1,-1,-1
7405,96,500,48,116,245,0,-1,-1,-1
7408,96,362,20,79,195,0,-1,-1,-1
7410,96,386,23,89,203,0,-1,-1,-1
7410,97,420,23,126,270,0,-1,-1,-1
7411,97,351,4,68,167,0,-1,-1,-1
7411,96,527,70,108,191,0,-1,-1,-1
7412,96,411,106,181,231,0,-1,-1,-1
7413,96,406,85,168,253,0,-1,-1,-1
7414,96,399,90,154,240,0,-1,-1,-1
7415,98,398,4,58,162,0,-1,-1,-1
7416,98,157,45,122,268,0,-1,-1,-1
7420,99,230,211,255,126,0,-1,-1,-1
7421,99,505,3,97,184,0,-1,-1,-1
7424,99,262,152,162,185,0,-1,-1,-1
7424,100,36,20,114,243,0,-1,-1,-1
7424,101,459,0,66,166,0,-1,-1,-1
7425,101,250,207,137,128,0,-1,-1,-1
7425,100,452,40,51,130,0,-1,-1,-1
7426,101,145,233,187,101,0,-1,-1,-1
7427,101,149,234,183,99,0,-1,-1,-1
7428,101,171,212,158,121,0,-1,-1,-1
7428,100,439,0,89,183,0,-1,-1,-1
7429,101,281,96,182,242,0,-1,-1,-1
7430,101,320,49,79,275,0,-1,-1,-1
7432,102,464,53,111,275,0,-1,-1,-1
7432,101,2,0,109,233,0,-1,-1,-1
7432,103,205,0,49,93,0,-1,-1,-1
7433,102,414,120,172,218,0,-1,-1,-1
7433,101,158,0,100,221,0,-1,-1,-1
7435,101,99,17,102,248,0,-1,-1,-1
7435,104,248,65,87,269,0,-1,-1,-1
7436,104,165,76,113,253,0,-1,-1,-1
7436,101,129,66,87,265,0,-1,-1,-1
7437,104,154,56,127,275,0,-1,-1,-1
7438,104,181,60,110,274,0,-1,-1,-1
7438,101,238,6,103,209,0,-1,-1,-1
7439,104,226,9,88,242,0,-1,-1,-1
7439,101,165,123,129,210,0,-1,-1,-1
7440,104,172,88,119,242,0,-1,-1,-1
7441,104,122,34,103,296,0,-1,-1,-1
7441,101,218,0,91,211,0,-1,-1,-1
7442,104,163,39,97,283,0,-1,-1,-1
7443,104,103,98,97,229,0,-1,-1,-1
7443,101,196,84,91,240,0,-1,-1,-1
7444,104,255,11,103,279,0,-1,-1,-1
7445,104,43,76,116,256,0,-1,-1,-1
7445,101,173,71,90,263,0,-1,-1,-1
7446,104,88,97,142,230,0,-1,-1,-1
7446,105,271,18,89,240,0,-1,-1,-1
7447,105,62,91,145,241,0,-1,-1,-1
7447,101,218,0,83,237,0,-1,-1,-1
7448,105,187,13,75,221,0,-1,-1,-1
7449,105,156,120,110,213,0,-1,-1,-1
7449,101,221,2,101,209,0,-1,-1,-1
7449,106,98,116,120,215,0,-1,-1,-1
7450,106,121,114,186,219,0,-1,-1,-1
7450,107,246,0,67,225,0,-1,-1,-1
7451,107,41,82,165,255,0,-1,-1,-1
7451,106,204,23,77,231,0,-1,-1,-1
7452,107,223,6,101,314,0,-1,-1,-1
7453,107,283,100,123,211,0,-1,-1,-1
7454,107,253,112,172,223,0,-1,-1,-1
7454,106,181,14,93,265,0,-1,-1,-1
7455,107,140,9,154,329,0,-1,-1,-1
7456,106,209,6,108,267,0,-1,-1,-1
7456,108,94,124,146,206,0,-1,-1,-1
7457,108,95,90,127,238,0,-1,-1,-1
7457,106,112,50,153,289,0,-1,-1,-1
7458,106,214,24,158,314,0,-1,-1,-1
7458,108,178,79,117,249,0,-1,-1,-1
7459,106,246,59,101,274,0,-1,-1,-1
7459,109,160,52,105,270,0,-1,-1,-1
7459,108,235,18,96,277,0,-1,-1,-1
7460,109,163,68,117,261,0,-1,-1,-1
7460,108,236,16,101,310,0,-1,-1,-1
7461,109,147,42,121,249,0,-1,-1,-1
7462,109,156,60,137,269,0,-1,-1,-1
7463,109,227,116,148,219,0,-1,-1,-1
7463,110,156,14,118,274,0,-1,-1,-1
7464,109,106,40,125,275,0,-1,-1,-1
7464,110,223,46,95,278,0,-1,-1,-1
7465,109,40,153,131,175,0,-1,-1,-1
7465,111,221,32,65,278,0,-1,-1,-1
7465,110,295,225,96,109,0,-1,-1,-1
7465,112,280,234,183,100,0,-1,-1,-1
7466,110,95,39,106,285,0,-1,-1,-1
7466,111,350,74,87,264,0,-1,-1,-1
7466,109,1,115,120,213,0,-1,-1,-1
7467,111,353,65,90,269,0,-1,-1,-1
7467,110,114,32,98,288,0,-1,-1,-1
7467,109,193,34,134,282,0,-1,-1,-1
7468,110,119,37,85,280,0,-1,-1,-1
7468,111,338,66,98,271,0,-1,-1,-1
7468,109,457,193,123,145,0,-1,-1,-1
7469,110,235,34,82,271,0,-1,-1,-1
7469,111,121,35,82,284,0,-1,-1,-1
7470,110,117,34,98,284,0,-1,-1,-1
7470,111,317,168,123,168,0,-1,-1,-1
7471,110,115,36,91,280,0,-1,-1,-1
7471,111,333,173,112,166,0,-1,-1,-1
7471,113,446,34,91,307,0,-1,-1,-1
7472,110,114,32,95,286,0,-1,-1,-1
7472,111,283,149,149,186,0,-1,-1,-1
7472,113,479,35,120,305,0,-1,-1,-1
7473,113,285,110,179,227,0,-1,-1,-1
7473,110,114,34,96,281,0,-1,-1,-1
7473,114,478,42,97,295,0,-1,-1,-1
7474,114,121,34,117,289,0,-1,-1,-1
7474,110,199,161,136,171,0,-1,-1,-1
7474,113,172,48,90,246,0,-1,-1,-1
7475,113,204,144,116,192,0,-1,-1,-1
7475,110,129,38,81,281,0,-1,-1,-1
7475,114,177,56,79,248,0,-1,-1,-1
7476,114,153,56,153,274,0,-1,-1,-1
7476,110,49,44,134,287,0,-1,-1,-1
7476,113,242,124,109,210,0,-1,-1,-1
7477,114,224,143,105,191,0,-1,-1,-1
7477,110,46,50,127,280,0,-1,-1,-1
7477,115,156,56,98,264,0,-1,-1,-1
7478,115,22,117,166,216,0,-1,-1,-1
7478,116,468,16,110,290,0,-1,-1,-1
7479,116,64,111,144,206,0,-1,-1,-1
7479,115,137,198,152,138,0,-1,-1,-1
7479,110,0,120,109,211,0,-1,-1,-1
7480,110,88,69,117,261,0,-1,-1,-1
7480,116,172,126,148,207,0,-1,-1,-1
7480,115,349,9,80,237,0,-1,-1,-1
7480,114,231,113,113,202,0,-1,-1,-1
7481,116,87,63,146,270,0,-1,-1,-1
7481,115,187,118,161,214,0,-1,-1,-1
7481,114,289,15,72,222,0,-1,-1,-1
7482,116,85,41,127,293,0,-1,-1,-1
7483,116,70,51,150,281,0,-1,-1,-1
7483,115,353,3,64,263,0,-1,-1,-1
7484,115,9,71,178,261,0,-1,-1,-1
7484,116,317,194,161,143,0,-1,-1,-1
7485,115,43,83,130,245,0,-1,-1,-1
7485,117,361,9,69,257,0,-1,-1,-1
7486,117,429,191,182,151,0,-1,-1,-1
7486,115,26,82,148,248,0,-1,-1,-1
7487,115,91,71,102,253,0,-1,-1,-1
7487,116,18,127,160,207,0,-1,-1,-1
7488,116,94,73,105,250,0,-1,-1,-1
7488,115,421,163,158,178,0,-1,-1,-1
7488,118,9,127,166,202,0,-1,-1,-1
7489,118,29,15,207,311,0,-1,-1,-1
7490,118,408,166,137,174,0,-1,-1,-1
7490,115,79,77,109,256,0,-1,-1,-1
7490,116,27,126,122,208,0,-1,-1,-1
7491,116,376,169,168,171,0,-1,-1,-1
7491,115,17,65,183,265,0,-1,-1,-1
7492,116,0,75,200,257,0,-1,-1,-1
7493,116,0,54,194,269,0,-1,-1,-1
7493,119,299,222,91,110,0,-1,-1,-1
7494,119,109,74,155,248,0,-1,-1,-1
7494,116,420,30,137,300,0,-1,-1,-1
7495,119,101,85,159,247,0,-1,-1,-1
7496,119,415,33,103,303,0,-1,-1,-1
7496,116,77,160,138,175,0,-1,-1,-1
7496,120,1,87,94,237,0,-1,-1,-1
7497,119,376,38,107,300,0,-1,-1,-1
7497,116,72,149,139,183,0,-1,-1,-1
7498,119,139,102,115,226,0,-1,-1,-1
7499,119,106,40,105,291,0,-1,-1,-1
7499,116,255,33,68,288,0,-1,-1,-1
7499,120,326,214,103,128,0,-1,-1,-1
7500,116,289,160,125,179,0,-1,-1,-1
7500,119,223,116,138,215,0,-1,-1,-1
7500,121,252,34,78,154,0,-1,-1,-1
7501,119,175,35,84,272,0,-1,-1,-1
7502,119,174,0,115,334,0,-1,-1,-1
7503,122,218,64,127,264,0,-1,-1,-1
7503,119,136,117,154,212,0,-1,-1,-1
7504,122,211,18,157,324,0,-1,-1,-1
7504,119,375,129,104,210,0,-1,-1,-1
7505,119,187,37,99,294,0,-1,-1,-1
7505,122,407,146,142,191,0,-1,-1,-1
7506,119,174,54,102,267,0,-1,-1,-1
7507,119,83,40,144,294,0,-1,-1,-1
7507,122,275,104,147,227,0,-1,-1,-1
7508,119,177,15,125,298,0,-1,-1,-1
7508,122,356,150,186,193,0,-1,-1,-1
7509,122,385,154,143,179,0,-1,-1,-1
7509,119,94,28,105,291,0,-1,-1,-1
7510,119,252,12,91,285,0,-1,-1,-1
7510,122,382,121,130,217,0,-1,-1,-1
7511,122,434,120,150,218,0,-1,-1,-1
7511,119,171,2,97,262,0,-1,-1,-1
7512,122,419,122,169,214,0,-1,-1,-1
7512,119,178,2,111,230,0,-1,-1,-1
7513,122,416,112,128,224,0,-1,-1,-1
7513,119,169,3,129,275,0,-1,-1,-1
7514,119,347,155,146,176,0,-1,-1,-1
7514,122,163,10,112,243,0,-1,-1,-1
7514,123,184,59,102,219,0,-1,-1,-1
7515,123,178,9,111,294,0,-1,-1,-1
7515,124,425,0,54,99,0,-1,-1,-1
7516,123,333,114,154,222,0,-1,-1,-1
7516,122,289,0,92,296,0,-1,-1,-1
7516,124,248,137,103,195,0,-1,-1,-1
7517,123,233,56,202,282,0,-1,-1,-1
7518,124,250,26,94,261,0,-1,-1,-1
7518,122,397,89,113,237,0,-1,-1,-1
7519,124,175,133,109,201,0,-1,-1,-1
7519,122,308,0,85,293,0,-1,-1,-1
7520,122,366,141,139,192,0,-1,-1,-1
7520,124,301,31,73,256,0,-1,-1,-1
7520,123,175,9,126,233,0,-1,-1,-1
7521,122,363,117,105,217,0,-1,-1,-1
7521,124,423,87,142,247,0,-1,-1,-1
7522,122,268,12,101,316,0,-1,-1,-1
7523,122,438,158,181,176,0,-1,-1,-1
7523,124,257,14,90,308,0,-1,-1,-1
7524,122,444,151,134,187,0,-1,-1,-1
7524,124,257,13,84,305,0,-1,-1,-1
7525,122,266,7,115,313,0,-1,-1,-1
7525,125,365,257,103,78,0,-1,-1,-1
7526,124,317,2,79,272,0,-1,-1,-1
7526,126,380,154,260,129,0,-1,-1,-1
7526,127,212,100,103,228,0,-1,-1,-1
7526,128,243,13,85,287,0,-1,-1,-1
7527,127,366,61,152,280,0,-1,-1,-1
7527,126,284,12,106,272,0,-1,-1,-1
7528,127,284,1,96,263,0,-1,-1,-1
7529,126,257,10,85,270,0,-1,-1,-1
7529,127,318,117,165,221,0,-1,-1,-1
7529,124,433,121,129,212,0,-1,-1,-1
7530,124,438,139,148,194,0,-1,-1,-1
7530,127,318,132,107,203,0,-1,-1,-1
7531,127,313,125,107,211,0,-1,-1,-1
7531,124,303,2,97,270,0,-1,-1,-1
7531,129,508,152,128,192,0,-1,-1,-1
7532,124,311,3,84,292,0,-1,-1,-1
7532,127,547,0,76,147,0,-1,-1,-1
7533,124,307,200,207,134,0,-1,-1,-1
7533,127,324,0,84,277,0,-1,-1,-1
7534,127,319,0,86,275,0,-1,-1,-1
7534,124,306,231,176,102,0,-1,-1,-1
7535,127,319,11,82,269,0,-1,-1,-1
7535,124,242,170,100,165,0,-1,-1,-1
7536,127,265,1,76,276,0,-1,-1,-1
7536,124,383,160,98,180,0,-1,-1,-1
7537,124,276,0,75,285,0,-1,-1,-1
7537,130,508,0,83,94,0,-1,-1,-1
7538,124,269,2,67,276,0,-1,-1,-1
7539,124,249,14,123,257,0,-1,-1,-1
7540,124,160,3,119,284,0,-1,-1,-1
7541,124,388,133,101,206,0,-1,-1,-1
7541,131,192,1,95,271,0,-1,-1,-1
7541,132,387,186,76,151,0,-1,-1,-1
7542,131,102,17,130,286,0,-1,-1,-1
7542,124,376,125,132,208,0,-1,-1,-1
7543,124,270,137,121,194,0,-1,-1,-1
7543,133,144,0,107,269,0,-1,-1,-1
7543,131,176,198,198,139,0,-1,-1,-1
7544,133,219,135,154,202,0,-1,-1,-1
7544,131,194,9,103,246,0,-1,-1,-1
7545,133,281,93,107,237,0,-1,-1,-1
7545,131,200,14,95,253,0,-1,-1,-1
7546,131,153,3,96,262,0,-1,-1,-1
7546,134,355,0,67,87,0,-1,-1,-1
7547,131,166,0,125,259,0,-1,-1,-1
7547,133,325,97,143,237,0,-1,-1,-1
7547,134,420,0,61,89,0,-1,-1,-1
7548,131,351,46,147,294,0,-1,-1,-1
7548,133,155,2,130,242,0,-1,-1,-1
7548,135,112,17,112,251,0,-1,-1,-1
7549,135,442,84,105,254,0,-1,-1,-1
7549,131,140,0,77,251,0,-1,-1,-1
7550,135,173,14,95,225,0,-1,-1,-1
7550,131,217,132,97,201,0,-1,-1,-1
7551,131,420,61,104,270,0,-1,-1,-1
7551,135,191,2,79,248,0,-1,-1,-1
7551,136,405,0,49,94,0,-1,-1,-1
7552,135,445,126,108,208,0,-1,-1,-1
7552,136,289,0,64,247,0,-1,-1,-1
7552,131,185,2,53,252,0,-1,-1,-1
7553,131,183,6,110,253,0,-1,-1,-1
7553,136,377,146,134,181,0,-1,-1,-1
7553,137,354,37,101,180,0,-1,-1,-1
7554,136,176,0,99,243,0,-1,-1,-1
7554,137,395,129,93,203,0,-1,-1,-1
7554,131,254,172,112,155,0,-1,-1,-1
7555,131,148,2,100,246,0,-1,-1,-1
7555,136,249,172,118,164,0,-1,-1,-1
7555,137,396,121,91,213,0,-1,-1,-1
7556,136,414,121,132,214,0,-1,-1,-1
7556,131,277,157,103,177,0,-1,-1,-1
7556,138,155,7,61,232,0,-1,-1,-1
7557,131,144,8,83,230,0,-1,-1,-1
7557,138,194,122,131,210,0,-1,-1,-1
7558,131,442,93,104,241,0,-1,-1,-1
7558,138,129,6,84,233,0,-1,-1,-1
7558,139,190,62,148,260,0,-1,-1,-1
7558,136,229,25,116,203,0,-1,-1,-1
7559,131,412,78,122,256,0,-1,-1,-1
7559,136,124,8,80,227,0,-1,-1,-1
7559,139,261,22,88,209,0,-1,-1,-1
7559,138,192,68,145,250,0,-1,-1,-1
7559,140,225,47,112,219,0,-1,-1,-1
7560,131,415,82,123,251,0,-1,-1,-1
7560,136,134,9,70,235,0,-1,-1,-1
7560,140,216,5,92,298,0,-1,-1,-1
7561,131,372,79,118,258,0,-1,-1,-1
7561,140,239,12,78,210,0,-1,-1,-1
7561,136,76,12,82,217,0,-1,-1,-1
7561,138,179,79,87,243,0,-1,-1,-1
7561,139,178,39,96,205,0,-1,-1,-1
7562,131,413,78,141,255,0,-1,-1,-1
7562,138,166,74,85,254,0,-1,-1,-1
7562,136,248,9,69,211,0,-1,-1,-1
7562,139,56,5,99,226,0,-1,-1,-1
7563,131,376,77,107,261,0,-1,-1,-1
7563,138,176,75,102,254,0,-1,-1,-1
7563,139,59,7,94,224,0,-1,-1,-1
7563,136,233,6,78,202,0,-1,-1,-1
7564,139,216,3,106,236,0,-1,-1,-1
7564,138,111,40,110,292,0,-1,-1,-1
7564,131,443,95,97,234,0,-1,-1,-1
7565,131,451,92,100,234,0,-1,-1,-1
7565,138,83,37,133,276,0,-1,-1,-1
7566,138,159,14,157,324,0,-1,-1,-1
7566,131,447,85,113,247,0,-1,-1,-1
7567,138,289,5,75,230,0,-1,-1,-1
7567,131,454,84,98,245,0,-1,-1,-1
7567,139,123,13,120,318,0,-1,-1,-1
7568,139,259,1,89,233,0,-1,-1,-1
7568,131,443,71,105,247,0,-1,-1,-1
7568,138,420,23,95,260,0,-1,-1,-1
7568,141,56,81,136,251,0,-1,-1,-1
7569,131,473,85,104,236,0,-1,-1,-1
7569,141,262,4,73,225,0,-1,-1,-1
7569,142,136,88,114,245,0,-1,-1,-1
7570,142,386,15,75,214,0,-1,-1,-1
7570,138,243,73,92,256,0,-1,-1,-1
7570,131,455,92,103,233,0,-1,-1,-1
7571,138,242,75,92,258,0,-1,-1,-1
7571,131,450,96,94,244,0,-1,-1,-1
7571,142,375,10,60,219,0,-1,-1,-1
7572,138,241,76,92,254,0,-1,-1,-1
7572,131,384,64,98,273,0,-1,-1,-1
7573,138,164,56,131,278,0,-1,-1,-1
7573,131,374,69,97,265,0,-1,-1,-1
7573,142,180,23,115,237,0,-1,-1,-1
7573,143,231,18,92,203,0,-1,-1,-1
7574,138,159,83,134,248,0,-1,-1,-1
7574,131,404,89,100,241,0,-1,-1,-1
7574,142,178,24,105,243,0,-1,-1,-1
7575,131,317,159,146,179,0,-1,-1,-1
7575,138,418,91,82,237,0,-1,-1,-1
7575,142,175,2,86,213,0,-1,-1,-1
7575,144,547,31,89,255,0,-1,-1,-1
7576,144,399,88,123,248,0,-1,-1,-1
7576,138,236,0,84,210,0,-1,-1,-1
7577,144,485,48,110,241,0,-1,-1,-1
7577,138,386,86,102,247,0,-1,-1,-1
7577,131,244,0,81,209,0,-1,-1,-1
7578,138,504,55,111,274,0,-1,-1,-1
7578,144,389,85,90,249,0,-1,-1,-1
7578,142,265,6,88,217,0,-1,-1,-1
7579,144,342,85,126,251,0,-1,-1,-1
7579,142,252,2,109,219,0,-1,-1,-1
7580,144,274,98,118,236,0,-1,-1,-1
7580,142,231,3,103,193,0,-1,-1,-1
7581,138,116,78,109,255,0,-1,-1,-1
7581,144,261,113,116,220,0,-1,-1,-1
7582,138,245,142,91,191,0,-1,-1,-1
7582,144,9,122,141,209,0,-1,-1,-1
7583,144,195,4,102,215,0,-1,-1,-1
7583,142,399,76,82,257,0,-1,-1,-1
7583,138,52,155,152,174,0,-1,-1,-1
7583,145,284,141,94,191,0,-1,-1,-1
7584,142,384,76,175,263,0,-1,-1,-1
7584,145,268,135,120,200,0,-1,-1,-1
7584,138,0,93,110,231,0,-1,-1,-1
7584,144,157,26,95,277,0,-1,-1,-1
7585,138,396,43,65,256,0,-1,-1,-1
7585,144,211,5,106,228,0,-1,-1,-1
7585,142,301,179,114,160,0,-1,-1,-1
7586,144,207,7,119,218,0,-1,-1,-1
7586,145,276,100,99,235,0,-1,-1,-1
7587,145,419,80,101,253,0,-1,-1,-1
7587,144,236,115,109,220,0,-1,-1,-1
7587,142,8,78,179,256,0,-1,-1,-1
7587,138,183,5,129,231,0,-1,-1,-1
7588,142,428,84,117,250,0,-1,-1,-1
7588,145,29,82,114,249,0,-1,-1,-1
7588,144,258,125,95,207,0,-1,-1,-1
7588,138,211,9,85,225,0,-1,-1,-1
7589,145,31,80,116,249,0,-1,-1,-1
7589,138,216,153,198,172,0,-1,-1,-1
7589,146,431,72,87,266,0,-1,-1,-1
7589,142,176,4,80,236,0,-1,-1,-1
7589,144,227,4,101,235,0,-1,-1,-1
7590,145,200,7,82,290,0,-1,-1,-1
7591,145,174,4,97,310,0,-1,-1,-1
7591,146,301,170,155,170,0,-1,-1,-1
7592,145,348,147,128,190,0,-1,-1,-1
7592,146,192,3,76,238,0,-1,-1,-1
7592,147,137,150,101,178,0,-1,-1,-1
7592,138,320,49,79,259,0,-1,-1,-1
7593,147,177,0,92,241,0,-1,-1,-1
7593,138,328,150,132,185,0,-1,-1,-1
7593,146,135,199,129,137,0,-1,-1,-1
7594,146,174,0,95,252,0,-1,-1,-1
7594,138,324,154,128,182,0,-1,-1,-1
7595,138,353,176,149,166,0,-1,-1,-1
7595,146,213,41,126,284,0,-1,-1,-1
7595,147,170,7,115,251,0,-1,-1,-1
7596,146,169,3,105,248,0,-1,-1,-1
7596,138,368,179,137,162,0,-1,-1,-1
7596,147,70,79,103,246,0,-1,-1,-1
7597,147,96,127,125,206,0,-1,-1,-1
7597,138,339,142,117,192,0,-1,-1,-1
7597,146,197,6,89,240,0,-1,-1,-1
7598,138,384,116,108,224,0,-1,-1,-1
7598,146,179,94,102,231,0,-1,-1,-1
7598,147,255,15,91,270,0,-1,-1,-1
7598,148,535,2,67,98,0,-1,-1,-1
7599,138,357,110,157,225,0,-1,-1,-1
7599,146,180,91,93,241,0,-1,-1,-1
7599,147,271,0,76,277,0,-1,-1,-1
7600,146,229,79,135,249,0,-1,-1,-1
7601,146,134,89,137,249,0,-1,-1,-1
7602,146,83,24,195,311,0,-1,-1,-1
7603,146,196,6,75,237,0,-1,-1,-1
7603,149,67,28,208,306,0,-1,-1,-1
7603,150,78,131,171,206,0,-1,-1,-1
7604,150,81,128,145,209,0,-1,-1,-1
7605,150,90,129,150,211,0,-1,-1,-1
7605,146,74,46,187,282,0,-1,-1,-1
7606,150,172,14,124,267,0,-1,-1,-1
7606,146,69,159,156,173,0,-1,-1,-1
7607,150,113,113,140,219,0,-1,-1,-1
7607,146,169,79,140,245,0,-1,-1,-1
7608,150,59,93,146,244,0,-1,-1,-1
7608,146,199,2,101,211,0,-1,-1,-1
7609,146,148,67,137,262,0,-1,-1,-1
7611,146,226,74,103,265,0,-1,-1,-1
7611,150,217,2,82,107,0,-1,-1,-1
7612,146,158,28,151,279,0,-1,-1,-1
7613,146,104,40,135,270,0,-1,-1,-1
7614,146,144,44,118,288,0,-1,-1,-1
7615,146,199,84,139,248,0,-1,-1,-1
7615,151,297,1,99,219,0,-1,-1,-1
7616,151,228,87,121,240,0,-1,-1,-1
7617,151,285,54,115,274,0,-1,-1,-1
7617,146,238,61,102,269,0,-1,-1,-1
7617,152,303,15,92,251,0,-1,-1,-1
7618,146,181,124,155,209,0,-1,-1,-1
7619,152,174,123,89,215,0,-1,-1,-1
7619,151,257,8,79,263,0,-1,-1,-1
7620,152,354,56,86,267,0,-1,-1,-1
7621,153,305,100,119,231,0,-1,-1,-1
7621,152,251,10,60,231,0,-1,-1,-1
7621,151,495,135,139,165,0,-1,-1,-1
7622,152,192,4,92,254,0,-1,-1,-1
7622,153,309,132,137,198,0,-1,-1,-1
7623,153,106,184,183,149,0,-1,-1,-1
7623,151,288,91,82,243,0,-1,-1,-1
7623,152,156,17,86,230,0,-1,-1,-1
7624,152,39,134,140,198,0,-1,-1,-1
7624,153,136,83,142,249,0,-1,-1,-1
7624,151,225,5,90,188,0,-1,-1,-1
7625,152,130,125,192,182,0,-1,-1,-1
7625,151,232,2,93,175,0,-1,-1,-1
7626,152,256,48,90,282,0,-1,-1,-1
7626,151,98,130,172,204,0,-1,-1,-1
7627,152,288,75,96,261,0,-1,-1,-1
7627,151,216,12,93,232,0,-1,-1,-1
7627,153,232,80,127,252,0,-1,-1,-1
7628,153,353,113,99,225,0,-1,-1,-1
7628,151,247,161,122,172,0,-1,-1,-1
7628,154,161,12,83,283,0,-1,-1,-1
7628,155,483,0,65,96,0,-1,-1,-1
7629,154,215,8,117,236,0,-1,-1,-1
7629,156,329,90,158,243,0,-1,-1,-1
7629,153,427,89,102,232,0,-1,-1,-1
7630,156,205,10,80,292,0,-1,-1,-1
7630,154,396,124,122,203,0,-1,-1,-1
7631,154,352,127,103,210,0,-1,-1,-1
7631,156,131,12,120,321,0,-1,-1,-1
7632,156,323,29,101,259,0,-1,-1,-1
7632,157,13,119,115,217,0,-1,-1,-1
7632,158,186,27,74,302,0,-1,-1,-1
7633,157,284,96,119,237,0,-1,-1,-1
7634,157,373,56,93,284,0,-1,-1,-1
7637,157,392,64,115,277,0,-1,-1,-1
7638,157,413,162,176,179,0,-1,-1,-1
7639,157,408,108,102,227,0,-1,-1,-1
7640,159,297,113,121,224,0,-1,-1,-1
7641,159,270,83,153,248,0,-1,-1,-1
7641,157,381,29,91,225,0,-1,-1,-1
7642,157,305,44,64,238,0,-1,-1,-1
7643,160,322,54,76,211,0,-1,-1,-1
7643,157,385,87,130,251,0,-1,-1,-1
7643,161,500,17,100,250,0,-1,-1,-1
7644,161,322,32,99,276,0,-1,-1,-1
7644,162,478,34,112,308,0,-1,-1,-1
7646,162,357,13,145,334,0,-1,-1,-1
7647,162,408,43,163,297,0,-1,-1,-1
7648,162,340,43,110,288,0,-1,-1,-1
7648,163,534,3,102,246,0,-1,-1,-1
7649,162,278,45,124,292,0,-1,-1,-1
7649,163,370,11,80,201,0,-1,-1,-1
7649,164,551,0,87,239,0,-1,-1,-1
7649,165,361,206,128,136,0,-1,-1,-1
7650,163,385,39,106,289,0,-1,-1,-1
7650,162,282,49,88,286,0,-1,-1,-1
7651,163,371,25,90,260,0,-1,-1,-1
7651,162,279,53,103,287,0,-1,-1,-1
7652,163,377,15,80,275,0,-1,-1,-1
7653,163,378,19,80,273,0,-1,-1,-1
7654,163,507,9,80,259,0,-1,-1,-1
7655,166,361,11,63,225,0,-1,-1,-1
7656,166,489,24,141,259,0,-1,-1,-1
7657,166,369,51,79,288,0,-1,-1,-1
7658,166,377,64,76,276,0,-1,-1,-1
7659,166,372,61,84,280,0,-1,-1,-1
7660,166,377,68,72,269,0,-1,-1,-1
7661,166,487,54,102,247,0,-1,-1,-1
7666,167,423,79,111,261,0,-1,-1,-1
7669,167,419,111,211,205,0,-1,-1,-1
7679,168,473,107,108,205,0,-1,-1,-1
7682,168,502,81,87,219,0,-1,-1,-1
7688,169,164,0,51,261,0,-1,-1,-1
7689,169,168,2,79,243,0,-1,-1,-1
7690,169,292,10,82,310,0,-1,-1,-1
7693,169,383,19,103,315,0,-1,-1,-1
7693,170,238,174,102,161,0,-1,-1,-1
7694,169,159,27,129,301,0,-1,-1,-1
7694,170,415,25,93,303,0,-1,-1,-1
7695,170,239,42,169,296,0,-1,-1,-1
7695,169,160,38,109,290,0,-1,-1,-1
7696,169,225,33,113,292,0,-1,-1,-1
7697,169,206,48,85,270,0,-1,-1,-1
7698,169,40,153,279,177,0,-1,-1,-1
7699,169,227,3,90,252,0,-1,-1,-1
7700,169,217,53,152,281,0,-1,-1,-1
7701,169,157,11,125,325,0,-1,-1,-1
7702,169,162,35,200,299,0,-1,-1,-1
7702,171,193,3,102,120,0,-1,-1,-1
7703,169,178,13,76,253,0,-1,-1,-1
7704,169,86,94,190,237,0,-1,-1,-1
7704,171,97,0,101,284,0,-1,-1,-1
7704,172,262,13,85,224,0,-1,-1,-1
7704,173,294,5,65,234,0,-1,-1,-1
7705,169,239,29,174,298,0,-1,-1,-1
7705,171,211,130,159,206,0,-1,-1,-1
7706,171,295,128,117,207,0,-1,-1,-1
7706,173,315,7,83,243,0,-1,-1,-1
7707,173,268,105,155,221,0,-1,-1,-1
7707,171,305,12,99,183,0,-1,-1,-1
7708,171,356,121,93,215,0,-1,-1,-1
7708,173,289,109,93,220,0,-1,-1,-1
7708,169,303,7,86,260,0,-1,-1,-1
7709,171,151,47,139,285,0,-1,-1,-1
7709,169,263,17,70,225,0,-1,-1,-1
7710,171,359,116,97,194,0,-1,-1,-1
7711,171,247,6,96,267,0,-1,-1,-1
7711,169,390,101,153,232,0,-1,-1,-1
7712,171,229,21,109,225,0,-1,-1,-1
7712,169,401,138,237,203,0,-1,-1,-1
7713,169,273,136,112,201,0,-1,-1,-1
7713,171,215,83,133,243,0,-1,-1,-1
7714,171,190,109,170,227,0,-1,-1,-1
7715,171,240,5,115,221,0,-1,-1,-1
7716,171,165,79,130,243,0,-1,-1,-1
7717,171,277,100,111,238,0,-1,-1,-1
7717,174,165,9,111,255,0,-1,-1,-1
7718,174,177,17,101,249,0,-1,-1,-1
7719,171,317,137,174,201,0,-1,-1,-1
7720,171,391,128,137,210,0,-1,-1,-1
7721,171,224,19,95,282,0,-1,-1,-1
7721,174,394,117,178,223,0,-1,-1,-1
7722,174,132,50,102,288,0,-1,-1,-1
7723,174,299,24,72,267,0,-1,-1,-1
7723,171,169,22,96,271,0,-1,-1,-1
7723,175,175,166,172,167,0,-1,-1,-1
7723,176,485,107,155,181,0,-1,-1,-1
7724,175,386,59,109,278,0,-1,-1,-1
7725,175,355,12,81,236,0,-1,-1,-1
7725,176,179,10,87,286,0,-1,-1,-1
7726,176,349,34,97,299,0,-1,-1,-1
7726,175,176,25,121,271,0,-1,-1,-1
7727,175,340,80,182,261,0,-1,-1,-1
7727,176,102,55,115,283,0,-1,-1,-1
7728,175,265,45,138,285,0,-1,-1,-1
7728,176,409,37,84,275,0,-1,-1,-1
7728,177,256,19,95,290,0,-1,-1,-1
7728,178,486,163,123,155,0,-1,-1,-1
7729,176,350,77,118,255,0,-1,-1,-1
7729,177,470,43,135,289,0,-1,-1,-1
7730,177,475,96,111,245,0,-1,-1,-1
7730,176,407,67,89,267,0,-1,-1,-1
7731,176,417,86,105,253,0,-1,-1,-1
7732,176,440,46,123,293,0,-1,-1,-1
7732,177,570,13,68,228,0,-1,-1,-1
7733,177,483,79,131,236,0,-1,-1,-1
7733,176,384,56,117,281,0,-1,-1,-1
7734,177,484,58,129,279,0,-1,-1,-1
7754,179,490,0,75,85,0,-1,-1,-1
7754,180,425,0,70,86,0,-1,-1,-1
7767,181,504,0,81,202,0,-1,-1,-1
7768,182,220,162,152,177,0,-1,-1,-1
7768,181,407,32,111,304,0,-1,-1,-1
7768,183,531,49,107,243,0,-1,-1,-1
7769,181,324,72,163,265,0,-1,-1,-1
7769,182,470,119,121,169,0,-1,-1,-1
7770,181,346,105,157,226,0,-1,-1,-1
7770,182,478,124,119,174,0,-1,-1,-1
7771,181,342,106,161,229,0,-1,-1,-1
7771,182,465,114,123,224,0,-1,-1,-1
7772,181,343,107,166,225,0,-1,-1,-1
7772,182,475,116,113,214,0,-1,-1,-1
7773,182,348,101,154,232,0,-1,-1,-1
7773,181,475,113,118,188,0,-1,-1,-1
7774,182,492,121,119,160,0,-1,-1,-1
7774,181,385,109,141,228,0,-1,-1,-1
7775,181,218,103,115,227,0,-1,-1,-1
7775,182,395,100,130,234,0,-1,-1,-1
7776,182,235,98,103,236,0,-1,-1,-1
7777,182,308,119,121,212,0,-1,-1,-1
7778,182,302,120,120,212,0,-1,-1,-1
7779,182,338,130,134,204,0,-1,-1,-1
7780,182,380,142,123,191,0,-1,-1,-1
7781,182,389,170,135,170,0,-1,-1,-1
7782,182,398,155,133,180,0,-1,-1,-1
7783,182,397,153,138,181,0,-1,-1,-1
7784,182,404,157,113,181,0,-1,-1,-1
7786,184,398,122,179,215,0,-1,-1,-1
7788,185,450,160,146,175,0,-1,-1,-1
7799,186,534,0,67,99,0,-1,-1,-1
7823,187,481,2,74,127,0,-1,-1,-1
7824,188,147,178,151,157,0,-1,-1,-1
7824,189,405,50,128,291,0,-1,-1,-1
7824,190,265,90,126,238,0,-1,-1,-1
7825,191,336,16,129,320,0,-1,-1,-1
7841,192,487,0,85,112,0,-1,-1,-1
7842,192,424,2,61,118,0,-1,-1,-1
7843,192,504,0,97,118,0,-1,-1,-1
7844,192,472,0,74,117,0,-1,-1,-1
7873,193,342,0,70,145,0,-1,-1,-1
7879,194,231,0,33,63,0,-1,-1,-1
7879,195,272,0,40,60,0,-1,-1,-1
7880,194,243,0,68,164,0,-1,-1,-1
7880,196,176,5,74,170,0,-1,-1,-1
7881,197,109,36,99,278,0,-1,-1,-1
7881,196,202,4,95,216,0,-1,-1,-1
7882,196,193,3,104,217,0,-1,-1,-1
7884,196,210,202,161,135,0,-1,-1,-1
7885,196,44,119,173,215,0,-1,-1,-1
7885,198,301,114,117,219,0,-1,-1,-1
7886,196,185,48,95,276,0,-1,-1,-1
7886,198,340,36,97,284,0,-1,-1,-1
7908,199,297,0,52,117,0,-1,-1,-1
7909,199,435,13,80,229,0,-1,-1,-1
7928,200,457,71,125,267,0,-1,-1,-1
7930,200,222,0,58,88,0,-1,-1,-1
8028,201,292,0,65,101,0,-1,-1,-1
8029,202,161,7,83,261,0,-1,-1,-1
8030,202,173,148,118,183,0,-1,-1,-1
8030,201,331,58,117,274,0,-1,-1,-1
8031,202,333,58,128,276,0,-1,-1,-1
8031,201,153,149,133,187,0,-1,-1,-1
8032,202,310,65,130,271,0,-1,-1,-1
8033,202,421,79,152,257,0,-1,-1,-1
8036,203,477,2,86,102,0,-1,-1,-1
8046,204,393,22,98,308,0,-1,-1,-1
8069,205,402,1,105,88,0,-1,-1,-1
8100,206,300,0,38,56,0,-1,-1,-1
8101,206,359,0,70,102,0,-1,-1,-1
8199,207,513,0,84,92,0,-1,-1,-1
8215,208,481,2,73,115,0,-1,-1,-1
8215,209,352,0,63,145,0,-1,-1,-1
8221,210,539,1,88,106,0,-1,-1,-1
8285,211,451,0,60,108,0,-1,-1,-1
8285,212,408,0,44,105,0,-1,-1,-1
8330,213,465,0,86,101,0,-1,-1,-1
8361,214,79,50,117,266,0,-1,-1,-1
8384,215,267,0,59,117,0,-1,-1,-1
8397,216,487,40,92,241,0,-1,-1,-1
8397,217,311,32,85,293,0,-1,-1,-1
8400,216,416,42,92,248,0,-1,-1,-1
8401,216,160,63,109,250,0,-1,-1,-1
8401,218,382,0,74,157,0,-1,-1,-1
8402,218,360,118,139,215,0,-1,-1,-1
8403,218,347,52,103,275,0,-1,-1,-1
8403,219,438,168,131,164,0,-1,-1,-1
8403,216,173,55,74,244,0,-1,-1,-1
8404,218,387,40,93,285,0,-1,-1,-1
8404,216,201,140,107,191,0,-1,-1,-1
8405,216,86,194,197,143,0,-1,-1,-1
8405,218,492,85,131,251,0,-1,-1,-1
8417,220,474,129,132,204,0,-1,-1,-1
8420,220,519,0,87,88,0,-1,-1,-1
8425,221,225,135,80,196,0,-1,-1,-1
8426,222,381,117,98,220,0,-1,-1,-1
8426,223,146,0,73,145,0,-1,-1,-1
8426,224,272,170,123,167,0,-1,-1,-1
8427,225,347,88,145,247,0,-1,-1,-1
8428,225,375,61,98,277,0,-1,-1,-1
8428,222,270,105,106,226,0,-1,-1,-1
8428,223,538,117,100,219,0,-1,-1,-1
8429,225,294,134,147,204,0,-1,-1,-1
8429,222,462,89,111,237,0,-1,-1,-1
8430,222,256,104,84,226,0,-1,-1,-1
8430,225,379,111,133,229,0,-1,-1,-1
8430,223,126,175,137,160,0,-1,-1,-1
8431,225,233,53,164,281,0,-1,-1,-1
8431,222,479,74,141,234,0,-1,-1,-1
8432,222,305,69,89,255,0,-1,-1,-1
8432,223,445,86,140,235,0,-1,-1,-1
8433,222,420,71,121,260,0,-1,-1,-1
8433,226,121,125,110,207,0,-1,-1,-1
8434,222,488,14,102,260,0,-1,-1,-1
8434,225,352,74,117,259,0,-1,-1,-1
8434,226,291,102,154,232,0,-1,-1,-1
8435,222,373,30,98,232,0,-1,-1,-1
8435,226,156,52,69,223,0,-1,-1,-1
8436,222,402,106,163,170,0,-1,-1,-1
8436,226,112,130,131,139,0,-1,-1,-1
8437,226,235,163,123,174,0,-1,-1,-1
8437,227,134,51,110,224,0,-1,-1,-1
8437,228,449,15,78,252,0,-1,-1,-1
8438,229,204,126,119,202,0,-1,-1,-1
8438,228,409,119,175,217,0,-1,-1,-1
8438,227,3,120,126,207,0,-1,-1,-1
8439,229,385,61,132,272,0,-1,-1,-1
8439,228,147,87,194,253,0,-1,-1,-1
8439,227,25,135,129,197,0,-1,-1,-1
8440,229,377,51,96,271,0,-1,-1,-1
8440,228,188,57,90,283,0,-1,-1,-1
8441,228,180,60,96,277,0,-1,-1,-1
8441,229,391,28,98,282,0,-1,-1,-1
8441,227,3,93,100,226,0,-1,-1,-1
8442,228,276,50,108,256,0,-1,-1,-1
8442,227,85,107,104,227,0,-1,-1,-1
8442,229,460,16,91,246,0,-1,-1,-1
8443,228,420,23,122,245,0,-1,-1,-1
8443,229,255,60,105,227,0,-1,-1,-1
8443,230,79,125,143,207,0,-1,-1,-1
8444,228,422,14,96,265,0,-1,-1,-1
8444,230,251,41,120,248,0,-1,-1,-1
8444,227,65,100,150,228,0,-1,-1,-1
8445,231,44,79,96,254,0,-1,-1,-1
8445,227,448,45,87,267,0,-1,-1,-1
8446,227,202,134,120,197,0,-1,-1,-1
8446,231,439,56,165,263,0,-1,-1,-1
8447,227,45,139,193,189,0,-1,-1,-1
8447,230,255,192,221,146,0,-1,-1,-1
8447,231,454,46,135,285,0,-1,-1,-1
8448,232,286,70,143,254,0,-1,-1,-1
8449,230,242,171,241,163,0,-1,-1,-1
8449,232,246,57,225,236,0,-1,-1,-1
8450,231,329,66,139,244,0,-1,-1,-1
8450,232,154,147,176,183,0,-1,-1,-1
8451,232,169,121,112,215,0,-1,-1,-1
8451,231,476,98,135,190,0,-1,-1,-1
8452,231,146,143,141,189,0,-1,-1,-1
8452,232,403,157,149,180,0,-1,-1,-1
8453,231,360,54,137,281,0,-1,-1,-1
8453,232,235,131,114,205,0,-1,-1,-1
8454,231,408,101,131,235,0,-1,-1,-1
8454,233,68,127,112,209,0,-1,-1,-1
8454,234,191,150,142,185,0,-1,-1,-1
8457,231,420,165,125,169,0,-1,-1,-1
8457,233,239,165,105,174,0,-1,-1,-1
8458,235,405,130,154,207,0,-1,-1,-1
8458,236,324,95,108,242,0,-1,-1,-1
8458,231,246,166,87,168,0,-1,-1,-1
8459,237,237,181,117,153,0,-1,-1,-1
8460,237,297,135,114,200,0,-1,-1,-1
8460,235,358,124,103,213,0,-1,-1,-1
8465,238,304,118,147,214,0,-1,-1,-1
8466,238,316,106,104,227,0,-1,-1,-1
8466,239,504,29,115,267,0,-1,-1,-1
8467,238,347,97,99,231,0,-1,-1,-1
8467,239,493,36,121,275,0,-1,-1,-1
8468,238,361,83,99,251,0,-1,-1,-1
8468,239,509,42,104,250,0,-1,-1,-1
8469,238,377,114,108,223,0,-1,-1,-1
8469,239,507,34,104,258,0,-1,-1,-1
8470,239,281,98,148,235,0,-1,-1,-1
8471,238,328,86,82,245,0,-1,-1,-1
8471,239,447,44,91,291,0,-1,-1,-1
8472,238,326,87,87,248,0,-1,-1,-1
8472,239,462,41,120,292,0,-1,-1,-1
8473,239,439,36,86,274,0,-1,-1,-1
8473,238,326,87,91,247,0,-1,-1,-1
8474,238,317,94,119,239,0,-1,-1,-1
8474,240,453,49,88,267,0,-1,-1,-1
8475,240,476,29,83,264,0,-1,-1,-1
8475,238,324,90,95,242,0,-1,-1,-1
8476,240,474,30,93,266,0,-1,-1,-1
8476,238,324,90,96,245,0,-1,-1,-1
8478,240,431,33,111,289,0,-1,-1,-1
8478,238,315,100,96,220,0,-1,-1,-1
8478,241,326,181,132,158,0,-1,-1,-1
8481,241,387,67,83,272,0,-1,-1,-1
8486,242,365,131,91,208,0,-1,-1,-1
8487,242,353,100,105,235,0,-1,-1,-1
8488,242,368,125,86,210,0,-1,-1,-1
8489,243,391,65,140,271,0,-1,-1,-1
8490,243,371,79,173,251,0,-1,-1,-1
8491,243,341,85,145,240,0,-1,-1,-1
8492,243,344,134,114,195,0,-1,-1,-1
8492,244,323,50,82,268,0,-1,-1,-1
8493,245,246,109,96,227,0,-1,-1,-1
8493,243,361,47,83,273,0,-1,-1,-1
8493,246,267,0,35,63,0,-1,-1,-1
8493,244,307,0,33,64,0,-1,-1,-1
8494,243,359,47,78,278,0,-1,-1,-1
8494,245,149,83,89,247,0,-1,-1,-1
8495,243,361,49,86,280,0,-1,-1,-1
8496,243,339,56,126,265,0,-1,-1,-1
8498,247,449,107,147,220,0,-1,-1,-1
8499,248,498,61,100,258,0,-1,-1,-1
8499,249,340,169,127,167,0,-1,-1,-1
8500,248,476,72,104,272,0,-1,-1,-1
8501,249,493,76,113,239,0,-1,-1,-1
8502,249,289,131,157,200,0,-1,-1,-1
8502,250,488,45,97,289,0,-1,-1,-1
8504,249,441,41,86,284,0,-1,-1,-1
8504,250,263,127,105,207,0,-1,-1,-1
8505,249,253,128,155,206,0,-1,-1,-1
8505,251,417,16,100,318,0,-1,-1,-1
8506,249,305,98,201,235,0,-1,-1,-1
8506,251,443,28,94,260,0,-1,-1,-1
8508,251,471,19,83,277,0,-1,-1,-1
8509,249,273,121,152,213,0,-1,-1,-1
8510,249,253,122,145,211,0,-1,-1,-1
8510,252,499,55,93,243,0,-1,-1,-1
8511,252,297,110,88,224,0,-1,-1,-1
8511,249,408,191,138,141,0,-1,-1,-1
8512,249,300,101,93,238,0,-1,-1,-1
8512,252,439,42,111,277,0,-1,-1,-1
8513,252,406,139,120,195,0,-1,-1,-1
8513,253,330,90,87,243,0,-1,-1,-1
8513,249,530,37,107,257,0,-1,-1,-1
8514,249,406,145,118,191,0,-1,-1,-1
8514,253,325,86,71,237,0,-1,-1,-1
8514,252,537,36,99,265,0,-1,-1,-1
8515,252,398,142,123,196,0,-1,-1,-1
8515,253,358,93,78,231,0,-1,-1,-1
8515,254,373,108,91,219,0,-1,-1,-1
8515,249,534,42,103,254,0,-1,-1,-1
8516,253,273,109,114,225,0,-1,-1,-1
8516,249,405,128,134,208,0,-1,-1,-1
8517,253,278,103,111,230,0,-1,-1,-1
8517,249,420,145,111,199,0,-1,-1,-1
8518,249,416,144,117,198,0,-1,-1,-1
8519,249,416,149,123,193,0,-1,-1,-1
8519,253,355,89,86,239,0,-1,-1,-1
8519,255,550,34,85,260,0,-1,-1,-1
8520,255,418,147,121,196,0,-1,-1,-1
8520,253,223,97,94,240,0,-1,-1,-1
8520,256,419,0,80,88,0,-1,-1,-1
8521,253,418,146,116,196,0,-1,-1,-1
8521,257,216,108,98,221,0,-1,-1,-1
8522,257,240,102,122,228,0,-1,-1,-1
8522,253,416,144,124,199,0,-1,-1,-1
8522,258,527,62,111,222,0,-1,-1,-1
8523,257,300,55,107,286,0,-1,-1,-1
8523,253,421,145,109,196,0,-1,-1,-1
8523,259,542,47,91,265,0,-1,-1,-1
8524,259,423,147,109,196,0,-1,-1,-1
8524,258,315,50,116,285,0,-1,-1,-1
8525,258,244,71,73,256,0,-1,-1,-1
8525,257,451,79,77,246,0,-1,-1,-1
8525,260,335,68,93,257,0,-1,-1,-1
8526,260,369,110,120,228,0,-1,-1,-1
8527,260,95,75,125,262,0,-1,-1,-1
8527,261,371,164,118,174,0,-1,-1,-1
8527,258,297,13,64,243,0,-1,-1,-1
8528,260,51,83,113,252,0,-1,-1,-1
8528,258,378,145,118,193,0,-1,-1,-1
8529,260,415,46,116,283,0,-1,-1,-1
8529,258,285,21,83,257,0,-1,-1,-1
8529,262,150,73,98,259,0,-1,-1,-1
8530,258,187,151,108,181,0,-1,-1,-1
8531,263,248,62,97,250,0,-1,-1,-1
8531,260,391,78,91,259,0,-1,-1,-1
8532,260,115,145,127,187,0,-1,-1,-1
8532,263,256,71,96,215,0,-1,-1,-1
8533,260,407,72,102,265,0,-1,-1,-1
8533,258,82,78,126,253,0,-1,-1,-1
8533,263,246,8,36,121,0,-1,-1,-1
8533,264,273,32,87,285,0,-1,-1,-1
8534,258,366,99,162,231,0,-1,-1,-1
8534,264,182,61,113,260,0,-1,-1,-1
8534,265,87,3,73,142,0,-1,-1,-1
8535,264,262,78,92,262,0,-1,-1,-1
8536,264,30,86,128,238,0,-1,-1,-1
8536,265,299,12,73,234,0,-1,-1,-1
8536,260,373,94,167,244,0,-1,-1,-1
8537,265,383,134,122,193,0,-1,-1,-1
8537,266,323,67,64,160,0,-1,-1,-1
8537,267,62,131,118,188,0,-1,-1,-1
8538,264,124,36,105,267,0,-1,-1,-1
8538,265,341,91,113,243,0,-1,-1,-1
8539,265,305,70,109,251,0,-1,-1,-1
8539,268,87,1,77,147,0,-1,-1,-1
8540,268,74,132,153,197,0,-1,-1,-1
8540,267,113,85,124,201,0,-1,-1,-1
8540,265,272,45,73,211,0,-1,-1,-1
8541,268,75,34,126,292,0,-1,-1,-1
8541,267,284,27,64,246,0,-1,-1,-1
8542,267,253,27,87,219,0,-1,-1,-1
8542,268,37,14,124,262,0,-1,-1,-1
8543,267,117,207,169,129,0,-1,-1,-1
8543,268,70,7,105,233,0,-1,-1,-1
8544,269,47,18,113,239,0,-1,-1,-1
8544,270,235,33,70,206,0,-1,-1,-1
8545,270,234,21,81,230,0,-1,-1,-1
8545,269,27,12,119,290,0,-1,-1,-1
8546,270,256,35,70,255,0,-1,-1,-1
8546,271,150,35,69,243,0,-1,-1,-1
8546,269,52,1,72,149,0,-1,-1,-1
8547,269,152,34,76,243,0,-1,-1,-1
8547,271,293,38,78,277,0,-1,-1,-1
8548,269,85,27,134,246,0,-1,-1,-1
8548,270,493,85,115,243,0,-1,-1,-1
8549,270,238,73,103,260,0,-1,-1,-1
8549,271,363,90,89,245,0,-1,-1,-1
8550,272,512,85,99,235,0,-1,-1,-1
8550,270,237,45,76,293,0,-1,-1,-1
8551,270,230,64,104,272,0,-1,-1,-1
8551,272,435,69,142,257,0,-1,-1,-1
8552,270,242,47,75,249,0,-1,-1,-1
8552,272,422,74,79,259,0,-1,-1,-1
8553,272,382,59,123,280,0,-1,-1,-1
8553,270,256,29,58,252,0,-1,-1,-1
8554,272,219,112,119,215,0,-1,-1,-1
8554,270,361,84,116,246,0,-1,-1,-1
8555,272,352,100,166,235,0,-1,-1,-1
8556,270,552,6,83,278,0,-1,-1,-1
8557,270,288,19,83,245,0,-1,-1,-1
8557,273,12,14,113,240,0,-1,-1,-1
8558,273,38,36,101,293,0,-1,-1,-1
8558,270,125,61,109,270,0,-1,-1,-1
8558,274,1,41,57,250,0,-1,-1,-1
8559,270,115,85,115,245,0,-1,-1,-1
8559,274,23,52,117,273,0,-1,-1,-1
8560,270,198,35,79,238,0,-1,-1,-1
8560,274,116,44,107,241,0,-1,-1,-1
8561,274,162,35,86,244,0,-1,-1,-1
8561,275,17,19,121,289,0,-1,-1,-1
8562,275,183,38,75,236,0,-1,-1,-1
8562,274,101,24,109,275,0,-1,-1,-1
8562,276,42,17,88,285,0,-1,-1,-1
8563,276,299,5,102,192,0,-1,-1,-1
8563,274,441,45,87,251,0,-1,-1,-1
8563,277,0,31,90,220,0,-1,-1,-1
8563,278,470,112,161,199,0,-1,-1,-1
8564,278,182,13,73,228,0,-1,-1,-1
8564,277,308,3,68,227,0,-1,-1,-1
8565,274,485,6,81,225,0,-1,-1,-1
8569,279,398,175,123,168,0,-1,-1,-1
8569,280,495,0,53,94,0,-1,-1,-1
8570,280,336,164,150,175,0,-1,-1,-1
8570,281,468,0,33,60,0,-1,-1,-1
8570,282,530,0,70,102,0,-1,-1,-1
8570,283,408,3,37,57,0,-1,-1,-1
8571,283,413,46,92,282,0,-1,-1,-1
8574,283,343,2,39,66,0,-1,-1,-1
8576,284,344,0,34,63,0,-1,-1,-1
8580,285,326,0,37,69,0,-1,-1,-1
8581,285,330,2,37,63,0,-1,-1,-1
8587,286,219,0,59,90,0,-1,-1,-1
8587,287,345,0,56,88,0,-1,-1,-1
8588,287,534,0,61,95,0,-1,-1,-1
8589,287,256,0,57,90,0,-1,-1,-1
8589,288,337,0,52,90,0,-1,-1,-1
8590,287,514,0,82,113,0,-1,-1,-1
8591,287,383,0,52,95,0,-1,-1,-1
8593,287,320,0,53,96,0,-1,-1,-1
8593,289,221,0,52,96,0,-1,-1,-1
8594,289,182,3,62,116,0,-1,-1,-1
8594,287,289,0,60,94,0,-1,-1,-1
8595,287,305,0,45,93,0,-1,-1,-1
8595,289,184,3,52,96,0,-1,-1,-1
8596,287,189,0,72,95,0,-1,-1,-1
8596,289,293,0,56,95,0,-1,-1,-1
8600,290,265,8,55,139,0,-1,-1,-1
8602,290,304,0,55,155,0,-1,-1,-1
8603,290,289,0,71,140,0,-1,-1,-1
8604,290,299,0,58,140,0,-1,-1,-1
8605,290,301,2,57,138,0,-1,-1,-1
8606,290,246,14,31,63,0,-1,-1,-1
8606,291,345,0,79,139,0,-1,-1,-1
8607,291,355,0,69,127,0,-1,-1,-1
8607,290,243,17,30,65,0,-1,-1,-1
8608,291,350,0,67,137,0,-1,-1,-1
8608,290,246,0,72,99,0,-1,-1,-1
8609,291,352,0,74,129,0,-1,-1,-1
8610,292,250,15,24,63,0,-1,-1,-1
8611,291,359,1,73,127,0,-1,-1,-1
8612,291,239,16,28,72,0,-1,-1,-1
8612,293,406,1,44,118,0,-1,-1,-1
8613,291,278,0,71,117,0,-1,-1,-1
8613,294,356,6,61,118,0,-1,-1,-1
8614,291,263,0,55,112,0,-1,-1,-1
8615,291,263,0,57,112,0,-1,-1,-1
8616,291,379,2,65,127,0,-1,-1,-1
8617,291,299,3,49,138,0,-1,-1,-1
8619,295,325,7,56,148,0,-1,-1,-1
8620,295,277,2,75,155,0,-1,-1,-1
8622,296,290,0,50,105,0,-1,-1,-1
8623,296,310,0,75,117,0,-1,-1,-1
8624,297,323,0,67,95,0,-1,-1,-1
8625,297,470,0,52,90,0,-1,-1,-1
8626,297,318,0,65,147,0,-1,-1,-1
8626,298,442,0,47,105,0,-1,-1,-1
8629,298,350,11,74,149,0,-1,-1,-1
8629,297,446,4,44,111,0,-1,-1,-1
8630,297,326,4,76,166,0,-1,-1,-1
8632,297,485,0,57,104,0,-1,-1,-1
8633,299,257,0,68,149,0,-1,-1,-1
8634,299,265,0,66,150,0,-1,-1,-1
8636,299,236,0,81,183,0,-1,-1,-1
8638,300,507,1,56,127,0,-1,-1,-1
8640,301,232,0,80,205,0,-1,-1,-1
8643,301,227,2,90,217,0,-1,-1,-1
8646,301,254,0,74,196,0,-1,-1,-1
8647,302,257,1,93,202,0,-1,-1,-1
8648,302,257,1,70,198,0,-1,-1,-1
8649,302,267,0,86,195,0,-1,-1,-1
8652,302,310,0,74,169,0,-1,-1,-1
8655,303,309,0,55,98,0,-1,-1,-1
8655,302,196,2,106,160,0,-1,-1,-1
8656,303,287,0,53,102,0,-1,-1,-1
8658,303,248,0,79,207,0,-1,-1,-1
8659,303,287,0,77,153,0,-1,-1,-1
8662,303,305,7,67,239,0,-1,-1,-1
8664,304,285,8,91,207,0,-1,-1,-1
8665,303,255,0,109,178,0,-1,-1,-1
8668,303,255,16,73,167,0,-1,-1,-1
8669,303,253,2,81,176,0,-1,-1,-1
8672,303,259,0,88,180,0,-1,-1,-1
8674,303,264,0,87,185,0,-1,-1,-1
8675,303,276,0,78,190,0,-1,-1,-1
8676,305,254,1,92,200,0,-1,-1,-1
8678,305,279,2,121,151,0,-1,-1,-1
8680,306,280,1,66,146,0,-1,-1,-1
8681,306,189,4,103,135,0,-1,-1,-1
8682,306,225,4,64,139,0,-1,-1,-1
8683,307,286,1,56,109,0,-1,-1,-1
8688,308,266,18,77,197,0,-1,-1,-1
8691,308,304,11,99,194,0,-1,-1,-1
8692,308,279,0,119,200,0,-1,-1,-1
8695,308,258,0,79,197,0,-1,-1,-1
8697,308,285,0,104,189,0,-1,-1,-1
8698,308,300,0,53,105,0,-1,-1,-1
8698,309,328,3,63,142,0,-1,-1,-1
8700,310,239,6,103,192,0,-1,-1,-1
8703,311,389,4,65,148,0,-1,-1,-1
8703,312,466,0,51,96,0,-1,-1,-1
8703,313,318,0,57,119,0,-1,-1,-1
8705,313,329,3,49,120,0,-1,-1,-1
8705,312,398,3,69,159,0,-1,-1,-1
8706,311,444,0,76,157,0,-1,-1,-1
8706,313,328,3,47,121,0,-1,-1,-1
8707,311,357,0,62,148,0,-1,-1,-1
8708,313,328,2,48,129,0,-1,-1,-1
8709,313,327,0,55,120,0,-1,-1,-1
8710,313,252,0,81,122,0,-1,-1,-1
8711,313,276,0,45,130,0,-1,-1,-1
8712,313,273,0,49,128,0,-1,-1,-1
8713,313,276,0,43,132,0,-1,-1,-1
8714,314,316,3,55,148,0,-1,-1,-1
8715,314,318,2,67,150,0,-1,-1,-1
8715,315,457,5,58,127,0,-1,-1,-1
8715,316,411,0,41,98,0,-1,-1,-1
8715,313,275,0,47,131,0,-1,-1,-1
8716,316,320,4,63,149,0,-1,-1,-1
8716,315,463,9,51,127,0,-1,-1,-1
8716,317,411,0,42,98,0,-1,-1,-1
8716,313,256,0,51,133,0,-1,-1,-1
8717,313,277,0,63,129,0,-1,-1,-1
8717,317,354,18,76,158,0,-1,-1,-1
8717,315,466,0,59,142,0,-1,-1,-1
8718,313,280,3,80,120,0,-1,-1,-1
8719,313,261,0,53,134,0,-1,-1,-1
8719,315,368,3,58,149,0,-1,-1,-1
8719,317,468,0,65,144,0,-1,-1,-1
8720,317,398,2,53,150,0,-1,-1,-1
8721,317,396,3,55,147,0,-1,-1,-1
8721,313,268,0,51,127,0,-1,-1,-1
8721,315,460,1,59,137,0,-1,-1,-1
8722,315,354,0,70,156,0,-1,-1,-1
8722,313,421,0,52,100,0,-1,-1,-1
8722,318,480,28,85,120,0,-1,-1,-1
8722,319,265,0,52,134,0,-1,-1,-1
8723,315,358,0,68,159,0,-1,-1,-1
8723,318,483,25,82,122,0,-1,-1,-1
8723,319,420,0,54,98,0,-1,-1,-1
8724,319,267,0,48,129,0,-1,-1,-1
8724,315,392,0,69,151,0,-1,-1,-1
8725,319,477,0,137,151,0,-1,-1,-1
8725,318,432,0,50,94,0,-1,-1,-1
8725,313,265,0,47,131,0,-1,-1,-1
8726,318,429,0,54,99,0,-1,-1,-1
8726,313,470,0,141,150,0,-1,-1,-1
8726,319,265,0,49,136,0,-1,-1,-1
8727,313,432,0,52,100,0,-1,-1,-1
8727,319,471,0,141,151,0,-1,-1,-1
8728,313,431,0,52,98,0,-1,-1,-1
8729,313,434,0,48,97,0,-1,-1,-1
8729,320,353,0,56,152,0,-1,-1,-1
8730,313,432,0,50,96,0,-1,-1,-1
8731,320,416,12,72,230,0,-1,-1,-1
8732,313,427,0,56,96,0,-1,-1,-1
8732,320,224,12,85,224,0,-1,-1,-1
8732,321,281,3,58,125,0,-1,-1,-1
8733,320,275,6,73,225,0,-1,-1,-1
8733,313,427,0,59,96,0,-1,-1,-1
8734,313,189,39,121,217,0,-1,-1,-1
8735,313,384,7,68,126,0,-1,-1,-1
8735,320,223,35,71,163,0,-1,-1,-1
8736,320,176,34,114,191,0,-1,-1,-1
8737,320,382,14,95,188,0,-1,-1,-1
8737,322,456,0,73,115,0,-1,-1,-1
8738,322,326,0,60,174,0,-1,-1,-1
8739,322,465,0,61,108,0,-1,-1,-1
8739,323,436,0,46,101,0,-1,-1,-1
8740,322,457,0,65,110,0,-1,-1,-1
8740,323,327,0,54,143,0,-1,-1,-1
8742,323,296,1,83,180,0,-1,-1,-1
8743,322,476,0,52,112,0,-1,-1,-1
8744,324,280,0,58,158,0,-1,-1,-1
8746,325,320,0,65,146,0,-1,-1,-1
8748,325,260,3,93,129,0,-1,-1,-1
8750,325,262,4,56,129,0,-1,-1,-1
8752,325,481,2,66,151,0,-1,-1,-1
8753,326,467,1,68,147,0,-1,-1,-1
8755,325,312,14,78,157,0,-1,-1,-1
8756,326,341,22,74,160,0,-1,-1,-1
8756,325,225,4,71,222,0,-1,-1,-1
8757,326,386,6,54,115,0,-1,-1,-1
8760,327,213,5,113,201,0,-1,-1,-1
8761,328,222,6,59,168,0,-1,-1,-1
8761,329,439,0,105,164,0,-1,-1,-1
8761,327,295,1,60,138,0,-1,-1,-1
8764,328,162,3,105,232,0,-1,-1,-1
8765,328,244,7,73,230,0,-1,-1,-1
8767,328,483,0,59,146,0,-1,-1,-1
8767,330,224,19,93,191,0,-1,-1,-1
8769,328,219,4,57,157,0,-1,-1,-1
8769,331,338,0,42,163,0,-1,-1,-1
8770,331,312,0,94,171,0,-1,-1,-1
8772,328,285,0,62,167,0,-1,-1,-1
8773,328,264,2,62,134,0,-1,-1,-1
8774,332,282,1,70,119,0,-1,-1,-1
8775,332,278,0,53,130,0,-1,-1,-1
8776,332,279,0,56,123,0,-1,-1,-1
8778,333,271,4,47,115,0,-1,-1,-1
8778,334,467,0,67,104,0,-1,-1,-1
8779,333,272,4,48,118,0,-1,-1,-1
8779,334,468,0,66,105,0,-1,-1,-1
8781,334,470,0,51,103,0,-1,-1,-1
8782,334,301,0,58,116,0,-1,-1,-1
8784,334,329,0,43,113,0,-1,-1,-1
8786,335,332,2,51,147,0,-1,-1,-1
8786,334,383,0,56,142,0,-1,-1,-1
8787,335,460,0,71,143,0,-1,-1,-1
8787,336,317,0,60,155,0,-1,-1,-1
8819,337,379,0,68,124,0,-1,-1,-1
8820,338,541,95,97,213,0,-1,-1,-1
8825,339,317,0,71,95,0,-1,-1,-1
8828,340,382,8,83,192,0,-1,-1,-1
8828,339,455,12,74,173,0,-1,-1,-1
8829,340,414,1,68,123,0,-1,-1,-1
8829,339,344,0,65,109,0,-1,-1,-1
8830,339,472,3,73,125,0,-1,-1,-1
8830,340,374,0,64,118,0,-1,-1,-1
8831,339,470,4,76,126,0,-1,-1,-1
8831,340,387,1,59,121,0,-1,-1,-1
8832,339,469,2,78,129,0,-1,-1,-1
8832,340,390,0,58,120,0,-1,-1,-1
8833,340,399,0,67,114,0,-1,-1,-1
8833,339,470,3,77,127,0,-1,-1,-1
8834,340,400,0,62,119,0,-1,-1,-1
8963,341,345,2,27,59,0,-1,-1,-1
8964,341,216,2,94,222,0,-1,-1,-1
8965,342,393,45,130,293,0,-1,-1,-1
8968,343,325,2,59,60,0,-1,-1,-1
8985,344,313,156,202,178,0,-1,-1,-1
9056,345,433,1,90,186,0,-1,-1,-1
9056,346,288,0,76,145,0,-1,-1,-1
9057,345,272,1,33,60,0,-1,-1,-1
9173,347,161,36,96,221,0,-1,-1,-1
9173,348,350,0,73,184,0,-1,-1,-1
9174,348,348,4,64,116,0,-1,-1,-1
9175,348,357,0,57,99,0,-1,-1,-1
9175,347,390,0,52,103,0,-1,-1,-1
9176,348,336,0,49,91,0,-1,-1,-1
9177,348,357,0,60,94,0,-1,-1,-1
9178,348,350,0,53,100,0,-1,-1,-1
9180,348,346,0,63,100,0,-1,-1,-1
9181,348,351,0,58,100,0,-1,-1,-1
9189,349,424,0,73,97,0,-1,-1,-1
9241,350,358,0,38,59,0,-1,-1,-1
9242,350,391,0,65,91,0,-1,-1,-1
9274,351,424,0,70,84,0,-1,-1,-1
9328,352,527,12,82,210,0,-1,-1,-1
9329,353,436,6,89,203,0,-1,-1,-1
9330,353,454,12,75,215,0,-1,-1,-1
9331,353,545,13,91,211,0,-1,-1,-1
9332,353,515,8,84,216,0,-1,-1,-1
9332,354,447,8,72,212,0,-1,-1,-1
9344,355,416,20,88,240,0,-1,-1,-1
9344,356,299,67,149,263,0,-1,-1,-1
9344,357,136,103,142,225,0,-1,-1,-1
9344,358,542,1,98,248,0,-1,-1,-1
9361,359,507,6,110,219,0,-1,-1,-1
9362,360,144,12,69,216,0,-1,-1,-1
9365,361,278,62,112,270,0,-1,-1,-1
9365,360,459,32,96,231,0,-1,-1,-1
9366,360,226,0,56,102,0,-1,-1,-1
9438,362,277,0,38,61,0,-1,-1,-1
9482,363,393,1,70,131,0,-1,-1,-1
9490,364,439,0,104,190,0,-1,-1,-1
9503,365,373,0,80,156,0,-1,-1,-1
9504,365,317,0,62,98,0,-1,-1,-1
9563,366,434,186,133,153,0,-1,-1,-1
9565,367,225,198,107,138,0,-1,-1,-1
9567,368,231,192,179,146,0,-1,-1,-1
9568,368,208,171,150,167,0,-1,-1,-1
9569,368,235,169,151,168,0,-1,-1,-1
9569,369,479,175,129,165,0,-1,-1,-1
9570,369,232,168,137,174,0,-1,-1,-1
9570,368,484,182,127,162,0,-1,-1,-1
9571,368,485,181,128,162,0,-1,-1,-1
9573,368,484,179,136,161,0,-1,-1,-1
9574,370,346,59,96,274,0,-1,-1,-1
9574,371,195,65,105,261,0,-1,-1,-1
9587,372,429,0,66,97,0,-1,-1,-1
9590,373,228,0,67,98,0,-1,-1,-1
9710,374,456,0,85,97,0,-1,-1,-1
9734,375,409,0,75,85,0,-1,-1,-1
9740,376,546,2,79,176,0,-1,-1,-1
9766,377,464,0,61,88,0,-1,-1,-1
9768,377,331,0,55,96,0,-1,-1,-1
9769,377,416,1,64,118,0,-1,-1,-1
9770,377,417,0,64,116,0,-1,-1,-1
9808,378,430,0,109,225,0,-1,-1,-1
9809,378,495,28,111,281,0,-1,-1,-1
9809,379,387,39,100,264,0,-1,-1,-1
9809,380,314,29,90,258,0,-1,-1,-1
9810,378,498,25,114,276,0,-1,-1,-1
9810,380,382,40,107,261,0,-1,-1,-1
9810,379,299,31,100,294,0,-1,-1,-1
9811,378,498,25,111,278,0,-1,-1,-1
9811,380,306,31,112,299,0,-1,-1,-1
9811,381,388,41,95,259,0,-1,-1,-1
9812,381,293,29,128,303,0,-1,-1,-1
9812,380,445,29,169,316,0,-1,-1,-1
9813,380,432,73,129,265,0,-1,-1,-1
9813,381,304,63,141,269,0,-1,-1,-1
9814,381,279,88,164,249,0,-1,-1,-1
9814,380,434,78,127,261,0,-1,-1,-1
9815,380,406,82,126,255,0,-1,-1,-1
9815,381,277,56,138,278,0,-1,-1,-1
9816,381,509,21,102,244,0,-1,-1,-1
9816,380,289,0,120,188,0,-1,-1,-1
9983,382,390,4,127,155,0,-1,-1,-1
9984,383,330,0,33,53,0,-1,-1,-1
10038,384,267,0,56,92,0,-1,-1,-1
10059,385,243,50,104,282,0,-1,-1,-1
10102,386,501,13,95,201,0,-1,-1,-1
10117,387,210,55,98,218,0,-1,-1,-1
10197,388,433,0,74,83,0,-1,-1,-1
10200,388,284,0,70,171,0,-1,-1,-1
10201,388,276,0,34,55,0,-1,-1,-1
10236,389,457,6,72,217,0,-1,-1,-1
10248,390,230,0,66,132,0,-1,-1,-1
10274,391,476,13,90,170,0,-1,-1,-1
10331,392,323,1,39,58,0,-1,-1,-1
10395,393,313,97,181,237,0,-1,-1,-1
10401,394,336,19,116,248,0,-1,-1,-1
10411,395,113,95,200,238,0,-1,-1,-1
10438,396,287,1,47,54,0,-1,-1,-1
10441,397,158,0,74,99,0,-1,-1,-1
10441,396,185,0,61,97,0,-1,-1,-1
10443,398,460,0,67,98,0,-1,-1,-1
10444,398,454,0,69,99,0,-1,-1,-1
10445,398,460,0,62,98,0,-1,-1,-1
10446,398,460,0,63,98,0,-1,-1,-1
10450,399,303,0,51,93,0,-1,-1,-1
10482,400,180,17,90,231,0,-1,-1,-1
10489,401,546,0,86,168,0,-1,-1,-1
10490,401,542,0,87,163,0,-1,-1,-1
10495,402,396,1,42,70,0,-1,-1,-1
10528,403,493,0,74,88,0,-1,-1,-1
10548,404,545,11,90,185,0,-1,-1,-1
10549,405,454,14,66,210,0,-1,-1,-1
10550,405,418,3,85,211,0,-1,-1,-1
10551,405,419,16,74,196,0,-1,-1,-1
10553,406,288,0,111,264,0,-1,-1,-1
10554,405,359,31,67,254,0,-1,-1,-1
10555,405,299,0,94,238,0,-1,-1,-1
10556,405,359,7,67,210,0,-1,-1,-1
10557,405,360,9,68,221,0,-1,-1,-1
10558,405,359,10,67,220,0,-1,-1,-1
10559,405,355,13,66,216,0,-1,-1,-1
10560,405,356,13,66,215,0,-1,-1,-1
10561,405,360,8,62,223,0,-1,-1,-1
10562,405,311,4,79,216,0,-1,-1,-1
10563,405,314,2,67,223,0,-1,-1,-1
10564,405,311,3,69,222,0,-1,-1,-1
10565,407,364,2,71,211,0,-1,-1,-1
10566,407,354,12,63,224,0,-1,-1,-1
10566,405,315,6,79,218,0,-1,-1,-1
10567,407,354,5,60,227,0,-1,-1,-1
10568,407,360,9,65,224,0,-1,-1,-1
10569,407,356,14,60,219,0,-1,-1,-1
10570,407,359,9,60,224,0,-1,-1,-1
10571,407,314,0,69,227,0,-1,-1,-1
10573,407,311,2,73,218,0,-1,-1,-1
10574,407,311,3,70,226,0,-1,-1,-1
10593,408,453,0,69,84,0,-1,-1,-1
10601,409,446,83,123,247,0,-1,-1,-1
10603,410,352,1,68,117,0,-1,-1,-1
10603,411,460,3,81,146,0,-1,-1,-1
10608,412,442,0,64,82,0,-1,-1,-1
10642,413,459,0,60,97,0,-1,-1,-1
10685,414,446,0,73,84,0,-1,-1,-1
10767,415,481,0,77,148,0,-1,-1,-1
10783,416,468,0,60,92,0,-1,-1,-1
10789,417,421,0,69,107,0,-1,-1,-1
10798,418,427,0,68,114,0,-1,-1,-1
10807,419,326,37,91,245,0,-1,-1,-1
10807,420,199,16,90,249,0,-1,-1,-1
10808,420,486,0,72,82,0,-1,-1,-1
10842,421,300,0,51,93,0,-1,-1,-1
10843,421,176,0,68,82,0,-1,-1,-1
10851,422,489,0,80,87,0,-1,-1,-1
10869,423,464,0,70,149,0,-1,-1,-1
10871,423,491,3,68,114,0,-1,-1,-1
10872,423,461,1,67,172,0,-1,-1,-1
10873,423,462,1,66,171,0,-1,-1,-1
10875,423,295,30,75,245,0,-1,-1,-1
10876,423,315,91,105,245,0,-1,-1,-1
10879,423,313,92,107,244,0,-1,-1,-1
10880,423,314,92,106,244,0,-1,-1,-1
10881,423,314,92,107,243,0,-1,-1,-1
10882,423,315,91,107,245,0,-1,-1,-1
10883,423,311,93,105,243,0,-1,-1,-1
10885,423,315,95,105,240,0,-1,-1,-1
10890,424,314,86,106,250,0,-1,-1,-1
10893,424,314,65,112,270,0,-1,-1,-1
10894,424,314,82,109,254,0,-1,-1,-1
10895,424,315,84,110,252,0,-1,-1,-1
10896,424,315,85,110,251,0,-1,-1,-1
10896,425,457,0,70,84,0,-1,-1,-1
10897,424,314,70,111,265,0,-1,-1,-1
10898,424,315,72,108,263,0,-1,-1,-1
10899,424,282,172,150,166,0,-1,-1,-1
10901,424,361,183,154,154,0,-1,-1,-1
10902,424,361,182,154,154,0,-1,-1,-1
10903,424,363,156,153,174,0,-1,-1,-1
10904,424,361,135,151,201,0,-1,-1,-1
10905,426,362,153,154,180,0,-1,-1,-1
10906,426,360,139,152,197,0,-1,-1,-1
10907,427,360,179,154,158,0,-1,-1,-1
10908,427,359,182,156,157,0,-1,-1,-1
10909,426,361,140,153,195,0,-1,-1,-1
10910,427,362,180,155,155,0,-1,-1,-1
10910,428,488,1,82,97,0,-1,-1,-1
10911,427,359,183,155,155,0,-1,-1,-1
10912,427,361,185,152,150,0,-1,-1,-1
10913,427,361,182,154,153,0,-1,-1,-1
10914,427,360,183,155,153,0,-1,-1,-1
10915,427,364,183,151,151,0,-1,-1,-1
10916,427,365,182,151,153,0,-1,-1,-1
10917,427,362,185,151,150,0,-1,-1,-1
10918,427,361,187,153,149,0,-1,-1,-1
10919,427,361,182,154,155,0,-1,-1,-1
10920,429,362,138,155,197,0,-1,-1,-1
10921,429,380,62,110,277,0,-1,-1,-1
10924,429,176,149,120,181,0,-1,-1,-1
10925,429,44,64,149,245,0,-1,-1,-1
10926,429,376,179,172,159,0,-1,-1,-1
10927,429,370,210,166,127,0,-1,-1,-1
10928,429,402,214,175,122,0,-1,-1,-1
10929,430,316,140,133,198,0,-1,-1,-1
10934,431,376,121,153,216,0,-1,-1,-1
10935,431,401,169,157,169,0,-1,-1,-1
10936,431,379,37,86,264,0,-1,-1,-1
10937,431,378,41,85,262,0,-1,-1,-1
10937,432,329,0,40,61,0,-1,-1,-1
10938,431,481,0,66,168,0,-1,-1,-1
11015,433,125,62,172,261,0,-1,-1,-1
11032,434,416,0,58,88,0,-1,-1,-1
11055,435,446,0,70,127,0,-1,-1,-1
11056,435,454,1,64,125,0,-1,-1,-1
11056,436,404,0,58,112,0,-1,-1,-1
11057,435,446,0,74,128,0,-1,-1,-1
11057,436,315,0,48,103,0,-1,-1,-1
11058,436,328,0,53,106,0,-1,-1,-1
11058,435,386,0,62,116,0,-1,-1,-1
11059,436,284,0,65,93,0,-1,-1,-1
11075,437,534,0,99,92,0,-1,-1,-1
11095,438,416,0,67,94,0,-1,-1,-1
11100,439,290,35,107,300,0,-1,-1,-1
11102,439,448,3,95,213,0,-1,-1,-1
11102,440,533,0,107,273,0,-1,-1,-1
11113,441,330,0,60,149,0,-1,-1,-1
11114,441,526,0,84,132,0,-1,-1,-1
11155,442,418,0,56,98,0,-1,-1,-1
11156,442,402,0,48,89,0,-1,-1,-1
11181,443,373,0,58,105,0,-1,-1,-1
11188,444,191,9,66,180,0,-1,-1,-1
11189,444,228,0,59,176,0,-1,-1,-1
11200,445,300,0,35,65,0,-1,-1,-1
11222,446,429,0,69,85,0,-1,-1,-1
11223,447,343,61,86,271,0,-1,-1,-1
11223,446,423,57,110,282,0,-1,-1,-1
11226,446,546,9,88,200,0,-1,-1,-1
11236,448,211,56,118,274,0,-1,-1,-1
11237,449,452,11,108,237,0,-1,-1,-1
11237,448,173,4,71,219,0,-1,-1,-1
11242,450,558,1,76,104,0,-1,-1,-1
11255,451,462,1,62,112,0,-1,-1,-1
11258,452,279,40,84,255,0,-1,-1,-1
11299,453,406,0,84,97,0,-1,-1,-1
11300,453,367,0,52,51,0,-1,-1,-1
11330,454,160,129,140,200,0,-1,-1,-1
11337,455,479,0,70,83,0,-1,-1,-1
11367,456,307,0,44,58,0,-1,-1,-1
11368,456,282,0,54,87,0,-1,-1,-1
11369,456,535,0,90,137,0,-1,-1,-1
11371,456,423,0,83,91,0,-1,-1,-1
11383,457,466,0,68,108,0,-1,-1,-1
11407,458,460,0,62,92,0,-1,-1,-1
11431,459,325,0,38,61,0,-1,-1,-1
11432,460,486,0,65,101,0,-1,-1,-1
11432,459,565,0,69,127,0,-1,-1,-1
11434,460,359,0,75,96,0,-1,-1,-1
11457,461,488,1,79,89,0,-1,-1,-1
11460,461,295,0,39,55,0,-1,-1,-1
11468,462,240,0,44,89,0,-1,-1,-1
11469,462,405,58,94,265,0,-1,-1,-1
11475,463,437,0,79,84,0,-1,-1,-1
11488,464,443,37,94,224,0,-1,-1,-1
11489,464,448,33,79,230,0,-1,-1,-1
11491,464,496,3,63,133,0,-1,-1,-1
11523,465,308,23,102,306,0,-1,-1,-1
11523,466,397,44,82,267,0,-1,-1,-1
11524,466,426,236,99,106,0,-1,-1,-1
11537,467,523,0,62,107,0,-1,-1,-1
11538,467,207,46,198,288,0,-1,-1,-1
11558,468,208,42,118,283,0,-1,-1,-1
11582,469,485,0,71,95,0,-1,-1,-1
11592,470,393,0,72,88,0,-1,-1,-1
11602,471,548,0,89,114,0,-1,-1,-1
11603,471,223,0,65,88,0,-1,-1,-1
11610,472,480,0,70,102,0,-1,-1,-1
11644,473,443,0,77,93,0,-1,-1,-1
11665,474,502,0,85,95,0,-1,-1,-1
11762,475,236,0,52,136,0,-1,-1,-1
11773,476,474,0,70,94,0,-1,-1,-1
11809,477,450,0,79,80,0,-1,-1,-1
11812,477,364,0,56,149,0,-1,-1,-1
11817,478,261,1,39,57,0,-1,-1,-1
11843,479,202,0,55,126,0,-1,-1,-1
11875,480,444,0,70,82,0,-1,-1,-1
11919,481,354,0,62,96,0,-1,-1,-1
11927,482,188,0,59,87,0,-1,-1,-1
11928,482,148,0,53,120,0,-1,-1,-1
11929,483,58,3,60,132,0,-1,-1,-1
11930,484,65,3,88,187,0,-1,-1,-1
11930,483,156,14,72,178,0,-1,-1,-1
11931,484,201,149,162,181,0,-1,-1,-1
11931,483,356,159,185,176,0,-1,-1,-1
11932,483,439,173,134,165,0,-1,-1,-1
11949,485,441,0,78,78,0,-1,-1,-1
11956,486,192,0,59,101,0,-1,-1,-1
11956,487,162,0,56,100,0,-1,-1,-1
11957,487,162,0,57,100,0,-1,-1,-1
11958,487,165,1,63,100,0,-1,-1,-1
11959,487,163,0,68,100,0,-1,-1,-1
11959,486,184,0,61,99,0,-1,-1,-1
11960,487,162,0,55,100,0,-1,-1,-1
11960,488,340,2,39,63,0,-1,-1,-1
11960,486,215,0,50,96,0,-1,-1,-1
11961,488,454,0,79,79,0,-1,-1,-1
11962,488,395,15,76,220,0,-1,-1,-1
11962,486,456,18,65,222,0,-1,-1,-1
11983,489,480,0,64,97,0,-1,-1,-1
12012,490,400,1,67,96,0,-1,-1,-1
12031,491,379,0,73,90,0,-1,-1,-1
12058,492,469,0,51,105,0,-1,-1,-1
12060,492,462,0,93,102,0,-1,-1,-1
12074,493,460,0,73,84,0,-1,-1,-1
12075,494,552,0,86,126,0,-1,-1,-1
12103,495,451,0,61,98,0,-1,-1,-1
12106,495,549,0,65,89,0,-1,-1,-1
12109,495,549,0,73,106,0,-1,-1,-1
12118,496,485,0,73,79,0,-1,-1,-1
12119,496,414,0,88,97,0,-1,-1,-1
12123,497,533,0,96,97,0,-1,-1,-1
12149,498,180,31,76,238,0,-1,-1,-1
12176,499,490,0,73,115,0,-1,-1,-1
12187,500,166,0,51,98,0,-1,-1,-1
12204,501,435,0,58,103,0,-1,-1,-1
12234,502,305,0,32,72,0,-1,-1,-1
12257,503,415,0,69,78,0,-1,-1,-1
12266,504,273,0,27,64,0,-1,-1,-1
12267,504,500,1,66,112,0,-1,-1,-1
12268,505,519,1,72,114,0,-1,-1,-1
12268,504,475,0,79,117,0,-1,-1,-1
12269,504,515,2,78,115,0,-1,-1,-1
12271,504,515,1,78,117,0,-1,-1,-1
12272,504,522,0,68,120,0,-1,-1,-1
12272,506,494,0,60,117,0,-1,-1,-1
12273,504,511,0,83,124,0,-1,-1,-1
12274,504,515,2,82,119,0,-1,-1,-1
12274,506,490,0,71,118,0,-1,-1,-1
12275,504,524,0,73,121,0,-1,-1,-1
12275,506,485,0,62,112,0,-1,-1,-1
12276,506,503,0,57,113,0,-1,-1,-1
12303,507,557,0,71,107,0,-1,-1,-1
12303,508,487,3,65,112,0,-1,-1,-1
12304,507,528,0,70,126,0,-1,-1,-1
12305,507,530,0,73,125,0,-1,-1,-1
12306,507,514,0,78,124,0,-1,-1,-1
12307,507,519,2,62,125,0,-1,-1,-1
12307,509,404,0,52,110,0,-1,-1,-1
12307,510,460,0,50,101,0,-1,-1,-1
12308,507,416,0,68,109,0,-1,-1,-1
12308,509,476,0,68,106,0,-1,-1,-1
12312,511,375,2,34,81,0,-1,-1,-1
12317,512,350,0,69,99,0,-1,-1,-1
12365,513,489,0,73,104,0,-1,-1,-1
12373,514,396,1,56,100,0,-1,-1,-1
12373,515,341,0,82,102,0,-1,-1,-1
12374,514,394,149,140,182,0,-1,-1,-1
12374,516,64,152,159,175,0,-1,-1,-1
12380,517,458,106,137,232,0,-1,-1,-1
12381,517,444,89,118,248,0,-1,-1,-1
12391,518,358,22,95,264,0,-1,-1,-1
12391,519,282,16,87,263,0,-1,-1,-1
12396,520,526,0,94,97,0,-1,-1,-1
12398,520,449,0,90,122,0,-1,-1,-1
12400,520,444,2,80,113,0,-1,-1,-1
12401,521,320,238,116,96,0,-1,-1,-1
12402,522,386,165,143,168,0,-1,-1,-1
12402,523,277,231,121,104,0,-1,-1,-1
12408,524,494,59,105,226,0,-1,-1,-1
12408,525,583,49,57,236,0,-1,-1,-1
12409,525,380,33,85,224,0,-1,-1,-1
12409,524,453,17,75,205,0,-1,-1,-1
12410,524,225,1,54,121,0,-1,-1,-1
12427,526,427,0,56,88,0,-1,-1,-1
12457,527,456,0,62,82,0,-1,-1,-1
12461,528,422,0,63,75,0,-1,-1,-1
12525,529,461,0,84,88,0,-1,-1,-1
12606,530,422,4,79,76,0,-1,-1,-1
12616,531,469,0,84,89,0,-1,-1,-1
12619,531,477,0,77,97,0,-1,-1,-1
12620,531,465,4,71,236,0,-1,-1,-1
12620,532,544,3,82,227,0,-1,-1,-1
12624,533,304,51,101,285,0,-1,-1,-1
12624,534,467,53,111,270,0,-1,-1,-1
12625,534,298,0,56,90,0,-1,-1,-1
12651,535,464,0,56,94,0,-1,-1,-1
12671,536,462,0,71,89,0,-1,-1,-1
12686,537,509,0,85,96,0,-1,-1,-1
12705,538,480,0,68,94,0,-1,-1,-1
12714,539,460,0,74,96,0,-1,-1,-1
12718,540,421,9,77,202,0,-1,-1,-1
12719,540,161,12,98,241,0,-1,-1,-1
12719,541,81,123,136,200,0,-1,-1,-1
12719,542,276,6,74,213,0,-1,-1,-1
12719,543,514,0,70,154,0,-1,-1,-1
12720,541,492,4,70,132,0,-1,-1,-1
12720,540,558,0,67,107,0,-1,-1,-1
12756,544,514,3,83,118,0,-1,-1,-1
12757,544,518,0,78,103,0,-1,-1,-1
12758,544,478,0,69,96,0,-1,-1,-1
12758,545,546,0,64,101,0,-1,-1,-1
12783,546,275,0,86,195,0,-1,-1,-1
12824,547,307,0,68,115,0,-1,-1,-1
12825,548,343,4,79,101,0,-1,-1,-1
12827,548,498,0,130,198,0,-1,-1,-1
12861,549,498,0,65,101,0,-1,-1,-1
12895,550,423,0,71,81,0,-1,-1,-1
12906,551,462,0,59,89,0,-1,-1,-1
12916,552,555,0,67,96,0,-1,-1,-1
12945,553,271,38,113,292,0,-1,-1,-1
12962,554,499,1,62,100,0,-1,-1,-1
12962,555,345,0,82,81,0,-1,-1,-1
12973,556,148,0,59,155,0,-1,-1,-1
13057,557,476,0,73,87,0,-1,-1,-1
13069,558,165,106,166,229,0,-1,-1,-1
13124,559,289,0,66,99,0,-1,-1,-1
13124,560,481,1,31,58,0,-1,-1,-1
13138,561,287,5,107,327,0,-1,-1,-1
13162,562,309,0,77,160,0,-1,-1,-1
13165,563,147,169,152,166,0,-1,-1,-1
13165,562,388,4,69,121,0,-1,-1,-1
13166,562,390,2,57,122,0,-1,-1,-1
13166,563,336,0,53,140,0,-1,-1,-1
13167,563,356,0,57,148,0,-1,-1,-1
13168,564,433,117,198,222,0,-1,-1,-1
13171,564,549,0,87,182,0,-1,-1,-1
13174,564,499,0,60,96,0,-1,-1,-1
13189,565,201,137,238,200,0,-1,-1,-1
13217,566,310,103,134,228,0,-1,-1,-1
13224,567,479,78,132,254,0,-1,-1,-1
13232,568,91,57,161,278,0,-1,-1,-1
13252,569,390,0,83,87,0,-1,-1,-1
13292,570,277,0,27,52,0,-1,-1,-1
13311,571,482,0,73,82,0,-1,-1,-1
13385,572,129,0,67,145,0,-1,-1,-1
13386,572,192,0,68,98,0,-1,-1,-1
13395,573,72,0,83,133,0,-1,-1,-1
13400,574,50,13,94,217,0,-1,-1,-1
13447,575,388,0,77,149,0,-1,-1,-1
13448,576,518,6,89,232,0,-1,-1,-1
13449,576,284,93,113,242,0,-1,-1,-1
13449,577,392,38,126,298,0,-1,-1,-1
13451,577,380,173,202,167,0,-1,-1,-1
13458,578,483,0,84,76,0,-1,-1,-1
13460,579,380,135,164,202,0,-1,-1,-1
13461,579,357,137,151,197,0,-1,-1,-1
13462,579,351,146,195,186,0,-1,-1,-1
13465,579,331,151,160,186,0,-1,-1,-1
13466,579,390,166,138,169,0,-1,-1,-1
13467,579,392,179,140,157,0,-1,-1,-1
13468,579,342,187,154,151,0,-1,-1,-1
13469,579,354,167,147,172,0,-1,-1,-1
13470,579,337,155,161,185,0,-1,-1,-1
13471,579,335,155,135,176,0,-1,-1,-1
13472,579,259,155,158,182,0,-1,-1,-1
13473,579,342,150,123,183,0,-1,-1,-1
13474,579,341,148,165,188,0,-1,-1,-1
13475,579,262,153,171,176,0,-1,-1,-1
13475,580,495,0,67,92,0,-1,-1,-1
13476,579,343,151,154,185,0,-1,-1,-1
13477,579,347,158,151,182,0,-1,-1,-1
13478,579,356,148,157,188,0,-1,-1,-1
13479,579,337,151,148,184,0,-1,-1,-1
13480,579,318,195,199,139,0,-1,-1,-1
13481,579,314,189,193,151,0,-1,-1,-1
13482,579,334,176,179,161,0,-1,-1,-1
13483,579,321,187,192,152,0,-1,-1,-1
13484,579,344,219,153,117,0,-1,-1,-1
13484,581,183,168,159,165,0,-1,-1,-1
13485,581,556,0,65,101,0,-1,-1,-1
13485,582,478,0,69,96,0,-1,-1,-1
13487,582,338,233,161,106,0,-1,-1,-1
13489,582,359,218,126,117,0,-1,-1,-1
13490,582,22,194,115,138,0,-1,-1,-1
13490,583,296,231,120,103,0,-1,-1,-1
13492,582,356,217,142,120,0,-1,-1,-1
13493,582,68,195,156,139,0,-1,-1,-1
13497,584,321,212,172,124,0,-1,-1,-1
13497,585,281,0,66,122,0,-1,-1,-1
13500,584,316,245,119,90,0,-1,-1,-1
13506,586,93,228,114,100,0,-1,-1,-1
13507,586,76,228,114,102,0,-1,-1,-1
13508,586,10,207,113,125,0,-1,-1,-1
13508,587,496,0,60,97,0,-1,-1,-1
13511,586,6,208,108,122,0,-1,-1,-1
13512,586,27,227,196,103,0,-1,-1,-1
13513,586,20,219,124,109,0,-1,-1,-1
13516,586,270,249,117,88,0,-1,-1,-1
13517,588,188,229,270,104,0,-1,-1,-1
13518,586,40,222,115,103,0,-1,-1,-1
13519,586,65,210,114,120,0,-1,-1,-1
13519,589,303,250,117,87,0,-1,-1,-1
13520,589,300,255,114,81,0,-1,-1,-1
13523,589,315,247,128,87,0,-1,-1,-1
13526,589,327,251,118,86,0,-1,-1,-1
13531,590,123,207,118,124,0,-1,-1,-1
13536,591,132,239,185,92,0,-1,-1,-1
13539,591,88,212,253,117,0,-1,-1,-1
13540,591,200,212,163,118,0,-1,-1,-1
13544,592,92,233,118,97,0,-1,-1,-1
13545,592,172,230,121,102,0,-1,-1,-1
13546,592,126,217,115,112,0,-1,-1,-1
13547,592,126,231,108,98,0,-1,-1,-1
13548,593,309,197,323,142,0,-1,-1,-1
13551,594,146,231,122,104,0,-1,-1,-1
13553,594,186,228,127,103,0,-1,-1,-1
13554,594,195,236,117,99,0,-1,-1,-1
13555,594,190,227,125,103,0,-1,-1,-1
13557,594,199,222,123,110,0,-1,-1,-1
13558,594,202,228,124,105,0,-1,-1,-1
13560,594,200,230,194,99,0,-1,-1,-1
13562,594,199,208,162,127,0,-1,-1,-1
13563,595,375,226,193,111,0,-1,-1,-1
13566,595,396,232,185,105,0,-1,-1,-1
13572,596,412,228,163,108,0,-1,-1,-1
13579,597,397,219,165,120,0,-1,-1,-1
13580,597,371,223,180,113,0,-1,-1,-1
13581,597,332,220,170,114,0,-1,-1,-1
13598,598,440,166,195,164,0,-1,-1,-1
13599,598,397,140,202,199,0,-1,-1,-1
13600,598,409,132,196,209,0,-1,-1,-1
13601,598,395,119,186,220,0,-1,-1,-1
13602,598,440,178,189,156,0,-1,-1,-1
13603,598,457,173,182,160,0,-1,-1,-1
13632,599,376,0,67,163,0,-1,-1,-1
13649,600,383,96,187,243,0,-1,-1,-1
13650,600,419,120,203,206,0,-1,-1,-1
13651,600,436,139,198,197,0,-1,-1,-1
13679,601,332,0,54,90,0,-1,-1,-1
13680,601,156,2,79,125,0,-1,-1,-1
13681,601,188,0,69,87,0,-1,-1,-1
13757,602,308,216,195,119,0,-1,-1,-1
13759,602,363,194,172,142,0,-1,-1,-1
13762,602,282,206,155,126,0,-1,-1,-1
13763,602,273,217,224,115,0,-1,-1,-1
13764,602,322,228,180,109,0,-1,-1,-1
13765,602,295,224,175,108,0,-1,-1,-1
13766,602,342,194,161,138,0,-1,-1,-1
13767,602,372,210,167,126,0,-1,-1,-1
13768,602,321,196,160,141,0,-1,-1,-1
13769,602,367,192,159,145,0,-1,-1,-1
13783,603,351,0,77,95,0,-1,-1,-1
13783,604,376,0,71,91,0,-1,-1,-1
13794,605,98,38,99,286,0,-1,-1,-1
13795,605,365,191,206,151,0,-1,-1,-1
13796,605,381,154,192,188,0,-1,-1,-1
13797,605,383,145,191,194,0,-1,-1,-1
13815,606,259,219,311,111,0,-1,-1,-1
13838,607,380,238,119,102,0,-1,-1,-1
13869,608,489,0,77,89,0,-1,-1,-1
13900,609,371,0,60,98,0,-1,-1,-1
13906,610,249,234,175,95,0,-1,-1,-1
13950,611,284,238,131,94,0,-1,-1,-1
13951,611,361,144,182,195,0,-1,-1,-1
13951,612,216,228,114,103,0,-1,-1,-1
13952,611,192,203,186,131,0,-1,-1,-1
13952,613,381,163,218,179,0,-1,-1,-1
13953,611,282,195,151,141,0,-1,-1,-1
13955,611,71,150,212,182,0,-1,-1,-1
13957,611,310,215,176,120,0,-1,-1,-1
13958,614,237,144,215,191,0,-1,-1,-1
13959,614,111,142,352,195,0,-1,-1,-1
13960,611,265,196,165,141,0,-1,-1,-1
13961,611,217,203,260,128,0,-1,-1,-1
13962,611,47,222,242,110,0,-1,-1,-1
13962,615,50,224,111,106,0,-1,-1,-1
13963,611,376,134,208,205,0,-1,-1,-1
13964,611,311,122,184,211,0,-1,-1,-1
13974,616,258,120,192,216,0,-1,-1,-1
13975,616,205,117,224,220,0,-1,-1,-1
13976,616,209,135,219,201,0,-1,-1,-1
13977,616,205,83,105,250,0,-1,-1,-1
13977,617,294,137,121,198,0,-1,-1,-1
13978,616,125,123,184,210,0,-1,-1,-1
13978,618,262,187,182,148,0,-1,-1,-1
13979,616,275,130,184,205,0,-1,-1,-1
13980,619,132,246,121,90,0,-1,-1,-1
13982,619,296,227,164,109,0,-1,-1,-1
13983,619,208,215,148,114,0,-1,-1,-1
13990,620,469,0,63,87,0,-1,-1,-1
13991,620,450,0,68,86,0,-1,-1,-1
13996,621,320,180,255,155,0,-1,-1,-1
13998,621,377,224,201,115,0,-1,-1,-1
14003,622,371,181,204,157,0,-1,-1,-1
14004,623,423,196,130,144,0,-1,-1,-1
14004,624,202,177,144,162,0,-1,-1,-1
14005,624,313,163,175,171,0,-1,-1,-1
14006,624,328,210,156,127,0,-1,-1,-1
14006,623,202,180,169,155,0,-1,-1,-1
14006,622,268,191,174,145,0,-1,-1,-1
14007,625,203,220,162,116,0,-1,-1,-1
14008,624,334,162,145,174,0,-1,-1,-1
14008,625,195,206,169,128,0,-1,-1,-1
14009,624,175,190,222,145,0,-1,-1,-1
14009,625,235,198,204,138,0,-1,-1,-1
14012,626,336,1,86,76,0,-1,-1,-1
14018,627,52,0,60,131,0,-1,-1,-1
14039,628,390,201,173,137,0,-1,-1,-1
14040,628,344,223,160,112,0,-1,-1,-1
14067,629,315,215,183,124,0,-1,-1,-1
14068,629,307,217,212,121,0,-1,-1,-1
14071,629,358,216,186,116,0,-1,-1,-1
14105,630,459,1,133,262,0,-1,-1,-1
14106,630,461,2,80,118,0,-1,-1,-1
14106,631,417,0,66,103,0,-1,-1,-1
14164,632,464,0,57,109,0,-1,-1,-1
14175,633,447,3,74,86,0,-1,-1,-1
14317,634,5,48,118,281,0,-1,-1,-1
14319,634,245,169,133,164,0,-1,-1,-1
14333,635,292,0,37,55,0,-1,-1,-1
14353,636,385,0,73,108,0,-1,-1,-1
14374,637,521,2,118,181,0,-1,-1,-1
14375,638,0,97,156,237,0,-1,-1,-1
14412,639,453,1,79,80,0,-1,-1,-1
14446,640,351,0,74,118,0,-1,-1,-1
14447,640,472,0,71,92,0,-1,-1,-1
14470,641,466,0,62,101,0,-1,-1,-1
14472,641,267,0,34,58,0,-1,-1,-1
14473,642,461,40,107,269,0,-1,-1,-1
14473,643,401,13,59,179,0,-1,-1,-1
14502,644,159,0,76,158,0,-1,-1,-1
14529,645,548,0,80,97,0,-1,-1,-1
14532,646,489,0,73,85,0,-1,-1,-1
14599,647,498,2,66,108,0,-1,-1,-1
14600,647,269,0,47,94,0,-1,-1,-1
14623,648,306,1,31,71,0,-1,-1,-1
14629,649,450,0,85,112,0,-1,-1,-1
14670,650,483,0,68,87,0,-1,-1,-1
14762,651,449,0,71,93,0,-1,-1,-1
14765,651,481,2,69,107,0,-1,-1,-1
14766,651,383,2,72,108,0,-1,-1,-1
14766,652,494,2,59,106,0,-1,-1,-1
14767,651,499,9,127,259,0,-1,-1,-1
14770,651,494,2,62,105,0,-1,-1,-1
14771,651,486,2,67,106,0,-1,-1,-1
14774,651,462,0,47,54,0,-1,-1,-1
14775,651,468,0,81,89,0,-1,-1,-1
14840,653,459,0,83,94,0,-1,-1,-1
14903,654,354,0,71,166,0,-1,-1,-1
14943,655,484,0,86,87,0,-1,-1,-1
14951,656,455,0,105,116,0,-1,-1,-1
14979,657,197,161,150,173,0,-1,-1,-1
14982,657,120,53,117,282,0,-1,-1,-1
15120,658,474,0,87,90,0,-1,-1,-1
15154,659,198,0,61,170,0,-1,-1,-1
15241,660,369,3,80,105,0,-1,-1,-1
15245,661,117,152,117,183,0,-1,-1,-1
15435,662,472,3,79,101,0,-1,-1,-1
15591,663,318,7,98,232,0,-1,-1,-1
15591,664,403,10,84,241,0,-1,-1,-1
15605,665,549,53,89,274,0,-1,-1,-1
15625,666,553,50,85,240,0,-1,-1,-1
15626,666,427,16,124,322,0,-1,-1,-1
15627,667,300,120,115,211,0,-1,-1,-1
15628,667,263,129,86,201,0,-1,-1,-1
15628,666,328,133,114,197,0,-1,-1,-1
15629,666,259,154,156,178,0,-1,-1,-1
15629,668,339,154,164,177,0,-1,-1,-1
15630,666,59,160,147,170,0,-1,-1,-1
15630,667,214,195,119,141,0,-1,-1,-1
15705,669,462,0,67,87,0,-1,-1,-1
15764,670,326,0,79,99,0,-1,-1,-1
15774,671,459,0,77,87,0,-1,-1,-1
15795,672,455,0,76,85,0,-1,-1,-1
15885,673,492,0,81,93,0,-1,-1,-1
15944,674,548,20,92,263,0,-1,-1,-1
15977,675,498,0,61,87,0,-1,-1,-1
16167,676,559,0,68,111,0,-1,-1,-1
16650,677,220,0,55,116,0,-1,-1,-1
