234,0,326,12,99,258,0,-1,-1,-1
967,1,455,0,59,116,0,-1,-1,-1
994,2,376,0,71,107,0,-1,-1,-1
1957,3,436,0,85,113,0,-1,-1,-1
2087,4,279,4,67,131,0,-1,-1,-1
2091,5,290,3,70,130,0,-1,-1,-1
3117,6,196,0,95,211,0,-1,-1,-1
3599,7,568,0,50,95,0,-1,-1,-1
3603,8,566,0,47,94,0,-1,-1,-1
3604,8,569,0,47,93,0,-1,-1,-1
3607,8,546,0,62,95,0,-1,-1,-1
3608,8,574,0,48,91,0,-1,-1,-1
3612,9,563,0,55,98,0,-1,-1,-1
3613,9,575,0,60,98,0,-1,-1,-1
3614,9,581,0,53,96,0,-1,-1,-1
3616,9,376,40,80,273,0,-1,-1,-1
3618,9,18,120,176,233,0,-1,-1,-1
3619,9,83,84,128,251,0,-1,-1,-1
3620,9,70,110,165,183,0,-1,-1,-1
3623,10,564,0,51,93,0,-1,-1,-1
3631,11,571,0,54,91,0,-1,-1,-1
3635,12,558,2,79,89,0,-1,-1,-1
3636,13,558,13,53,77,0,-1,-1,-1
3639,13,569,1,58,94,0,-1,-1,-1
3644,14,504,0,85,118,0,-1,-1,-1
3888,15,388,45,79,213,0,-1,-1,-1
3889,16,568,0,59,117,0,-1,-1,-1
3890,15,194,168,127,180,0,-1,-1,-1
3976,17,203,152,145,196,0,-1,-1,-1
3977,17,432,5,65,158,0,-1,-1,-1
3987,18,556,18,61,162,0,-1,-1,-1
3988,18,335,85,88,230,0,-1,-1,-1
3989,18,519,2,63,114,0,-1,-1,-1
3990,18,357,191,126,154,0,-1,-1,-1
3990,19,516,1,68,117,0,-1,-1,-1
3991,18,457,58,109,202,0,-1,-1,-1
3992,18,197,85,107,183,0,-1,-1,-1
3993,19,221,94,110,229,0,-1,-1,-1
3994,19,382,56,74,200,0,-1,-1,-1
3996,19,89,183,166,167,0,-1,-1,-1
3999,20,37,40,80,126,0,-1,-1,-1
4000,20,340,11,72,138,0,-1,-1,-1
4001,20,307,8,42,108,0,-1,-1,-1
4001,21,501,0,61,127,0,-1,-1,-1
4002,20,476,0,100,139,0,-1,-1,-1
4004,20,560,49,78,130,0,-1,-1,-1
4005,20,517,50,83,132,0,-1,-1,-1
4006,22,552,17,71,176,0,-1,-1,-1
4007,22,303,46,78,212,0,-1,-1,-1
4008,22,217,6,59,151,0,-1,-1,-1
4009,22,337,0,46,96,0,-1,-1,-1
4009,23,386,2,59,141,0,-1,-1,-1
4011,23,429,2,74,117,0,-1,-1,-1
4011,22,306,0,41,94,0,-1,-1,-1
4012,22,366,0,57,113,0,-1,-1,-1
4012,23,300,7,54,88,0,-1,-1,-1
4013,23,308,3,49,97,0,-1,-1,-1
4017,24,330,2,58,117,0,-1,-1,-1
4018,24,308,3,76,115,0,-1,-1,-1
4019,24,297,5,58,115,0,-1,-1,-1
4020,24,326,2,61,116,0,-1,-1,-1
4022,24,291,4,65,118,0,-1,-1,-1
4023,24,331,0,59,135,0,-1,-1,-1
4024,24,388,0,56,106,0,-1,-1,-1
4025,24,424,6,56,129,0,-1,-1,-1
4027,24,391,0,55,108,0,-1,-1,-1
4030,24,336,0,58,112,0,-1,-1,-1
4035,25,452,21,77,157,0,-1,-1,-1
4035,26,374,0,44,101,0,-1,-1,-1
4036,25,89,169,215,185,0,-1,-1,-1
4036,26,471,65,92,220,0,-1,-1,-1
4040,27,383,80,144,263,0,-1,-1,-1
4046,28,426,70,93,211,0,-1,-1,-1
4050,29,566,115,74,95,0,-1,-1,-1
4051,29,194,108,135,240,0,-1,-1,-1
4051,30,556,68,84,148,0,-1,-1,-1
4052,30,434,101,131,236,0,-1,-1,-1
4052,29,337,48,80,291,0,-1,-1,-1
4053,30,448,99,116,242,0,-1,-1,-1
4053,29,334,48,81,283,0,-1,-1,-1
4054,30,357,52,79,271,0,-1,-1,-1
4054,29,451,106,119,235,0,-1,-1,-1
4055,29,355,55,74,267,0,-1,-1,-1
4055,30,451,106,117,235,0,-1,-1,-1
4056,30,465,102,129,234,0,-1,-1,-1
4056,29,355,55,74,264,0,-1,-1,-1
4057,30,474,99,123,232,0,-1,-1,-1
4057,29,370,44,80,261,0,-1,-1,-1
4058,29,358,63,97,255,0,-1,-1,-1
4058,30,464,96,130,209,0,-1,-1,-1
4058,31,196,16,66,157,0,-1,-1,-1
4059,29,359,60,96,259,0,-1,-1,-1
4059,30,464,95,123,232,0,-1,-1,-1
4060,29,356,61,101,258,0,-1,-1,-1
4060,30,467,90,112,234,0,-1,-1,-1
4061,29,356,61,97,260,0,-1,-1,-1
4061,30,462,86,121,230,0,-1,-1,-1
4062,30,443,86,103,257,0,-1,-1,-1
4062,32,380,62,80,267,0,-1,-1,-1
4063,32,383,75,90,264,0,-1,-1,-1
4063,30,451,85,96,254,0,-1,-1,-1
4064,30,444,92,112,250,0,-1,-1,-1
4064,32,381,75,90,258,0,-1,-1,-1
4065,32,383,72,82,265,0,-1,-1,-1
4065,30,448,79,107,259,0,-1,-1,-1
4066,32,380,68,87,274,0,-1,-1,-1
4066,30,454,83,98,253,0,-1,-1,-1
4067,32,440,85,116,260,0,-1,-1,-1
4067,30,379,67,82,270,0,-1,-1,-1
4067,33,224,8,63,139,0,-1,-1,-1
4068,32,382,69,83,271,0,-1,-1,-1
4068,30,451,80,103,264,0,-1,-1,-1
4068,33,206,1,52,134,0,-1,-1,-1
4069,32,382,70,83,266,0,-1,-1,-1
4069,33,204,0,49,136,0,-1,-1,-1
4069,34,468,48,102,290,0,-1,-1,-1
4070,32,381,70,86,263,0,-1,-1,-1
4070,33,204,0,49,136,0,-1,-1,-1
4071,33,476,17,99,261,0,-1,-1,-1
4071,32,382,66,94,274,0,-1,-1,-1
4071,34,207,4,45,131,0,-1,-1,-1
4072,32,406,9,72,221,0,-1,-1,-1
4073,32,305,34,84,187,0,-1,-1,-1
4074,32,454,7,78,232,0,-1,-1,-1
4075,32,476,2,105,206,0,-1,-1,-1
4075,35,251,72,123,265,0,-1,-1,-1
4076,32,364,62,112,282,0,-1,-1,-1
4076,36,492,3,72,116,0,-1,-1,-1
4077,36,306,98,127,252,0,-1,-1,-1
4077,32,229,22,89,194,0,-1,-1,-1
4086,37,234,160,218,191,0,-1,-1,-1
4086,38,61,155,175,199,0,-1,-1,-1
4087,39,409,0,81,157,0,-1,-1,-1
4088,39,268,1,47,133,0,-1,-1,-1
4089,39,250,0,61,138,0,-1,-1,-1
4089,38,225,0,67,137,0,-1,-1,-1
4090,40,216,28,113,293,0,-1,-1,-1
4091,40,207,0,70,141,0,-1,-1,-1
4092,40,220,1,49,118,0,-1,-1,-1
4093,40,220,0,51,116,0,-1,-1,-1
4094,40,181,23,95,231,0,-1,-1,-1
4094,41,292,0,63,129,0,-1,-1,-1
4095,41,150,53,109,248,0,-1,-1,-1
4097,41,145,64,105,275,0,-1,-1,-1
4098,41,190,0,64,156,0,-1,-1,-1
4100,41,225,0,68,134,0,-1,-1,-1
4100,42,181,0,79,138,0,-1,-1,-1
4104,43,181,2,76,136,0,-1,-1,-1
4104,44,225,0,63,134,0,-1,-1,-1
4106,43,183,1,77,136,0,-1,-1,-1
4106,44,221,0,66,133,0,-1,-1,-1
4107,43,183,0,81,136,0,-1,-1,-1
4107,44,216,0,76,137,0,-1,-1,-1
4108,43,180,1,77,137,0,-1,-1,-1
4108,44,229,0,63,133,0,-1,-1,-1
4109,43,187,0,79,133,0,-1,-1,-1
4109,45,215,0,64,130,0,-1,-1,-1
4110,43,210,1,65,137,0,-1,-1,-1
4111,43,157,41,107,256,0,-1,-1,-1
4126,46,90,133,179,225,0,-1,-1,-1
4127,47,260,0,56,98,0,-1,-1,-1
4136,48,201,82,131,216,0,-1,-1,-1
4137,48,417,4,66,120,0,-1,-1,-1
4200,49,411,33,105,251,0,-1,-1,-1
4203,49,217,1,103,199,0,-1,-1,-1
4301,50,453,15,97,211,0,-1,-1,-1
4302,50,125,6,94,209,0,-1,-1,-1
4303,50,155,0,114,197,0,-1,-1,-1
4312,51,215,80,112,267,0,-1,-1,-1
4313,51,256,0,73,145,0,-1,-1,-1
4314,52,215,11,96,207,0,-1,-1,-1
4321,53,211,12,86,220,0,-1,-1,-1
4322,54,199,0,152,360,0,-1,-1,-1
4323,54,239,0,117,241,0,-1,-1,-1
4325,54,101,178,183,177,0,-1,-1,-1
4326,55,403,2,77,231,0,-1,-1,-1
4327,56,47,0,68,150,0,-1,-1,-1
4334,57,331,65,154,275,0,-1,-1,-1
4341,58,549,30,91,279,0,-1,-1,-1
4342,58,550,32,88,301,0,-1,-1,-1
4399,59,524,0,67,109,0,-1,-1,-1
4399,60,466,0,64,96,0,-1,-1,-1
4399,61,476,0,83,101,0,-1,-1,-1
4400,59,462,2,82,191,0,-1,-1,-1
4401,59,353,18,83,219,0,-1,-1,-1
4402,59,347,19,97,218,0,-1,-1,-1
4403,59,349,30,95,207,0,-1,-1,-1
4404,59,429,2,88,219,0,-1,-1,-1
4405,59,424,2,66,154,0,-1,-1,-1
4470,62,410,6,81,138,0,-1,-1,-1
4502,63,495,2,73,118,0,-1,-1,-1
4503,63,258,2,64,156,0,-1,-1,-1
4504,63,147,0,73,148,0,-1,-1,-1
4508,64,490,3,90,184,0,-1,-1,-1
4517,65,570,2,53,147,0,-1,-1,-1
4523,66,261,27,89,300,0,-1,-1,-1
4534,67,460,6,89,225,0,-1,-1,-1
4537,67,106,168,198,187,0,-1,-1,-1
4549,68,100,21,78,117,0,-1,-1,-1
4550,68,533,0,105,196,0,-1,-1,-1
4551,68,492,0,71,159,0,-1,-1,-1
4553,69,429,4,115,199,0,-1,-1,-1
4559,70,7,78,125,194,0,-1,-1,-1
4560,70,416,3,69,104,0,-1,-1,-1
4571,71,375,17,84,217,0,-1,-1,-1
4575,72,252,37,105,254,0,-1,-1,-1
4588,73,351,42,81,237,0,-1,-1,-1
4625,74,441,19,106,293,0,-1,-1,-1
4934,75,151,0,64,158,0,-1,-1,-1
4941,76,502,14,129,286,0,-1,-1,-1
5327,77,555,1,69,111,0,-1,-1,-1
5328,78,408,2,68,101,0,-1,-1,-1
5741,79,43,0,83,227,0,-1,-1,-1
5744,79,534,10,101,246,0,-1,-1,-1
6100,80,276,0,49,96,0,-1,-1,-1
6116,81,85,11,76,225,0,-1,-1,-1
6316,82,412,0,64,83,0,-1,-1,-1
6390,83,558,16,80,219,0,-1,-1,-1
6399,84,509,51,131,239,0,-1,-1,-1
6606,85,341,0,70,85,0,-1,-1,-1
6612,86,212,0,52,96,0,-1,-1,-1
6687,87,236,0,45,96,0,-1,-1,-1
6710,88,250,2,29,68,0,-1,-1,-1
6730,89,319,90,111,259,0,-1,-1,-1
7013,90,427,0,58,85,0,-1,-1,-1
7055,91,539,8,97,248,0,-1,-1,-1
7056,92,153,198,163,155,0,-1,-1,-1
7057,93,331,11,79,230,0,-1,-1,-1
7058,93,306,0,79,205,0,-1,-1,-1
7059,93,297,0,86,210,0,-1,-1,-1
7061,93,254,15,91,275,0,-1,-1,-1
7061,94,346,9,86,290,0,-1,-1,-1
7064,93,351,1,62,137,0,-1,-1,-1
7074,95,326,63,102,286,0,-1,-1,-1
7075,95,276,7,103,339,0,-1,-1,-1
7075,96,407,22,89,182,0,-1,-1,-1
7076,95,117,11,96,273,0,-1,-1,-1
7076,96,285,0,71,99,0,-1,-1,-1
7090,97,406,0,74,77,0,-1,-1,-1
7091,98,427,0,73,87,0,-1,-1,-1
7139,99,451,0,71,116,0,-1,-1,-1
7146,100,355,1,71,119,0,-1,-1,-1
7220,101,180,0,55,87,0,-1,-1,-1
7294,102,466,0,63,95,0,-1,-1,-1
7343,103,301,87,112,259,0,-1,-1,-1
7705,104,264,0,58,93,0,-1,-1,-1
7711,105,436,0,68,114,0,-1,-1,-1
7756,106,538,0,81,106,0,-1,-1,-1
7758,107,146,0,53,120,0,-1,-1,-1
7772,108,359,0,66,86,0,-1,-1,-1
7819,109,328,0,76,121,0,-1,-1,-1
7901,110,325,0,58,114,0,-1,-1,-1
7913,111,244,0,42,94,0,-1,-1,-1
7914,111,337,0,79,223,0,-1,-1,-1
7950,112,354,3,49,131,0,-1,-1,-1
7951,112,223,0,40,95,0,-1,-1,-1
7954,112,443,0,37,79,0,-1,-1,-1
8027,113,296,0,52,108,0,-1,-1,-1
8065,114,429,0,62,92,0,-1,-1,-1
8069,115,196,213,119,138,0,-1,-1,-1
8071,115,271,184,134,168,0,-1,-1,-1
8072,116,293,120,114,226,0,-1,-1,-1
8073,116,543,24,97,257,0,-1,-1,-1
8073,117,391,9,73,234,0,-1,-1,-1
8074,118,481,0,70,157,0,-1,-1,-1
8075,119,527,0,64,143,0,-1,-1,-1
8075,118,446,0,83,147,0,-1,-1,-1
8148,120,424,0,65,83,0,-1,-1,-1
8151,121,486,0,87,115,0,-1,-1,-1
8190,122,293,0,50,50,0,-1,-1,-1
8215,123,335,0,47,110,0,-1,-1,-1
8254,124,344,0,52,100,0,-1,-1,-1
8299,125,438,0,96,89,0,-1,-1,-1
8325,126,540,1,71,106,0,-1,-1,-1
8345,127,293,0,74,98,0,-1,-1,-1
8346,127,152,0,60,92,0,-1,-1,-1
8347,127,515,0,72,133,0,-1,-1,-1
8348,127,498,0,62,127,0,-1,-1,-1
8349,127,430,0,62,105,0,-1,-1,-1
8349,128,570,0,51,98,0,-1,-1,-1
8350,127,519,0,70,115,0,-1,-1,-1
8350,129,587,0,49,95,0,-1,-1,-1
8351,127,500,0,55,105,0,-1,-1,-1
8351,129,573,0,50,95,0,-1,-1,-1
8351,128,212,0,30,61,0,-1,-1,-1
8351,130,299,0,40,65,0,-1,-1,-1
8352,128,369,0,55,96,0,-1,-1,-1
8352,130,449,1,65,101,0,-1,-1,-1
8353,128,251,0,70,94,0,-1,-1,-1
8353,130,287,0,67,92,0,-1,-1,-1
8354,130,151,0,68,86,0,-1,-1,-1
8399,131,234,1,42,58,0,-1,-1,-1
8400,132,336,8,80,215,0,-1,-1,-1
8400,131,234,10,67,209,0,-1,-1,-1
8404,133,515,24,122,271,0,-1,-1,-1
8515,134,346,23,94,270,0,-1,-1,-1
8515,135,269,7,76,232,0,-1,-1,-1
8516,135,9,95,130,262,0,-1,-1,-1
8516,134,126,72,127,278,0,-1,-1,-1
8517,135,141,50,113,305,0,-1,-1,-1
8517,134,0,90,100,257,0,-1,-1,-1
8518,135,185,24,114,251,0,-1,-1,-1
8559,136,364,0,63,155,0,-1,-1,-1
8592,137,191,4,65,168,0,-1,-1,-1
8598,138,244,0,28,52,0,-1,-1,-1
8607,139,289,0,74,109,0,-1,-1,-1
8608,140,542,1,85,146,0,-1,-1,-1
8632,141,272,0,35,53,0,-1,-1,-1
8649,142,540,2,56,98,0,-1,-1,-1
8650,143,372,1,70,122,0,-1,-1,-1
8651,143,415,0,47,110,0,-1,-1,-1
8651,144,247,3,58,111,0,-1,-1,-1
8652,143,256,0,60,128,0,-1,-1,-1
8652,144,139,5,62,108,0,-1,-1,-1
8652,142,458,1,67,122,0,-1,-1,-1
8653,142,349,0,62,106,0,-1,-1,-1
8653,143,300,0,55,114,0,-1,-1,-1
8685,145,522,1,72,98,0,-1,-1,-1
8685,146,405,0,50,90,0,-1,-1,-1
8686,145,445,0,82,104,0,-1,-1,-1
8704,147,575,0,52,115,0,-1,-1,-1
8705,147,474,0,71,110,0,-1,-1,-1
8706,148,437,0,53,115,0,-1,-1,-1
8707,148,453,0,65,106,0,-1,-1,-1
8707,147,217,0,53,92,0,-1,-1,-1
8709,149,451,12,64,146,0,-1,-1,-1
8710,149,399,6,70,226,0,-1,-1,-1
8710,148,414,5,83,225,0,-1,-1,-1
8738,150,498,0,62,109,0,-1,-1,-1
8761,151,448,0,65,98,0,-1,-1,-1
8771,152,69,25,102,262,0,-1,-1,-1
8772,153,426,0,59,85,0,-1,-1,-1
8788,154,150,5,69,141,0,-1,-1,-1
8812,155,435,0,58,95,0,-1,-1,-1
8830,156,343,0,71,79,0,-1,-1,-1
8840,157,466,0,95,122,0,-1,-1,-1
8914,158,304,0,44,50,0,-1,-1,-1
9030,159,366,0,60,98,0,-1,-1,-1
9055,160,549,0,85,136,0,-1,-1,-1
9055,161,491,0,65,105,0,-1,-1,-1
9068,162,173,17,88,257,0,-1,-1,-1
9068,163,83,11,94,274,0,-1,-1,-1
9069,163,429,91,152,250,0,-1,-1,-1
9076,164,519,8,101,257,0,-1,-1,-1
9107,165,405,0,48,101,0,-1,-1,-1
9108,166,346,75,141,271,0,-1,-1,-1
9109,166,545,6,93,286,0,-1,-1,-1
9113,167,444,0,40,58,0,-1,-1,-1
9125,168,189,0,71,103,0,-1,-1,-1
9125,169,212,0,63,105,0,-1,-1,-1
9126,169,216,2,64,99,0,-1,-1,-1
9126,168,180,1,76,101,0,-1,-1,-1
9127,168,166,0,62,97,0,-1,-1,-1
9127,169,222,0,58,102,0,-1,-1,-1
9128,168,220,0,60,100,0,-1,-1,-1
9128,170,169,0,60,96,0,-1,-1,-1
9128,171,180,1,71,102,0,-1,-1,-1
9131,171,222,1,57,99,0,-1,-1,-1
9131,170,167,0,62,95,0,-1,-1,-1
9133,170,167,0,57,95,0,-1,-1,-1
9133,171,224,0,54,99,0,-1,-1,-1
9134,170,175,1,92,71,0,-1,-1,-1
9137,170,237,177,179,167,0,-1,-1,-1
9138,170,65,163,164,187,0,-1,-1,-1
9141,170,466,156,148,185,0,-1,-1,-1
9142,172,435,91,168,251,0,-1,-1,-1
9143,173,343,1,74,110,0,-1,-1,-1
9152,174,315,3,62,162,0,-1,-1,-1
9153,174,202,0,61,96,0,-1,-1,-1
9156,175,488,26,126,256,0,-1,-1,-1
9157,175,548,0,70,100,0,-1,-1,-1
9203,176,551,5,86,233,0,-1,-1,-1
9203,177,407,0,98,221,0,-1,-1,-1
9204,178,193,15,82,241,0,-1,-1,-1
9204,179,35,0,86,243,0,-1,-1,-1
9204,177,297,18,116,332,0,-1,-1,-1
9205,178,166,67,133,284,0,-1,-1,-1
9205,179,489,25,107,278,0,-1,-1,-1
9206,178,379,99,153,241,0,-1,-1,-1
9208,178,487,0,63,102,0,-1,-1,-1
9217,180,113,79,121,277,0,-1,-1,-1
9217,181,50,1,71,140,0,-1,-1,-1
9218,182,256,0,51,92,0,-1,-1,-1
9218,181,163,1,68,112,0,-1,-1,-1
9262,183,363,2,36,59,0,-1,-1,-1
9285,184,292,5,40,54,0,-1,-1,-1
9285,185,245,4,25,52,0,-1,-1,-1
9292,186,433,0,97,181,0,-1,-1,-1
9292,187,554,0,72,107,0,-1,-1,-1
9293,186,141,0,71,149,0,-1,-1,-1
9299,188,467,0,88,111,0,-1,-1,-1
9304,189,114,77,157,275,0,-1,-1,-1
9305,189,490,0,74,114,0,-1,-1,-1
9317,190,365,86,156,257,0,-1,-1,-1
9321,191,202,238,270,122,0,-1,-1,-1
9322,192,25,66,131,290,0,-1,-1,-1
9322,193,152,13,97,208,0,-1,-1,-1
9324,192,409,0,80,81,0,-1,-1,-1
9343,194,416,9,99,271,0,-1,-1,-1
9348,195,382,0,81,92,0,-1,-1,-1
9348,196,363,0,64,92,0,-1,-1,-1
9356,197,522,2,61,93,0,-1,-1,-1
9374,198,23,3,61,127,0,-1,-1,-1
9375,199,180,0,67,121,0,-1,-1,-1
9376,199,284,0,52,98,0,-1,-1,-1
9477,200,409,0,88,153,0,-1,-1,-1
9477,201,480,7,72,113,0,-1,-1,-1
9478,200,192,0,74,138,0,-1,-1,-1
9478,202,269,0,75,126,0,-1,-1,-1
9479,200,163,1,68,92,0,-1,-1,-1
9483,203,230,0,35,61,0,-1,-1,-1
9531,204,380,1,71,104,0,-1,-1,-1
9541,205,111,0,64,91,0,-1,-1,-1
9543,205,244,3,32,55,0,-1,-1,-1
9549,206,295,0,55,89,0,-1,-1,-1
9550,206,282,0,59,89,0,-1,-1,-1
9551,206,227,3,41,58,0,-1,-1,-1
9559,207,297,0,48,109,0,-1,-1,-1
9560,207,285,13,101,225,0,-1,-1,-1
9564,208,244,95,125,250,0,-1,-1,-1
9565,208,230,43,110,235,0,-1,-1,-1
9566,209,238,0,43,95,0,-1,-1,-1
9566,210,337,0,46,99,0,-1,-1,-1
9570,211,271,1,37,64,0,-1,-1,-1
9582,212,392,2,77,209,0,-1,-1,-1
9586,213,300,0,61,106,0,-1,-1,-1
9587,213,279,0,62,109,0,-1,-1,-1
9601,214,288,3,67,116,0,-1,-1,-1
9601,215,371,0,54,109,0,-1,-1,-1
9602,215,495,2,78,203,0,-1,-1,-1
9613,216,433,0,74,103,0,-1,-1,-1
9619,217,548,137,86,125,0,-1,-1,-1
9620,217,292,13,73,208,0,-1,-1,-1
9622,217,531,0,57,104,0,-1,-1,-1
9622,218,543,150,97,128,0,-1,-1,-1
9623,218,524,0,64,100,0,-1,-1,-1
9625,218,537,147,103,120,0,-1,-1,-1
9625,217,430,1,61,106,0,-1,-1,-1
9631,219,325,46,98,228,0,-1,-1,-1
9631,220,261,43,71,217,0,-1,-1,-1
9646,221,410,0,61,106,0,-1,-1,-1
9667,222,557,141,83,115,0,-1,-1,-1
9669,222,562,143,78,115,0,-1,-1,-1
9671,222,565,140,72,119,0,-1,-1,-1
9695,223,436,13,88,200,0,-1,-1,-1
9695,224,360,20,70,176,0,-1,-1,-1
9724,225,473,0,80,125,0,-1,-1,-1
9730,226,0,109,105,246,0,-1,-1,-1
9730,227,76,46,105,251,0,-1,-1,-1
9734,228,454,0,105,204,0,-1,-1,-1
9750,229,352,14,39,103,0,-1,-1,-1
9750,230,144,1,63,121,0,-1,-1,-1
9750,231,232,0,59,132,0,-1,-1,-1
9751,231,424,3,98,285,0,-1,-1,-1
9751,229,90,0,64,159,0,-1,-1,-1
9751,230,293,42,50,115,0,-1,-1,-1
9751,232,159,0,60,154,0,-1,-1,-1
9752,229,230,22,45,116,0,-1,-1,-1
9753,232,203,0,28,51,0,-1,-1,-1
9769,233,323,28,71,154,0,-1,-1,-1
9769,234,222,3,62,152,0,-1,-1,-1
9773,235,268,0,30,56,0,-1,-1,-1
9781,236,361,0,64,96,0,-1,-1,-1
9781,237,271,0,45,96,0,-1,-1,-1
9781,238,476,0,74,87,0,-1,-1,-1
9791,239,375,0,85,147,0,-1,-1,-1
9792,239,154,0,68,93,0,-1,-1,-1
9792,240,278,1,31,69,0,-1,-1,-1
9831,241,556,133,84,135,0,-1,-1,-1
9840,242,36,45,85,162,0,-1,-1,-1
9841,242,162,0,52,89,0,-1,-1,-1
9843,242,0,148,149,204,0,-1,-1,-1
9849,243,555,150,85,132,0,-1,-1,-1
9850,244,122,0,69,153,0,-1,-1,-1
9855,245,549,142,89,121,0,-1,-1,-1
9856,245,534,1,55,92,0,-1,-1,-1
9858,246,541,150,87,111,0,-1,-1,-1
9859,246,544,147,79,109,0,-1,-1,-1
9860,246,512,2,79,243,0,-1,-1,-1
9861,246,133,175,127,180,0,-1,-1,-1
9862,246,178,129,138,223,0,-1,-1,-1
9864,246,351,78,122,244,0,-1,-1,-1
9865,246,418,98,141,246,0,-1,-1,-1
9866,246,310,107,106,239,0,-1,-1,-1
9867,246,442,132,100,214,0,-1,-1,-1
9868,246,385,29,68,270,0,-1,-1,-1
9868,247,2,97,126,256,0,-1,-1,-1
9869,247,2,72,90,283,0,-1,-1,-1
9870,247,390,2,59,124,0,-1,-1,-1
9871,247,354,5,53,93,0,-1,-1,-1
9874,247,85,12,94,228,0,-1,-1,-1
9874,248,247,13,61,210,0,-1,-1,-1
9875,247,57,21,122,214,0,-1,-1,-1
9875,248,241,47,91,286,0,-1,-1,-1
9877,248,277,101,118,247,0,-1,-1,-1
9877,247,136,119,130,227,0,-1,-1,-1
9878,247,359,95,109,252,0,-1,-1,-1
9878,248,183,130,114,220,0,-1,-1,-1
9879,247,426,0,78,83,0,-1,-1,-1
9880,249,222,138,248,214,0,-1,-1,-1
9880,248,454,118,95,224,0,-1,-1,-1
9881,248,284,59,127,280,0,-1,-1,-1
9881,249,203,83,154,262,0,-1,-1,-1
9882,248,396,133,227,206,0,-1,-1,-1
9882,249,168,203,211,151,0,-1,-1,-1
9883,248,468,131,167,200,0,-1,-1,-1
9884,248,433,141,206,206,0,-1,-1,-1
9885,248,434,142,206,204,0,-1,-1,-1
9886,248,440,141,200,208,0,-1,-1,-1
9887,248,411,142,210,206,0,-1,-1,-1
9888,248,471,84,169,213,0,-1,-1,-1
9897,250,571,43,68,227,0,-1,-1,-1
9904,251,386,0,87,107,0,-1,-1,-1
9908,252,579,2,61,254,0,-1,-1,-1
9921,253,576,5,64,254,0,-1,-1,-1
9923,254,409,3,59,242,0,-1,-1,-1
9924,254,419,1,75,222,0,-1,-1,-1
9925,254,487,3,93,224,0,-1,-1,-1
9926,254,536,15,103,235,0,-1,-1,-1
9927,254,482,0,109,217,0,-1,-1,-1
9928,255,447,33,73,269,0,-1,-1,-1
9930,255,168,175,244,177,0,-1,-1,-1
9930,254,316,66,91,243,0,-1,-1,-1
9931,254,421,76,123,267,0,-1,-1,-1
9931,255,293,193,152,155,0,-1,-1,-1
9931,256,216,0,72,128,0,-1,-1,-1
9931,257,319,0,58,93,0,-1,-1,-1
9932,254,392,162,221,152,0,-1,-1,-1
9932,255,297,174,265,174,0,-1,-1,-1
9933,255,318,140,161,203,0,-1,-1,-1
9933,254,264,175,204,173,0,-1,-1,-1
9934,255,409,69,98,249,0,-1,-1,-1
9934,254,312,24,79,228,0,-1,-1,-1
9935,255,340,127,206,218,0,-1,-1,-1
9935,254,306,75,91,256,0,-1,-1,-1
9937,255,299,106,297,243,0,-1,-1,-1
9938,255,335,132,143,205,0,-1,-1,-1
9938,254,417,91,114,247,0,-1,-1,-1
9938,258,104,27,82,172,0,-1,-1,-1
9939,255,25,36,91,180,0,-1,-1,-1
9941,255,492,38,81,217,0,-1,-1,-1
9941,259,566,10,73,235,0,-1,-1,-1
9942,259,493,14,97,248,0,-1,-1,-1
9943,259,485,34,97,217,0,-1,-1,-1
9944,260,510,27,96,248,0,-1,-1,-1
9945,260,501,23,104,254,0,-1,-1,-1
9946,261,299,2,58,110,0,-1,-1,-1
9949,262,513,1,90,226,0,-1,-1,-1
9950,262,488,0,82,251,0,-1,-1,-1
9950,263,333,0,48,57,0,-1,-1,-1
9950,264,572,16,68,267,0,-1,-1,-1
9951,262,394,5,80,236,0,-1,-1,-1
9952,264,503,11,132,237,0,-1,-1,-1
9952,265,7,3,86,142,0,-1,-1,-1
9953,264,506,5,97,260,0,-1,-1,-1
9953,265,303,0,63,99,0,-1,-1,-1
9957,266,489,0,98,219,0,-1,-1,-1
9958,266,455,1,78,218,0,-1,-1,-1
9959,266,486,0,81,210,0,-1,-1,-1
9960,266,365,0,62,89,0,-1,-1,-1
9961,266,426,27,90,279,0,-1,-1,-1
9961,267,529,31,110,262,0,-1,-1,-1
9962,266,474,32,155,297,0,-1,-1,-1
9963,266,484,37,155,283,0,-1,-1,-1
9964,266,517,30,119,293,0,-1,-1,-1
9965,268,521,42,114,274,0,-1,-1,-1
9965,269,518,25,67,114,0,-1,-1,-1
9966,269,462,16,177,296,0,-1,-1,-1
9967,269,492,40,148,279,0,-1,-1,-1
9968,269,301,55,132,265,0,-1,-1,-1
9968,268,524,35,89,256,0,-1,-1,-1
9969,270,375,42,87,296,0,-1,-1,-1
9970,270,366,47,87,301,0,-1,-1,-1
9970,268,375,45,129,301,0,-1,-1,-1
9971,268,268,66,89,281,0,-1,-1,-1
9971,269,388,54,97,278,0,-1,-1,-1
9972,271,134,100,197,252,0,-1,-1,-1
9972,269,328,51,92,290,0,-1,-1,-1
9973,271,249,98,107,251,0,-1,-1,-1
9973,269,316,99,120,246,0,-1,-1,-1
9974,269,267,105,123,242,0,-1,-1,-1
9974,271,179,120,119,228,0,-1,-1,-1
9975,271,430,64,118,279,0,-1,-1,-1
9975,272,336,77,110,273,0,-1,-1,-1
9976,271,312,99,115,247,0,-1,-1,-1
9976,272,433,95,141,234,0,-1,-1,-1
9977,271,292,83,126,263,0,-1,-1,-1
9977,273,210,90,124,258,0,-1,-1,-1
9977,272,249,84,145,270,0,-1,-1,-1
9978,271,150,123,147,227,0,-1,-1,-1
9979,274,467,52,105,231,0,-1,-1,-1
9979,275,387,101,105,240,0,-1,-1,-1
9979,276,260,2,90,173,0,-1,-1,-1
9980,274,221,65,98,277,0,-1,-1,-1
9980,273,358,84,172,261,0,-1,-1,-1
9980,276,467,89,123,180,0,-1,-1,-1
9981,273,0,108,149,249,0,-1,-1,-1
9982,273,565,32,74,260,0,-1,-1,-1
9982,276,1,153,225,200,0,-1,-1,-1
9983,273,495,5,115,200,0,-1,-1,-1
9984,273,563,2,75,256,0,-1,-1,-1
9985,273,417,54,133,293,0,-1,-1,-1
9985,276,503,52,102,216,0,-1,-1,-1
9986,273,429,68,147,273,0,-1,-1,-1
9987,273,425,83,114,258,0,-1,-1,-1
9987,276,119,0,60,100,0,-1,-1,-1
9987,277,525,74,109,212,0,-1,-1,-1
9990,273,362,23,161,281,0,-1,-1,-1
9991,273,338,76,103,272,0,-1,-1,-1
9991,278,258,85,114,265,0,-1,-1,-1
9992,278,267,81,90,260,0,-1,-1,-1
9992,273,395,58,89,284,0,-1,-1,-1
9993,273,370,49,94,276,0,-1,-1,-1
9993,278,282,71,102,278,0,-1,-1,-1
9994,273,347,58,92,280,0,-1,-1,-1
9994,278,275,71,103,275,0,-1,-1,-1
9995,273,373,53,103,282,0,-1,-1,-1
9995,278,289,76,91,273,0,-1,-1,-1
9996,278,178,101,122,246,0,-1,-1,-1
9996,273,372,45,109,285,0,-1,-1,-1
9997,278,173,99,124,245,0,-1,-1,-1
9998,278,211,98,135,249,0,-1,-1,-1
9998,273,269,91,120,243,0,-1,-1,-1
9999,278,495,16,92,248,0,-1,-1,-1
9999,279,196,143,94,206,0,-1,-1,-1
10002,278,310,8,83,161,0,-1,-1,-1
10002,280,25,0,70,157,0,-1,-1,-1
10003,280,352,2,75,142,0,-1,-1,-1
10003,278,59,72,105,263,0,-1,-1,-1
10004,278,160,16,91,224,0,-1,-1,-1
10004,280,239,53,93,187,0,-1,-1,-1
10004,281,538,44,101,272,0,-1,-1,-1
10005,278,461,58,178,244,0,-1,-1,-1
10006,280,411,28,104,245,0,-1,-1,-1
10006,278,509,34,110,260,0,-1,-1,-1
10007,278,512,43,96,232,0,-1,-1,-1
10007,280,495,29,84,213,0,-1,-1,-1
10008,278,510,41,98,240,0,-1,-1,-1
10008,280,499,26,88,214,0,-1,-1,-1
10009,278,528,19,106,303,0,-1,-1,-1
10010,278,247,6,75,169,0,-1,-1,-1
10010,280,530,34,110,270,0,-1,-1,-1
10011,280,267,0,60,128,0,-1,-1,-1
10012,278,472,120,168,223,0,-1,-1,-1
10012,282,314,0,32,73,0,-1,-1,-1
10013,282,199,0,70,88,0,-1,-1,-1
10014,278,94,3,99,312,0,-1,-1,-1
10014,283,505,74,132,261,0,-1,-1,-1
10015,282,49,67,129,285,0,-1,-1,-1
10015,284,254,2,62,114,0,-1,-1,-1
10016,282,147,0,66,105,0,-1,-1,-1
10018,282,196,0,68,161,0,-1,-1,-1
10021,282,384,55,102,292,0,-1,-1,-1
10021,285,159,0,56,95,0,-1,-1,-1
10021,286,225,0,49,90,0,-1,-1,-1
10021,287,494,106,132,196,0,-1,-1,-1
10023,287,421,204,209,143,0,-1,-1,-1
10026,288,389,173,248,168,0,-1,-1,-1
10028,289,134,33,117,230,0,-1,-1,-1
10030,289,360,1,75,100,0,-1,-1,-1
10031,289,221,0,80,102,0,-1,-1,-1
10032,289,182,0,65,95,0,-1,-1,-1
10033,290,3,58,98,281,0,-1,-1,-1
10034,289,0,103,152,252,0,-1,-1,-1
10037,289,147,100,178,256,0,-1,-1,-1
10038,291,190,198,111,154,0,-1,-1,-1
10039,291,198,195,117,156,0,-1,-1,-1
10040,291,176,126,133,221,0,-1,-1,-1
10041,291,179,161,188,189,0,-1,-1,-1
10042,291,183,197,119,153,0,-1,-1,-1
10043,292,208,131,147,211,0,-1,-1,-1
10043,291,105,214,126,135,0,-1,-1,-1
10044,292,99,134,128,208,0,-1,-1,-1
10045,292,93,204,158,151,0,-1,-1,-1
10045,293,0,123,113,233,0,-1,-1,-1
10046,293,78,119,161,235,0,-1,-1,-1
10047,293,78,116,208,237,0,-1,-1,-1
10052,294,323,43,102,301,0,-1,-1,-1
10054,295,582,1,58,259,0,-1,-1,-1
10055,295,583,4,57,253,0,-1,-1,-1
10056,295,581,2,59,255,0,-1,-1,-1
10057,295,515,0,85,240,0,-1,-1,-1
10060,295,503,56,132,281,0,-1,-1,-1
10062,296,291,0,99,242,0,-1,-1,-1
10063,296,173,0,82,152,0,-1,-1,-1
10064,296,355,22,79,214,0,-1,-1,-1
10064,297,286,0,66,119,0,-1,-1,-1
10064,298,457,2,126,282,0,-1,-1,-1
10065,297,343,0,84,101,0,-1,-1,-1
10066,297,251,0,61,92,0,-1,-1,-1
10067,296,162,0,65,95,0,-1,-1,-1
10068,296,116,25,87,253,0,-1,-1,-1
10069,299,2,94,114,262,0,-1,-1,-1
10070,299,83,10,77,214,0,-1,-1,-1
10071,299,77,18,85,246,0,-1,-1,-1
10071,296,246,40,68,291,0,-1,-1,-1
10072,299,97,57,126,295,0,-1,-1,-1
10072,296,260,61,92,289,0,-1,-1,-1
10072,300,148,0,83,155,0,-1,-1,-1
10073,299,111,1,65,173,0,-1,-1,-1
10074,299,106,2,69,127,0,-1,-1,-1
10074,296,538,0,51,108,0,-1,-1,-1
10075,299,155,4,68,127,0,-1,-1,-1
10076,299,3,161,135,197,0,-1,-1,-1
10077,299,0,148,168,208,0,-1,-1,-1
10078,299,2,131,195,222,0,-1,-1,-1
10078,301,183,0,63,169,0,-1,-1,-1
10079,301,34,37,108,276,0,-1,-1,-1
10079,299,172,21,71,244,0,-1,-1,-1
10079,302,374,0,38,55,0,-1,-1,-1
10080,301,5,37,113,271,0,-1,-1,-1
10080,299,141,146,86,199,0,-1,-1,-1
10081,301,145,42,83,257,0,-1,-1,-1
10081,299,14,44,103,266,0,-1,-1,-1
10082,301,113,0,67,134,0,-1,-1,-1
10082,299,204,0,39,112,0,-1,-1,-1
10083,299,124,1,78,115,0,-1,-1,-1
10084,299,60,62,186,290,0,-1,-1,-1
10086,303,0,107,143,245,0,-1,-1,-1
10088,303,481,3,96,232,0,-1,-1,-1
10089,303,441,2,82,202,0,-1,-1,-1
10090,303,347,56,101,286,0,-1,-1,-1
10090,304,477,35,102,264,0,-1,-1,-1
10091,304,431,41,127,278,0,-1,-1,-1
10091,303,532,43,106,250,0,-1,-1,-1
10092,303,356,98,137,250,0,-1,-1,-1
10092,304,280,117,180,230,0,-1,-1,-1
10093,303,360,17,135,252,0,-1,-1,-1
10094,305,323,0,70,99,0,-1,-1,-1
10098,306,104,13,118,238,0,-1,-1,-1
10101,306,2,172,97,188,0,-1,-1,-1
10102,306,19,79,111,267,0,-1,-1,-1
10102,307,358,0,74,103,0,-1,-1,-1
10108,308,180,0,63,143,0,-1,-1,-1
10109,308,161,0,68,95,0,-1,-1,-1
10110,308,123,0,96,235,0,-1,-1,-1
10111,308,541,0,49,86,0,-1,-1,-1
10114,308,265,176,135,174,0,-1,-1,-1
10115,308,0,187,138,168,0,-1,-1,-1
10115,309,102,9,70,246,0,-1,-1,-1
10116,309,131,100,96,249,0,-1,-1,-1
10116,308,0,69,85,281,0,-1,-1,-1
10117,309,52,44,89,256,0,-1,-1,-1
10117,308,220,26,82,249,0,-1,-1,-1
10119,309,257,23,96,243,0,-1,-1,-1
10119,308,152,16,70,223,0,-1,-1,-1
10120,308,67,135,151,216,0,-1,-1,-1
10122,308,180,44,89,284,0,-1,-1,-1
10122,310,26,72,85,245,0,-1,-1,-1
10124,310,295,0,52,99,0,-1,-1,-1
10125,310,486,83,97,204,0,-1,-1,-1
10129,311,344,59,106,282,0,-1,-1,-1
10129,312,473,58,122,273,0,-1,-1,-1
10130,312,435,104,124,234,0,-1,-1,-1
10130,311,361,122,93,220,0,-1,-1,-1
10130,313,254,0,83,190,0,-1,-1,-1
10131,311,440,105,94,239,0,-1,-1,-1
10131,314,37,91,109,261,0,-1,-1,-1
10131,312,516,93,97,199,0,-1,-1,-1
10132,311,237,81,110,268,0,-1,-1,-1
10132,314,67,51,77,239,0,-1,-1,-1
10132,312,555,27,85,250,0,-1,-1,-1
10133,312,81,55,117,258,0,-1,-1,-1
10133,313,533,15,105,270,0,-1,-1,-1
10133,314,469,11,61,248,0,-1,-1,-1
10134,314,415,32,88,286,0,-1,-1,-1
10134,313,521,50,84,244,0,-1,-1,-1
10134,311,106,22,99,218,0,-1,-1,-1
10134,312,2,45,102,217,0,-1,-1,-1
10134,315,151,4,66,165,0,-1,-1,-1
10135,314,308,114,142,229,0,-1,-1,-1
10135,311,396,101,116,200,0,-1,-1,-1
10136,313,276,0,64,94,0,-1,-1,-1
10136,314,390,87,148,259,0,-1,-1,-1
10136,311,467,92,122,194,0,-1,-1,-1
10141,316,136,4,91,198,0,-1,-1,-1
10144,316,0,152,133,205,0,-1,-1,-1
10145,316,86,0,55,141,0,-1,-1,-1
10145,317,192,1,58,145,0,-1,-1,-1
10149,318,138,4,87,238,0,-1,-1,-1
10153,319,410,143,103,201,0,-1,-1,-1
10154,319,440,136,165,205,0,-1,-1,-1
10154,320,260,3,67,243,0,-1,-1,-1
10155,319,188,45,105,283,0,-1,-1,-1
10155,320,388,22,86,252,0,-1,-1,-1
10156,320,194,35,70,272,0,-1,-1,-1
10156,321,398,13,81,263,0,-1,-1,-1
10156,322,454,0,65,98,0,-1,-1,-1
10157,321,230,7,62,222,0,-1,-1,-1
10158,321,399,19,67,257,0,-1,-1,-1
10159,321,170,27,88,249,0,-1,-1,-1
10159,320,413,3,57,275,0,-1,-1,-1
10160,320,84,36,121,253,0,-1,-1,-1
10160,323,407,6,57,271,0,-1,-1,-1
10161,324,314,1,34,52,0,-1,-1,-1
10162,323,230,71,101,273,0,-1,-1,-1
10162,324,421,0,70,83,0,-1,-1,-1
10163,323,244,64,100,286,0,-1,-1,-1
10163,320,187,10,52,226,0,-1,-1,-1
10164,323,251,61,82,288,0,-1,-1,-1
10165,323,222,215,195,135,0,-1,-1,-1
10166,323,225,169,161,182,0,-1,-1,-1
10166,320,460,114,171,201,0,-1,-1,-1
10167,325,25,110,174,247,0,-1,-1,-1
10167,320,404,123,91,220,0,-1,-1,-1
10168,325,127,49,79,268,0,-1,-1,-1
10169,325,251,63,139,293,0,-1,-1,-1
10170,325,391,191,139,154,0,-1,-1,-1
10171,325,357,21,106,258,0,-1,-1,-1
10172,325,367,0,65,100,0,-1,-1,-1
10175,325,188,0,58,90,0,-1,-1,-1
10176,326,4,60,172,297,0,-1,-1,-1
10182,327,490,40,109,266,0,-1,-1,-1
10183,327,423,63,97,280,0,-1,-1,-1
10183,328,529,123,110,216,0,-1,-1,-1
10184,328,525,128,114,211,0,-1,-1,-1
10185,328,393,71,87,275,0,-1,-1,-1
10185,327,524,134,116,201,0,-1,-1,-1
10192,329,569,36,70,238,0,-1,-1,-1
10195,330,404,0,64,97,0,-1,-1,-1
10196,331,563,14,74,253,0,-1,-1,-1
10205,332,495,0,71,93,0,-1,-1,-1
10205,333,518,0,65,94,0,-1,-1,-1
10211,334,572,109,66,119,0,-1,-1,-1
10212,334,537,124,98,130,0,-1,-1,-1
10213,334,545,142,90,117,0,-1,-1,-1
10214,334,546,135,93,122,0,-1,-1,-1
10215,334,537,134,103,121,0,-1,-1,-1
10216,334,537,135,103,120,0,-1,-1,-1
10217,335,549,140,89,116,0,-1,-1,-1
10218,335,535,132,104,134,0,-1,-1,-1
10219,335,541,133,98,130,0,-1,-1,-1
10220,335,542,133,96,124,0,-1,-1,-1
10221,335,546,136,93,118,0,-1,-1,-1
10221,336,427,0,59,90,0,-1,-1,-1
10222,335,539,137,99,126,0,-1,-1,-1
10224,335,552,135,86,121,0,-1,-1,-1
10228,337,435,0,84,97,0,-1,-1,-1
10230,337,563,130,76,129,0,-1,-1,-1
10231,337,545,130,83,131,0,-1,-1,-1
10234,337,336,26,80,273,0,-1,-1,-1
10234,338,511,46,108,240,0,-1,-1,-1
10236,337,434,42,113,302,0,-1,-1,-1
10237,337,428,58,103,287,0,-1,-1,-1
10238,337,460,78,140,260,0,-1,-1,-1
10239,337,370,62,180,280,0,-1,-1,-1
10239,339,357,47,110,277,0,-1,-1,-1
10240,337,249,48,108,265,0,-1,-1,-1
10240,340,382,123,130,214,0,-1,-1,-1
10241,337,382,52,150,294,0,-1,-1,-1
10242,337,310,126,176,218,0,-1,-1,-1
10243,337,302,118,133,218,0,-1,-1,-1
10243,340,260,21,68,223,0,-1,-1,-1
10244,337,340,121,136,219,0,-1,-1,-1
10244,340,364,165,138,180,0,-1,-1,-1
10245,340,320,190,193,157,0,-1,-1,-1
10245,337,302,88,85,247,0,-1,-1,-1
10246,337,368,88,111,236,0,-1,-1,-1
10247,337,324,107,108,195,0,-1,-1,-1
10247,340,317,172,216,175,0,-1,-1,-1
10247,341,484,0,78,127,0,-1,-1,-1
10247,342,324,137,154,196,0,-1,-1,-1
10248,340,309,146,192,198,0,-1,-1,-1
10249,341,277,3,31,76,0,-1,-1,-1
10249,340,328,105,97,244,0,-1,-1,-1
10250,340,346,114,132,228,0,-1,-1,-1
10251,340,307,144,146,200,0,-1,-1,-1
10252,341,538,0,98,139,0,-1,-1,-1
10253,341,326,149,171,195,0,-1,-1,-1
10254,341,396,134,96,208,0,-1,-1,-1
10255,341,394,146,111,194,0,-1,-1,-1
10256,341,345,167,134,184,0,-1,-1,-1
10257,341,342,92,104,252,0,-1,-1,-1
10258,341,411,98,118,246,0,-1,-1,-1
10259,341,374,82,102,261,0,-1,-1,-1
10260,341,379,138,149,205,0,-1,-1,-1
10261,341,413,145,148,199,0,-1,-1,-1
10262,341,480,135,147,196,0,-1,-1,-1
10263,341,329,117,115,233,0,-1,-1,-1
10264,341,447,176,159,166,0,-1,-1,-1
10269,343,295,0,53,53,0,-1,-1,-1
10269,344,258,208,137,143,0,-1,-1,-1
10272,345,365,0,90,129,0,-1,-1,-1
10273,345,316,3,69,110,0,-1,-1,-1
10274,345,239,2,36,56,0,-1,-1,-1
10278,346,424,0,66,102,0,-1,-1,-1
10293,347,472,49,103,247,0,-1,-1,-1
10294,347,473,40,96,261,0,-1,-1,-1
10295,347,487,74,151,256,0,-1,-1,-1
10296,348,464,36,81,283,0,-1,-1,-1
10298,348,470,67,103,243,0,-1,-1,-1
10300,348,475,107,110,235,0,-1,-1,-1
10301,348,88,29,104,257,0,-1,-1,-1
10301,349,486,92,110,252,0,-1,-1,-1
10302,349,485,88,113,250,0,-1,-1,-1
10303,349,506,81,104,240,0,-1,-1,-1
10306,349,493,111,105,191,0,-1,-1,-1
10307,349,541,100,97,244,0,-1,-1,-1
10308,349,503,97,112,198,0,-1,-1,-1
10309,349,533,112,106,230,0,-1,-1,-1
10310,350,506,89,119,231,0,-1,-1,-1
10311,350,513,85,116,223,0,-1,-1,-1
10316,351,530,55,107,229,0,-1,-1,-1
10322,352,515,102,118,197,0,-1,-1,-1
10323,352,434,0,103,200,0,-1,-1,-1
10323,353,520,93,119,192,0,-1,-1,-1
10331,354,453,136,123,203,0,-1,-1,-1
10332,354,534,155,106,179,0,-1,-1,-1
10341,355,440,73,114,272,0,-1,-1,-1
10342,355,502,46,98,273,0,-1,-1,-1
10343,355,443,56,93,287,0,-1,-1,-1
10344,355,442,47,95,280,0,-1,-1,-1
10345,356,506,155,132,187,0,-1,-1,-1
10347,356,502,174,135,171,0,-1,-1,-1
10348,356,403,186,206,163,0,-1,-1,-1
10349,357,331,157,99,195,0,-1,-1,-1
10350,357,293,162,114,187,0,-1,-1,-1
10351,357,495,108,102,230,0,-1,-1,-1
10360,358,370,0,93,255,0,-1,-1,-1
10377,359,403,2,74,101,0,-1,-1,-1
10378,360,472,130,145,211,0,-1,-1,-1
10379,360,494,147,144,190,0,-1,-1,-1
10380,360,498,151,140,183,0,-1,-1,-1
10381,360,437,197,177,144,0,-1,-1,-1
10382,361,534,9,61,126,0,-1,-1,-1
10383,362,411,144,146,202,0,-1,-1,-1
10385,362,477,43,112,242,0,-1,-1,-1
10385,363,108,194,124,160,0,-1,-1,-1
10386,362,412,112,225,232,0,-1,-1,-1
10386,363,108,40,81,171,0,-1,-1,-1
10387,362,404,90,124,249,0,-1,-1,-1
10387,364,420,0,75,95,0,-1,-1,-1
10387,365,465,145,154,203,0,-1,-1,-1
10388,365,431,85,108,256,0,-1,-1,-1
10389,365,398,81,112,265,0,-1,-1,-1
10390,365,376,55,98,286,0,-1,-1,-1
10391,365,401,43,77,289,0,-1,-1,-1
10391,366,224,31,68,167,0,-1,-1,-1
10392,366,386,57,85,289,0,-1,-1,-1
10393,366,379,87,128,260,0,-1,-1,-1
10394,366,327,101,119,246,0,-1,-1,-1
10395,366,367,70,111,273,0,-1,-1,-1
10396,366,328,79,100,267,0,-1,-1,-1
10397,366,277,132,111,211,0,-1,-1,-1
10398,366,350,74,124,262,0,-1,-1,-1
10398,367,417,180,162,169,0,-1,-1,-1
10399,366,278,117,135,227,0,-1,-1,-1
10399,367,392,174,179,170,0,-1,-1,-1
10400,366,226,124,127,222,0,-1,-1,-1
10400,367,363,199,155,154,0,-1,-1,-1
10401,367,334,74,111,271,0,-1,-1,-1
10402,367,374,68,135,286,0,-1,-1,-1
10403,367,388,74,114,274,0,-1,-1,-1
10404,367,387,64,115,281,0,-1,-1,-1
10405,367,255,75,119,273,0,-1,-1,-1
10405,368,463,142,175,202,0,-1,-1,-1
10406,368,211,75,109,275,0,-1,-1,-1
10406,367,493,156,142,191,0,-1,-1,-1
10407,368,245,70,98,280,0,-1,-1,-1
10408,368,289,67,86,280,0,-1,-1,-1
10409,368,304,123,186,222,0,-1,-1,-1
10410,368,329,117,125,223,0,-1,-1,-1
10411,368,302,116,119,228,0,-1,-1,-1
10412,368,112,120,128,235,0,-1,-1,-1
10412,369,321,249,110,97,0,-1,-1,-1
10413,368,342,82,136,256,0,-1,-1,-1
10414,368,267,91,87,258,0,-1,-1,-1
10415,368,281,142,110,203,0,-1,-1,-1
10416,368,323,87,93,264,0,-1,-1,-1
10417,368,329,141,138,208,0,-1,-1,-1
10418,368,378,142,123,201,0,-1,-1,-1
10419,368,305,88,113,257,0,-1,-1,-1
10420,368,193,82,86,272,0,-1,-1,-1
10421,368,412,148,107,192,0,-1,-1,-1
10422,368,369,77,153,265,0,-1,-1,-1
10423,368,409,85,102,258,0,-1,-1,-1
10424,368,276,88,93,263,0,-1,-1,-1
10425,368,367,122,126,222,0,-1,-1,-1
10426,368,234,77,104,272,0,-1,-1,-1
10427,368,310,138,142,210,0,-1,-1,-1
10428,368,147,97,108,253,0,-1,-1,-1
10429,368,288,145,171,201,0,-1,-1,-1
10429,370,551,0,59,93,0,-1,-1,-1
10430,370,149,131,150,220,0,-1,-1,-1
10431,370,261,111,150,234,0,-1,-1,-1
10432,370,171,97,129,254,0,-1,-1,-1
10432,371,348,274,98,74,0,-1,-1,-1
10433,370,131,98,105,251,0,-1,-1,-1
10434,370,250,119,135,227,0,-1,-1,-1
10436,372,113,164,99,190,0,-1,-1,-1
10437,372,285,97,101,253,0,-1,-1,-1
10439,372,269,110,121,235,0,-1,-1,-1
10440,372,142,111,110,237,0,-1,-1,-1
10441,372,80,125,174,230,0,-1,-1,-1
10442,372,383,120,96,222,0,-1,-1,-1
10443,372,364,115,127,222,0,-1,-1,-1
10444,372,450,99,129,242,0,-1,-1,-1
10445,372,307,98,118,249,0,-1,-1,-1
10446,372,231,90,106,261,0,-1,-1,-1
10447,373,327,86,90,259,0,-1,-1,-1
10448,373,248,134,129,210,0,-1,-1,-1
10449,374,389,139,157,201,0,-1,-1,-1
10450,374,242,123,139,224,0,-1,-1,-1
10451,374,184,141,114,208,0,-1,-1,-1
10452,374,347,124,130,223,0,-1,-1,-1
10453,374,313,108,80,240,0,-1,-1,-1
10454,374,194,92,109,260,0,-1,-1,-1
10455,374,183,96,139,257,0,-1,-1,-1
10456,374,186,106,111,248,0,-1,-1,-1
10457,374,253,110,112,240,0,-1,-1,-1
10458,374,99,132,134,215,0,-1,-1,-1
10460,374,235,73,155,280,0,-1,-1,-1
10461,375,151,96,95,257,0,-1,-1,-1
10462,375,247,91,83,260,0,-1,-1,-1
10463,375,148,92,98,258,0,-1,-1,-1
10464,375,142,161,130,190,0,-1,-1,-1
10465,375,146,148,127,201,0,-1,-1,-1
10466,375,7,122,145,234,0,-1,-1,-1
10467,375,174,132,105,217,0,-1,-1,-1
10468,375,252,123,98,225,0,-1,-1,-1
10470,375,305,79,110,268,0,-1,-1,-1
10471,375,166,116,129,239,0,-1,-1,-1
10472,375,228,86,108,266,0,-1,-1,-1
10473,376,24,114,128,236,0,-1,-1,-1
10474,376,187,71,110,276,0,-1,-1,-1
10475,376,229,74,124,277,0,-1,-1,-1
10476,376,156,71,116,280,0,-1,-1,-1
10477,376,58,96,121,249,0,-1,-1,-1
10478,376,0,95,125,262,0,-1,-1,-1
10479,376,48,162,113,192,0,-1,-1,-1
10480,376,380,106,125,232,0,-1,-1,-1
10481,376,221,82,95,271,0,-1,-1,-1
10482,376,294,142,119,202,0,-1,-1,-1
10483,376,272,89,122,258,0,-1,-1,-1
10484,376,184,90,115,263,0,-1,-1,-1
10485,376,109,93,131,259,0,-1,-1,-1
10486,376,246,84,91,271,0,-1,-1,-1
10487,376,165,97,103,252,0,-1,-1,-1
10488,376,222,69,86,279,0,-1,-1,-1
10489,376,290,86,95,261,0,-1,-1,-1
10490,376,314,89,114,260,0,-1,-1,-1
10491,376,197,112,126,237,0,-1,-1,-1
10493,376,222,93,158,263,0,-1,-1,-1
10494,377,98,106,126,246,0,-1,-1,-1
10495,377,360,0,61,86,0,-1,-1,-1
10497,377,171,134,210,216,0,-1,-1,-1
10498,377,267,91,115,263,0,-1,-1,-1
10499,377,192,79,105,253,0,-1,-1,-1
10500,377,181,80,117,252,0,-1,-1,-1
10501,377,223,102,113,242,0,-1,-1,-1
10502,377,222,142,145,206,0,-1,-1,-1
10502,378,376,247,110,100,0,-1,-1,-1
10503,377,299,74,84,272,0,-1,-1,-1
10504,377,185,167,157,186,0,-1,-1,-1
10505,377,173,205,159,144,0,-1,-1,-1
10506,377,221,164,156,187,0,-1,-1,-1
10507,379,0,143,114,213,0,-1,-1,-1
10508,379,40,158,133,196,0,-1,-1,-1
10510,380,78,128,116,223,0,-1,-1,-1
10511,380,213,109,123,242,0,-1,-1,-1
10512,380,64,100,121,253,0,-1,-1,-1
10513,380,233,173,180,177,0,-1,-1,-1
10514,380,303,171,139,178,0,-1,-1,-1
10515,380,280,95,142,238,0,-1,-1,-1
10515,381,243,157,180,189,0,-1,-1,-1
10516,380,188,110,159,243,0,-1,-1,-1
10517,380,217,112,127,233,0,-1,-1,-1
10518,382,156,139,152,209,0,-1,-1,-1
10519,382,162,136,145,214,0,-1,-1,-1
10520,382,199,160,146,190,0,-1,-1,-1
10520,380,227,116,122,197,0,-1,-1,-1
10521,380,53,143,258,211,0,-1,-1,-1
10521,382,264,81,94,249,0,-1,-1,-1
10522,382,242,92,106,260,0,-1,-1,-1
10522,380,340,175,145,172,0,-1,-1,-1
10523,380,159,77,99,272,0,-1,-1,-1
10524,380,295,44,136,282,0,-1,-1,-1
10524,382,398,170,146,172,0,-1,-1,-1
10525,380,310,104,177,237,0,-1,-1,-1
10525,382,270,36,77,255,0,-1,-1,-1
10526,383,296,109,182,237,0,-1,-1,-1
10526,380,249,53,77,278,0,-1,-1,-1
10527,383,248,117,126,231,0,-1,-1,-1
10528,380,190,91,90,259,0,-1,-1,-1
10528,383,120,115,117,232,0,-1,-1,-1
10529,383,163,68,99,275,0,-1,-1,-1
10529,380,216,44,94,287,0,-1,-1,-1
10530,383,241,49,117,300,0,-1,-1,-1
10531,383,136,61,135,281,0,-1,-1,-1
10532,383,235,91,112,260,0,-1,-1,-1
10533,383,171,110,153,239,0,-1,-1,-1
10533,384,206,70,132,264,0,-1,-1,-1
10534,384,75,83,164,269,0,-1,-1,-1
10535,384,243,93,100,241,0,-1,-1,-1
10535,383,154,130,163,220,0,-1,-1,-1
10541,385,426,0,74,117,0,-1,-1,-1
10543,386,247,37,84,243,0,-1,-1,-1
10544,386,198,17,93,211,0,-1,-1,-1
10545,386,194,21,100,263,0,-1,-1,-1
10545,387,167,258,81,97,0,-1,-1,-1
10546,387,296,86,114,263,0,-1,-1,-1
10547,387,175,77,113,273,0,-1,-1,-1
10547,386,240,13,86,225,0,-1,-1,-1
10548,387,85,188,146,166,0,-1,-1,-1
10548,386,488,2,87,232,0,-1,-1,-1
10549,386,421,92,170,249,0,-1,-1,-1
10549,387,550,9,83,221,0,-1,-1,-1
10551,387,188,189,139,160,0,-1,-1,-1
10551,386,468,122,94,221,0,-1,-1,-1
10553,388,231,220,199,129,0,-1,-1,-1
10554,388,499,136,124,166,0,-1,-1,-1
10564,389,539,152,101,124,0,-1,-1,-1
10565,389,540,138,99,133,0,-1,-1,-1
10567,389,541,141,97,130,0,-1,-1,-1
10568,389,541,142,97,131,0,-1,-1,-1
10568,390,293,0,44,48,0,-1,-1,-1
10569,389,540,143,98,127,0,-1,-1,-1
10570,389,540,143,98,129,0,-1,-1,-1
10571,389,541,144,96,128,0,-1,-1,-1
10574,389,541,143,96,131,0,-1,-1,-1
10575,389,542,143,96,131,0,-1,-1,-1
10577,389,543,153,94,118,0,-1,-1,-1
10578,389,539,153,99,117,0,-1,-1,-1
10579,389,540,137,98,138,0,-1,-1,-1
10580,389,536,139,98,135,0,-1,-1,-1
10581,389,536,150,104,128,0,-1,-1,-1
10582,389,549,150,89,134,0,-1,-1,-1
10583,389,547,150,93,132,0,-1,-1,-1
10584,389,547,138,91,144,0,-1,-1,-1
10589,391,547,135,92,152,0,-1,-1,-1
10599,392,545,143,95,141,0,-1,-1,-1
10600,392,547,137,92,148,0,-1,-1,-1
10601,392,545,139,95,144,0,-1,-1,-1
10603,392,547,138,92,148,0,-1,-1,-1
10604,392,546,133,94,155,0,-1,-1,-1
10605,392,546,139,94,145,0,-1,-1,-1
10607,392,538,135,98,144,0,-1,-1,-1
10608,392,537,138,98,146,0,-1,-1,-1
10610,392,555,151,80,128,0,-1,-1,-1
10612,392,556,142,80,139,0,-1,-1,-1
10614,392,556,140,82,126,0,-1,-1,-1
10618,393,544,143,91,149,0,-1,-1,-1
10620,393,548,133,88,155,0,-1,-1,-1
10622,393,552,157,86,122,0,-1,-1,-1
10625,393,502,137,135,140,0,-1,-1,-1
10626,393,503,138,136,138,0,-1,-1,-1
10627,393,504,127,132,152,0,-1,-1,-1
10630,393,504,140,136,134,0,-1,-1,-1
10646,394,508,156,132,118,0,-1,-1,-1
10647,394,507,156,133,117,0,-1,-1,-1
10649,394,544,151,93,117,0,-1,-1,-1
10650,394,542,150,94,117,0,-1,-1,-1
10651,394,542,158,95,110,0,-1,-1,-1
10653,394,539,144,101,124,0,-1,-1,-1
10654,394,546,140,92,133,0,-1,-1,-1
10655,394,544,150,93,124,0,-1,-1,-1
10656,394,538,155,99,118,0,-1,-1,-1
10657,394,538,156,99,116,0,-1,-1,-1
10658,394,536,156,101,117,0,-1,-1,-1
10659,394,537,158,100,115,0,-1,-1,-1
10660,394,537,159,100,114,0,-1,-1,-1
10663,394,532,155,108,120,0,-1,-1,-1
10664,394,544,129,91,145,0,-1,-1,-1
10666,394,551,128,75,118,0,-1,-1,-1
10667,394,515,151,95,99,0,-1,-1,-1
10669,394,517,1,70,152,0,-1,-1,-1
10670,394,358,25,92,254,0,-1,-1,-1
10671,394,379,169,115,182,0,-1,-1,-1
10672,394,368,153,123,194,0,-1,-1,-1
10682,395,1,144,143,213,0,-1,-1,-1
10683,395,0,156,143,204,0,-1,-1,-1
10685,395,206,163,125,187,0,-1,-1,-1
10691,396,160,104,100,247,0,-1,-1,-1
10692,396,407,202,153,146,0,-1,-1,-1
10693,396,346,118,124,226,0,-1,-1,-1
10695,396,91,179,195,177,0,-1,-1,-1
10696,396,145,120,166,232,0,-1,-1,-1
10697,396,114,153,193,179,0,-1,-1,-1
10698,396,29,191,157,168,0,-1,-1,-1
10698,397,425,0,68,82,0,-1,-1,-1
10699,396,274,188,149,160,0,-1,-1,-1
10701,398,189,171,160,182,0,-1,-1,-1
10702,398,207,149,169,193,0,-1,-1,-1
10703,398,260,173,157,174,0,-1,-1,-1
10704,398,7,218,203,138,0,-1,-1,-1
10707,398,451,0,78,116,0,-1,-1,-1
10708,398,321,0,84,145,0,-1,-1,-1
10709,398,352,0,73,117,0,-1,-1,-1
10709,399,282,0,60,104,0,-1,-1,-1
10710,399,188,0,63,106,0,-1,-1,-1
10710,400,161,0,64,99,0,-1,-1,-1
10710,398,301,0,60,104,0,-1,-1,-1
10715,401,271,86,86,266,0,-1,-1,-1
10716,401,446,11,88,255,0,-1,-1,-1
10716,402,550,50,87,294,0,-1,-1,-1
10717,401,389,17,81,254,0,-1,-1,-1
10717,402,548,40,88,274,0,-1,-1,-1
10719,402,569,24,68,240,0,-1,-1,-1
10720,402,579,36,61,224,0,-1,-1,-1
10727,403,444,6,97,200,0,-1,-1,-1
10728,403,521,14,75,171,0,-1,-1,-1
10730,403,552,0,72,170,0,-1,-1,-1
10732,403,564,0,67,138,0,-1,-1,-1
10734,403,514,3,91,195,0,-1,-1,-1
10735,403,449,0,82,189,0,-1,-1,-1
10737,403,261,7,64,224,0,-1,-1,-1
10738,403,122,119,124,233,0,-1,-1,-1
10739,403,152,106,110,239,0,-1,-1,-1
10740,403,363,126,118,217,0,-1,-1,-1
10743,403,529,36,101,245,0,-1,-1,-1
10746,403,413,0,62,159,0,-1,-1,-1
10748,403,432,0,63,104,0,-1,-1,-1
10750,404,584,95,56,143,0,-1,-1,-1
10751,404,582,101,58,137,0,-1,-1,-1
10753,404,581,104,59,129,0,-1,-1,-1
10754,404,271,0,79,190,0,-1,-1,-1
10761,405,489,1,92,224,0,-1,-1,-1
10762,405,440,2,97,221,0,-1,-1,-1
10765,406,447,0,68,89,0,-1,-1,-1
10766,406,574,0,66,236,0,-1,-1,-1
10775,407,329,5,60,151,0,-1,-1,-1
10775,408,407,2,49,129,0,-1,-1,-1
10776,409,414,0,68,88,0,-1,-1,-1
10776,407,195,0,53,104,0,-1,-1,-1
10777,407,229,0,64,94,0,-1,-1,-1
10778,407,226,0,54,97,0,-1,-1,-1
10779,407,221,0,66,99,0,-1,-1,-1
10781,407,204,0,58,93,0,-1,-1,-1
10782,410,484,0,89,193,0,-1,-1,-1
10783,410,485,1,89,192,0,-1,-1,-1
10788,411,574,86,66,142,0,-1,-1,-1
10790,412,492,0,66,95,0,-1,-1,-1
10796,413,579,14,61,238,0,-1,-1,-1
10797,413,566,14,71,235,0,-1,-1,-1
10798,413,539,33,97,198,0,-1,-1,-1
10807,414,544,4,77,164,0,-1,-1,-1
10808,414,307,34,106,260,0,-1,-1,-1
10810,414,388,52,96,298,0,-1,-1,-1
10815,415,548,5,83,237,0,-1,-1,-1
10816,415,197,108,144,241,0,-1,-1,-1
10816,416,308,202,150,149,0,-1,-1,-1
10817,417,372,110,132,209,0,-1,-1,-1
10817,416,319,206,171,144,0,-1,-1,-1
10821,418,483,18,117,270,0,-1,-1,-1
10822,418,473,0,76,124,0,-1,-1,-1
10823,418,261,0,92,121,0,-1,-1,-1
10824,418,154,0,72,152,0,-1,-1,-1
10828,419,14,68,162,281,0,-1,-1,-1
10829,419,56,109,120,246,0,-1,-1,-1
10830,419,234,89,125,258,0,-1,-1,-1
10830,420,29,191,139,166,0,-1,-1,-1
10831,420,209,157,161,190,0,-1,-1,-1
10831,421,294,152,160,195,0,-1,-1,-1
10832,420,480,104,126,168,0,-1,-1,-1
10832,421,404,132,186,204,0,-1,-1,-1
10833,421,341,107,296,233,0,-1,-1,-1
10834,421,426,26,140,259,0,-1,-1,-1
10835,421,228,2,92,182,0,-1,-1,-1
10836,422,411,0,68,94,0,-1,-1,-1
10837,422,323,0,76,94,0,-1,-1,-1
10838,422,197,0,58,95,0,-1,-1,-1
10839,422,11,102,154,246,0,-1,-1,-1
10841,422,538,0,56,92,0,-1,-1,-1
10846,423,299,91,98,256,0,-1,-1,-1
10848,423,405,16,132,278,0,-1,-1,-1
10850,423,443,161,108,174,0,-1,-1,-1
10852,423,475,122,160,187,0,-1,-1,-1
10853,423,315,0,101,184,0,-1,-1,-1
10855,424,296,0,52,49,0,-1,-1,-1
10857,425,164,20,93,257,0,-1,-1,-1
10860,425,286,114,93,234,0,-1,-1,-1
10860,426,422,0,71,79,0,-1,-1,-1
10861,426,108,124,178,227,0,-1,-1,-1
10862,426,271,114,84,232,0,-1,-1,-1
10863,426,264,116,102,233,0,-1,-1,-1
10864,426,420,93,203,247,0,-1,-1,-1
10864,427,289,40,65,281,0,-1,-1,-1
10865,426,478,67,132,249,0,-1,-1,-1
10865,427,374,51,77,293,0,-1,-1,-1
10866,427,315,21,78,249,0,-1,-1,-1
10866,426,496,48,138,290,0,-1,-1,-1
10867,427,389,29,64,261,0,-1,-1,-1
10867,426,497,42,143,278,0,-1,-1,-1
10870,427,549,0,80,229,0,-1,-1,-1
10872,427,515,4,91,223,0,-1,-1,-1
10873,427,91,76,96,277,0,-1,-1,-1
10873,428,580,19,60,225,0,-1,-1,-1
10874,427,96,58,141,292,0,-1,-1,-1
10878,429,68,187,134,168,0,-1,-1,-1
10881,429,380,167,99,178,0,-1,-1,-1
10882,429,208,214,150,140,0,-1,-1,-1
10883,429,209,182,287,172,0,-1,-1,-1
10890,430,423,70,106,277,0,-1,-1,-1
10892,430,483,6,112,276,0,-1,-1,-1
10892,431,360,3,63,228,0,-1,-1,-1
10894,430,529,151,111,139,0,-1,-1,-1
10895,430,529,148,111,149,0,-1,-1,-1
10896,430,526,142,113,182,0,-1,-1,-1
10898,430,537,143,96,131,0,-1,-1,-1
10899,430,531,137,107,136,0,-1,-1,-1
10900,430,534,142,99,135,0,-1,-1,-1
10901,430,533,142,98,138,0,-1,-1,-1
10902,430,536,145,99,134,0,-1,-1,-1
10903,430,537,145,97,127,0,-1,-1,-1
10904,430,539,147,94,129,0,-1,-1,-1
10906,430,537,148,94,128,0,-1,-1,-1
10907,430,536,147,95,129,0,-1,-1,-1
10907,432,542,0,77,123,0,-1,-1,-1
10908,430,537,148,94,128,0,-1,-1,-1
10909,430,534,143,101,138,0,-1,-1,-1
10910,430,537,145,97,130,0,-1,-1,-1
10910,432,254,109,141,238,0,-1,-1,-1
10911,432,16,128,181,223,0,-1,-1,-1
10911,430,483,136,128,146,0,-1,-1,-1
10911,433,477,130,91,110,0,-1,-1,-1
10912,433,136,0,67,123,0,-1,-1,-1
10912,430,479,130,90,130,0,-1,-1,-1
10913,430,516,150,103,124,0,-1,-1,-1
10914,430,519,149,105,122,0,-1,-1,-1
10915,430,519,145,111,131,0,-1,-1,-1
10916,434,521,150,97,121,0,-1,-1,-1
10917,434,519,152,101,117,0,-1,-1,-1
10918,434,524,169,93,121,0,-1,-1,-1
10919,434,525,158,89,128,0,-1,-1,-1
10921,434,520,153,95,134,0,-1,-1,-1
10922,434,497,176,123,111,0,-1,-1,-1
10923,434,510,158,102,121,0,-1,-1,-1
10924,434,524,168,93,129,0,-1,-1,-1
10925,434,330,0,54,95,0,-1,-1,-1
10926,434,525,148,85,123,0,-1,-1,-1
10926,435,46,0,84,157,0,-1,-1,-1
10928,435,529,142,104,132,0,-1,-1,-1
10929,435,533,147,99,126,0,-1,-1,-1
10932,435,118,1,71,181,0,-1,-1,-1
10932,436,527,159,113,119,0,-1,-1,-1
10933,436,529,144,102,134,0,-1,-1,-1
10934,436,530,139,98,123,0,-1,-1,-1
10935,436,531,155,100,118,0,-1,-1,-1
10936,437,395,0,72,84,0,-1,-1,-1
10936,436,531,147,98,128,0,-1,-1,-1
10937,436,531,147,98,131,0,-1,-1,-1
10939,436,530,146,101,132,0,-1,-1,-1
10940,436,525,143,105,134,0,-1,-1,-1
10941,436,528,145,100,133,0,-1,-1,-1
10943,436,529,151,101,126,0,-1,-1,-1
10944,436,526,146,100,129,0,-1,-1,-1
10946,436,532,145,97,132,0,-1,-1,-1
10949,436,528,147,99,131,0,-1,-1,-1
10950,436,527,150,107,128,0,-1,-1,-1
10951,436,525,143,102,135,0,-1,-1,-1
10955,438,529,144,96,129,0,-1,-1,-1
10957,438,527,142,105,136,0,-1,-1,-1
10958,438,533,148,96,130,0,-1,-1,-1
10959,438,529,150,100,127,0,-1,-1,-1
10962,438,527,152,108,123,0,-1,-1,-1
10963,438,530,149,100,125,0,-1,-1,-1
10965,438,521,143,103,120,0,-1,-1,-1
10966,438,518,138,109,125,0,-1,-1,-1
10967,438,519,135,104,129,0,-1,-1,-1
10968,438,519,145,109,118,0,-1,-1,-1
10969,438,519,139,106,123,0,-1,-1,-1
10970,438,518,142,108,123,0,-1,-1,-1
10970,439,385,0,73,94,0,-1,-1,-1
10971,438,518,140,109,123,0,-1,-1,-1
10973,438,518,139,106,123,0,-1,-1,-1
10974,438,516,142,111,122,0,-1,-1,-1
10975,438,515,139,111,123,0,-1,-1,-1
10976,438,521,141,107,126,0,-1,-1,-1
10977,438,521,139,107,124,0,-1,-1,-1
10978,438,522,143,107,122,0,-1,-1,-1
10979,438,519,140,110,126,0,-1,-1,-1
10980,440,421,0,77,78,0,-1,-1,-1
10980,438,518,138,107,124,0,-1,-1,-1
10981,438,527,143,107,133,0,-1,-1,-1
10982,438,527,143,103,127,0,-1,-1,-1
10983,438,532,144,90,126,0,-1,-1,-1
10987,441,530,147,96,126,0,-1,-1,-1
10988,441,531,147,95,127,0,-1,-1,-1
10989,441,528,145,96,128,0,-1,-1,-1
10990,441,522,144,110,132,0,-1,-1,-1
10991,441,530,143,97,129,0,-1,-1,-1
10992,441,526,144,102,134,0,-1,-1,-1
10993,441,528,144,98,131,0,-1,-1,-1
10994,441,528,146,99,131,0,-1,-1,-1
10996,442,470,0,92,120,0,-1,-1,-1
10997,441,528,144,98,133,0,-1,-1,-1
10998,441,522,146,112,131,0,-1,-1,-1
10999,441,527,143,99,134,0,-1,-1,-1
10999,442,61,4,65,157,0,-1,-1,-1
11000,441,528,144,98,135,0,-1,-1,-1
11001,441,532,146,98,131,0,-1,-1,-1
11002,441,524,145,103,127,0,-1,-1,-1
11004,441,532,147,96,126,0,-1,-1,-1
11005,441,532,141,93,130,0,-1,-1,-1
11006,441,533,143,94,129,0,-1,-1,-1
11007,441,529,142,100,132,0,-1,-1,-1
11008,441,526,154,107,119,0,-1,-1,-1
11009,441,528,146,102,123,0,-1,-1,-1
11010,441,527,144,104,129,0,-1,-1,-1
11012,441,533,145,94,129,0,-1,-1,-1
11013,441,534,145,92,126,0,-1,-1,-1
11014,441,535,147,92,129,0,-1,-1,-1
11015,441,530,140,96,132,0,-1,-1,-1
11016,441,531,147,100,128,0,-1,-1,-1
11017,441,532,142,94,128,0,-1,-1,-1
11018,441,530,138,97,136,0,-1,-1,-1
11019,441,528,145,104,127,0,-1,-1,-1
11020,441,533,149,95,121,0,-1,-1,-1
11021,441,531,141,94,125,0,-1,-1,-1
11022,441,529,138,97,132,0,-1,-1,-1
11023,441,530,137,96,133,0,-1,-1,-1
11024,441,528,146,98,131,0,-1,-1,-1
11025,441,527,145,103,131,0,-1,-1,-1
11026,441,530,140,95,127,0,-1,-1,-1
11027,441,525,142,103,130,0,-1,-1,-1
11028,441,528,145,104,134,0,-1,-1,-1
11029,441,529,143,94,129,0,-1,-1,-1
11030,441,527,149,99,125,0,-1,-1,-1
11032,441,516,131,100,134,0,-1,-1,-1
11033,441,553,0,64,92,0,-1,-1,-1
11033,443,531,143,95,132,0,-1,-1,-1
11034,444,287,0,60,47,0,-1,-1,-1
11035,444,411,0,80,88,0,-1,-1,-1
11036,443,528,153,108,124,0,-1,-1,-1
11037,443,526,146,106,127,0,-1,-1,-1
11039,443,520,144,114,121,0,-1,-1,-1
11040,443,522,144,114,117,0,-1,-1,-1
11040,445,420,0,85,110,0,-1,-1,-1
11040,446,442,0,82,107,0,-1,-1,-1
11040,447,531,0,72,131,0,-1,-1,-1
11041,443,518,143,118,120,0,-1,-1,-1
11050,448,540,17,90,230,0,-1,-1,-1
11054,449,483,1,118,234,0,-1,-1,-1
11055,449,561,8,60,122,0,-1,-1,-1
11057,449,400,1,54,143,0,-1,-1,-1
11057,450,522,0,68,112,0,-1,-1,-1
11057,451,582,4,58,235,0,-1,-1,-1
11061,452,306,3,39,65,0,-1,-1,-1
11064,452,505,4,82,115,0,-1,-1,-1
11066,452,485,0,66,166,0,-1,-1,-1
11066,453,413,0,72,144,0,-1,-1,-1
11067,452,321,132,120,210,0,-1,-1,-1
11067,454,153,32,110,316,0,-1,-1,-1
11068,454,139,83,141,262,0,-1,-1,-1
11068,455,338,123,107,215,0,-1,-1,-1
11069,455,165,73,132,279,0,-1,-1,-1
11069,454,307,117,132,226,0,-1,-1,-1
11070,455,155,84,155,265,0,-1,-1,-1
11070,454,308,102,110,241,0,-1,-1,-1
11071,455,153,83,148,266,0,-1,-1,-1
11071,454,305,112,119,231,0,-1,-1,-1
11071,456,355,0,81,113,0,-1,-1,-1
11072,455,144,79,150,271,0,-1,-1,-1
11072,454,296,109,120,230,0,-1,-1,-1
11073,454,299,89,118,246,0,-1,-1,-1
11073,456,358,0,72,122,0,-1,-1,-1
11074,455,324,130,139,214,0,-1,-1,-1
11074,454,175,53,132,294,0,-1,-1,-1
11074,456,351,0,79,129,0,-1,-1,-1
11075,455,174,67,138,280,0,-1,-1,-1
11075,456,358,1,72,152,0,-1,-1,-1
11075,457,459,0,57,102,0,-1,-1,-1
11076,455,285,113,117,235,0,-1,-1,-1
11076,454,197,87,143,260,0,-1,-1,-1
11077,455,289,106,110,244,0,-1,-1,-1
11077,454,195,95,138,252,0,-1,-1,-1
11078,455,287,104,113,247,0,-1,-1,-1
11078,454,201,95,131,253,0,-1,-1,-1
11079,455,309,113,116,236,0,-1,-1,-1
11079,454,179,75,149,278,0,-1,-1,-1
11079,458,186,0,69,99,0,-1,-1,-1
11079,459,212,0,72,95,0,-1,-1,-1
11080,455,259,4,59,166,0,-1,-1,-1
11081,458,0,200,181,158,0,-1,-1,-1
11082,458,2,36,99,316,0,-1,-1,-1
11087,460,461,0,80,96,0,-1,-1,-1
11088,461,396,0,84,244,0,-1,-1,-1
11091,462,336,0,72,87,0,-1,-1,-1
11092,462,0,14,111,246,0,-1,-1,-1
11098,463,176,15,100,269,0,-1,-1,-1
11098,464,524,0,76,131,0,-1,-1,-1
11099,464,359,0,72,88,0,-1,-1,-1
11099,463,202,0,58,103,0,-1,-1,-1
11108,465,535,0,102,221,0,-1,-1,-1
11123,466,571,0,49,104,0,-1,-1,-1
11124,466,364,74,108,270,0,-1,-1,-1
11124,467,143,0,61,95,0,-1,-1,-1
11125,467,93,0,64,110,0,-1,-1,-1
11128,467,113,58,104,278,0,-1,-1,-1
11129,467,310,0,75,115,0,-1,-1,-1
11133,468,141,0,79,210,0,-1,-1,-1
11157,469,214,0,67,115,0,-1,-1,-1
11158,469,193,0,60,133,0,-1,-1,-1
11174,470,512,0,81,147,0,-1,-1,-1
11174,471,163,6,55,146,0,-1,-1,-1
11174,472,456,1,65,122,0,-1,-1,-1
11175,470,174,46,113,305,0,-1,-1,-1
11175,472,96,40,73,230,0,-1,-1,-1
11176,470,201,139,157,214,0,-1,-1,-1
11176,473,91,260,92,99,0,-1,-1,-1
11177,470,215,233,103,119,0,-1,-1,-1
11178,470,76,122,148,227,0,-1,-1,-1
11178,472,509,2,88,106,0,-1,-1,-1
11179,470,107,132,144,216,0,-1,-1,-1
11179,474,239,243,181,108,0,-1,-1,-1
11180,470,36,139,163,213,0,-1,-1,-1
11180,474,404,184,202,162,0,-1,-1,-1
11181,470,302,0,47,48,0,-1,-1,-1
11182,470,170,106,127,243,0,-1,-1,-1
11183,470,288,30,82,247,0,-1,-1,-1
11189,475,402,28,100,266,0,-1,-1,-1
11207,476,476,9,91,269,0,-1,-1,-1
11213,477,428,0,78,115,0,-1,-1,-1
11214,477,347,0,83,135,0,-1,-1,-1
11219,478,478,0,71,98,0,-1,-1,-1
11231,479,471,7,92,264,0,-1,-1,-1
11247,480,414,1,75,103,0,-1,-1,-1
11249,480,379,1,87,77,0,-1,-1,-1
11257,481,271,1,48,60,0,-1,-1,-1
11269,482,225,0,53,49,0,-1,-1,-1
11270,483,490,0,76,102,0,-1,-1,-1
11300,484,386,4,48,91,0,-1,-1,-1
11348,485,539,1,91,156,0,-1,-1,-1
11365,486,571,0,63,122,0,-1,-1,-1
11367,487,44,1,72,128,0,-1,-1,-1
11368,486,385,0,88,88,0,-1,-1,-1
11373,488,408,7,126,272,0,-1,-1,-1
11408,489,523,0,73,116,0,-1,-1,-1
11409,489,185,0,84,126,0,-1,-1,-1
11411,490,46,8,65,145,0,-1,-1,-1
11412,490,86,75,90,250,0,-1,-1,-1
11421,491,543,0,48,93,0,-1,-1,-1
11458,492,493,0,78,95,0,-1,-1,-1
11485,493,108,36,102,277,0,-1,-1,-1
11485,494,5,11,106,249,0,-1,-1,-1
11486,493,112,4,159,318,0,-1,-1,-1
11487,493,130,0,71,114,0,-1,-1,-1
11488,493,203,0,79,230,0,-1,-1,-1
11488,494,298,0,44,102,0,-1,-1,-1
11488,495,368,0,55,99,0,-1,-1,-1
11489,495,292,0,58,92,0,-1,-1,-1
11500,496,420,0,62,88,0,-1,-1,-1
11538,497,422,1,93,81,0,-1,-1,-1
11562,498,2,171,119,184,0,-1,-1,-1
11621,499,497,0,79,94,0,-1,-1,-1
11659,500,465,4,109,190,0,-1,-1,-1
11676,501,331,0,67,83,0,-1,-1,-1
11681,502,451,2,82,119,0,-1,-1,-1
11712,503,423,0,81,119,0,-1,-1,-1
11713,503,495,20,122,256,0,-1,-1,-1
11713,504,389,18,111,258,0,-1,-1,-1
11729,505,1,123,148,231,0,-1,-1,-1
11731,506,332,0,69,120,0,-1,-1,-1
11733,506,427,2,92,209,0,-1,-1,-1
11733,507,319,51,104,261,0,-1,-1,-1
11735,506,114,16,96,230,0,-1,-1,-1
11735,507,4,46,92,211,0,-1,-1,-1
11736,508,71,3,77,124,0,-1,-1,-1
11736,507,232,0,35,58,0,-1,-1,-1
11737,508,90,18,86,246,0,-1,-1,-1
11742,509,109,32,120,262,0,-1,-1,-1
11744,509,474,0,78,97,0,-1,-1,-1
11744,510,298,0,46,69,0,-1,-1,-1
11763,511,341,5,77,155,0,-1,-1,-1
11764,511,387,13,75,214,0,-1,-1,-1
11771,512,449,10,71,155,0,-1,-1,-1
11771,513,549,10,90,188,0,-1,-1,-1
11774,512,432,0,55,86,0,-1,-1,-1
11783,514,277,0,60,92,0,-1,-1,-1
11784,515,359,0,96,263,0,-1,-1,-1
11784,514,131,33,65,224,0,-1,-1,-1
11785,514,116,122,144,229,0,-1,-1,-1
11785,515,362,1,49,154,0,-1,-1,-1
11786,515,382,155,132,187,0,-1,-1,-1
11786,516,361,0,62,160,0,-1,-1,-1
11787,516,335,15,73,251,0,-1,-1,-1
11793,517,529,0,58,96,0,-1,-1,-1
11796,517,530,47,109,246,0,-1,-1,-1
11799,517,328,136,120,208,0,-1,-1,-1
11800,517,329,4,87,227,0,-1,-1,-1
11800,518,253,3,51,165,0,-1,-1,-1
11801,517,543,0,74,101,0,-1,-1,-1
11809,519,352,0,81,164,0,-1,-1,-1
11860,520,388,0,83,85,0,-1,-1,-1
11889,521,265,0,48,139,0,-1,-1,-1
11902,522,275,90,108,262,0,-1,-1,-1
11903,522,240,70,143,279,0,-1,-1,-1
11904,522,255,75,115,278,0,-1,-1,-1
11905,522,272,87,114,264,0,-1,-1,-1
11905,523,396,4,37,69,0,-1,-1,-1
11906,522,186,0,60,136,0,-1,-1,-1
11906,523,429,0,56,95,0,-1,-1,-1
11906,524,235,2,55,124,0,-1,-1,-1
11910,525,452,2,111,226,0,-1,-1,-1
11913,525,211,0,71,87,0,-1,-1,-1
11913,526,562,0,77,191,0,-1,-1,-1
11914,525,228,0,36,56,0,-1,-1,-1
11928,527,334,4,48,119,0,-1,-1,-1
11939,528,519,0,73,104,0,-1,-1,-1
11942,529,145,39,100,230,0,-1,-1,-1
11974,530,361,0,56,85,0,-1,-1,-1
11974,531,259,0,57,79,0,-1,-1,-1
11975,531,337,1,45,59,0,-1,-1,-1
11976,531,491,0,68,103,0,-1,-1,-1
11978,532,351,2,57,121,0,-1,-1,-1
11978,533,505,5,86,123,0,-1,-1,-1
11979,532,280,0,72,78,0,-1,-1,-1
11979,531,400,1,57,106,0,-1,-1,-1
11981,532,443,0,68,93,0,-1,-1,-1
11981,534,541,0,60,96,0,-1,-1,-1
11981,531,271,0,37,60,0,-1,-1,-1
11981,535,297,0,37,57,0,-1,-1,-1
11982,535,400,1,59,93,0,-1,-1,-1
11982,532,319,0,58,85,0,-1,-1,-1
11982,531,230,4,46,50,0,-1,-1,-1
11982,534,493,0,77,107,0,-1,-1,-1
11982,536,420,0,60,95,0,-1,-1,-1
11983,532,557,0,75,114,0,-1,-1,-1
11983,536,395,2,68,108,0,-1,-1,-1
11983,534,467,0,99,125,0,-1,-1,-1
11984,534,401,0,55,85,0,-1,-1,-1
11985,537,408,0,67,95,0,-1,-1,-1
11985,532,560,0,71,90,0,-1,-1,-1
11989,538,424,0,77,93,0,-1,-1,-1
12006,539,253,0,59,112,0,-1,-1,-1
12008,540,430,0,59,87,0,-1,-1,-1
12009,540,385,0,61,86,0,-1,-1,-1
12030,541,252,0,63,87,0,-1,-1,-1
12031,541,258,0,55,92,0,-1,-1,-1
12052,542,313,2,72,125,0,-1,-1,-1
12053,542,442,0,82,139,0,-1,-1,-1
12064,543,268,0,49,58,0,-1,-1,-1
12065,543,430,0,60,104,0,-1,-1,-1
12066,543,546,0,60,115,0,-1,-1,-1
12067,543,546,0,59,115,0,-1,-1,-1
12070,543,123,0,66,90,0,-1,-1,-1
12070,544,524,0,74,96,0,-1,-1,-1
12071,543,540,1,94,96,0,-1,-1,-1
12071,545,323,0,56,100,0,-1,-1,-1
12073,543,130,1,66,118,0,-1,-1,-1
12075,546,166,0,52,116,0,-1,-1,-1
12076,543,167,6,104,229,0,-1,-1,-1
12086,547,167,0,48,122,0,-1,-1,-1
12089,548,296,0,50,105,0,-1,-1,-1
12091,548,281,1,79,153,0,-1,-1,-1
12107,549,158,0,67,98,0,-1,-1,-1
12115,550,485,0,74,88,0,-1,-1,-1
12136,551,347,0,73,85,0,-1,-1,-1
12201,552,444,0,74,84,0,-1,-1,-1
12223,553,471,1,104,186,0,-1,-1,-1
12247,554,0,17,81,197,0,-1,-1,-1
12267,555,326,0,59,94,0,-1,-1,-1
12298,556,205,16,72,209,0,-1,-1,-1
12301,556,572,0,52,110,0,-1,-1,-1
12308,557,538,0,72,98,0,-1,-1,-1
12368,558,536,0,87,117,0,-1,-1,-1
12370,558,373,0,79,96,0,-1,-1,-1
12372,558,473,0,87,111,0,-1,-1,-1
12373,559,9,0,79,131,0,-1,-1,-1
12375,560,303,63,117,281,0,-1,-1,-1
12375,559,23,126,176,224,0,-1,-1,-1
12375,558,428,58,150,288,0,-1,-1,-1
12376,558,293,175,155,173,0,-1,-1,-1
12377,558,322,188,173,158,0,-1,-1,-1
12377,559,296,1,93,207,0,-1,-1,-1
12377,560,53,210,155,143,0,-1,-1,-1
12377,561,392,3,98,237,0,-1,-1,-1
12378,558,345,173,175,174,0,-1,-1,-1
12378,559,27,207,132,150,0,-1,-1,-1
12379,558,438,124,156,218,0,-1,-1,-1
12379,559,116,181,138,171,0,-1,-1,-1
12380,558,466,113,139,228,0,-1,-1,-1
12380,561,185,171,150,180,0,-1,-1,-1
12381,558,400,133,161,206,0,-1,-1,-1
12381,559,309,73,97,276,0,-1,-1,-1
12382,558,458,148,174,191,0,-1,-1,-1
12383,558,381,98,141,246,0,-1,-1,-1
12383,561,55,74,154,281,0,-1,-1,-1
12384,558,130,46,111,306,0,-1,-1,-1
12384,559,528,0,64,98,0,-1,-1,-1
12385,558,123,46,119,305,0,-1,-1,-1
12385,562,442,62,145,278,0,-1,-1,-1
12386,558,121,45,118,308,0,-1,-1,-1
12386,562,456,56,144,286,0,-1,-1,-1
12387,562,292,113,123,225,0,-1,-1,-1
12387,558,154,104,121,240,0,-1,-1,-1
12388,562,482,93,154,257,0,-1,-1,-1
12389,562,307,153,122,191,0,-1,-1,-1
12390,562,378,167,137,176,0,-1,-1,-1
12397,563,1,76,173,277,0,-1,-1,-1
12398,563,127,0,92,112,0,-1,-1,-1
12399,563,435,0,73,97,0,-1,-1,-1
12400,563,389,0,85,115,0,-1,-1,-1
12417,564,443,143,185,199,0,-1,-1,-1
12418,564,356,124,194,224,0,-1,-1,-1
12419,564,370,81,139,263,0,-1,-1,-1
12420,564,328,79,164,263,0,-1,-1,-1
12421,564,319,48,87,276,0,-1,-1,-1
12422,564,225,22,93,242,0,-1,-1,-1
12423,564,93,40,123,314,0,-1,-1,-1
12423,565,238,22,79,239,0,-1,-1,-1
12423,566,335,35,84,270,0,-1,-1,-1
12424,564,86,44,123,306,0,-1,-1,-1
12424,566,211,25,105,236,0,-1,-1,-1
12424,565,337,30,83,273,0,-1,-1,-1
12425,564,93,49,126,300,0,-1,-1,-1
12425,565,209,26,107,232,0,-1,-1,-1
12425,566,334,16,88,290,0,-1,-1,-1
12426,564,291,26,108,285,0,-1,-1,-1
12426,565,127,6,85,197,0,-1,-1,-1
12427,564,327,0,57,142,0,-1,-1,-1
12433,567,282,1,71,102,0,-1,-1,-1
12434,568,117,0,70,100,0,-1,-1,-1
12435,568,119,0,71,99,0,-1,-1,-1
12436,568,126,0,69,96,0,-1,-1,-1
12437,568,123,0,68,97,0,-1,-1,-1
12438,568,126,0,52,96,0,-1,-1,-1
12439,568,133,0,60,95,0,-1,-1,-1
12440,568,132,0,62,95,0,-1,-1,-1
12441,568,123,0,73,97,0,-1,-1,-1
12442,568,132,0,57,97,0,-1,-1,-1
12443,568,129,0,65,97,0,-1,-1,-1
12444,568,132,0,64,98,0,-1,-1,-1
12445,568,131,0,67,98,0,-1,-1,-1
12446,569,228,0,67,89,0,-1,-1,-1
12474,570,228,0,64,111,0,-1,-1,-1
12507,571,396,0,58,93,0,-1,-1,-1
12564,572,415,0,77,101,0,-1,-1,-1
12593,573,393,0,48,70,0,-1,-1,-1
12624,574,297,0,58,88,0,-1,-1,-1
12633,575,454,0,68,92,0,-1,-1,-1
12652,576,359,0,76,81,0,-1,-1,-1
12695,577,526,0,64,98,0,-1,-1,-1
12724,578,417,0,67,100,0,-1,-1,-1
12754,579,491,0,75,94,0,-1,-1,-1
12756,579,442,9,74,211,0,-1,-1,-1
12770,580,436,0,83,82,0,-1,-1,-1
12773,581,281,0,63,97,0,-1,-1,-1
12779,582,204,0,37,55,0,-1,-1,-1
12780,582,445,0,99,120,0,-1,-1,-1
12780,583,322,0,88,90,0,-1,-1,-1
12783,583,419,1,73,76,0,-1,-1,-1
12787,584,438,0,83,88,0,-1,-1,-1
12852,585,565,0,63,96,0,-1,-1,-1
12876,586,406,17,111,230,0,-1,-1,-1
12884,587,407,0,71,86,0,-1,-1,-1
12886,587,326,0,81,92,0,-1,-1,-1
12911,588,232,0,30,55,0,-1,-1,-1
12912,588,528,1,66,119,0,-1,-1,-1
12920,589,568,0,58,102,0,-1,-1,-1
12933,590,519,0,67,131,0,-1,-1,-1
13148,591,290,0,79,108,0,-1,-1,-1
13150,591,444,1,67,101,0,-1,-1,-1
13179,592,520,0,70,117,0,-1,-1,-1
13203,593,230,0,60,98,0,-1,-1,-1
13208,594,203,0,54,90,0,-1,-1,-1
13210,594,150,0,62,95,0,-1,-1,-1
13236,595,86,26,99,224,0,-1,-1,-1
13238,595,99,70,133,276,0,-1,-1,-1
13238,596,30,79,122,267,0,-1,-1,-1
13239,596,301,0,49,89,0,-1,-1,-1
13265,597,526,3,67,115,0,-1,-1,-1
13266,597,548,0,63,91,0,-1,-1,-1
13267,597,416,1,79,109,0,-1,-1,-1
13267,598,546,0,53,89,0,-1,-1,-1
13270,598,552,0,68,91,0,-1,-1,-1
13274,599,477,0,73,102,0,-1,-1,-1
13278,600,416,0,74,97,0,-1,-1,-1
13311,601,413,0,74,92,0,-1,-1,-1
13311,602,385,0,79,90,0,-1,-1,-1
13314,601,423,0,68,85,0,-1,-1,-1
13320,603,381,0,73,88,0,-1,-1,-1
13370,604,121,0,61,97,0,-1,-1,-1
13423,605,450,0,78,128,0,-1,-1,-1
13424,605,0,39,110,269,0,-1,-1,-1
13425,605,8,207,129,149,0,-1,-1,-1
13426,605,515,7,95,223,0,-1,-1,-1
13429,605,196,30,100,258,0,-1,-1,-1
13434,606,74,6,73,216,0,-1,-1,-1
13436,606,389,3,75,199,0,-1,-1,-1
13437,606,276,29,73,261,0,-1,-1,-1
13440,606,194,0,61,97,0,-1,-1,-1
13441,606,78,3,77,224,0,-1,-1,-1
13443,606,351,84,112,256,0,-1,-1,-1
13444,606,417,0,73,85,0,-1,-1,-1
13445,606,453,0,76,104,0,-1,-1,-1
13447,606,485,30,103,256,0,-1,-1,-1
13452,607,465,46,108,264,0,-1,-1,-1
13454,607,58,77,97,271,0,-1,-1,-1
13455,607,406,11,78,250,0,-1,-1,-1
13459,608,292,0,78,114,0,-1,-1,-1
13460,608,89,0,67,156,0,-1,-1,-1
13462,608,75,157,120,193,0,-1,-1,-1
13463,608,400,140,116,202,0,-1,-1,-1
13477,609,547,0,81,112,0,-1,-1,-1
13510,610,200,1,64,147,0,-1,-1,-1
13549,611,435,0,80,106,0,-1,-1,-1
13592,612,359,21,128,274,0,-1,-1,-1
13593,613,530,1,71,111,0,-1,-1,-1
13630,614,421,4,81,130,0,-1,-1,-1
13630,615,344,5,69,105,0,-1,-1,-1
13676,616,80,1,60,124,0,-1,-1,-1
13683,617,500,9,137,292,0,-1,-1,-1
13687,618,451,9,105,273,0,-1,-1,-1
13688,618,461,26,119,244,0,-1,-1,-1
13689,618,556,28,79,252,0,-1,-1,-1
13763,619,429,0,64,108,0,-1,-1,-1
13765,620,498,0,72,129,0,-1,-1,-1
13766,620,129,20,85,222,0,-1,-1,-1
13768,621,103,86,132,263,0,-1,-1,-1
13769,621,408,0,66,97,0,-1,-1,-1
13813,622,410,0,67,89,0,-1,-1,-1
13847,623,175,0,41,52,0,-1,-1,-1
13849,623,132,0,63,117,0,-1,-1,-1
13849,624,190,0,71,147,0,-1,-1,-1
13850,623,44,5,78,132,0,-1,-1,-1
13851,623,166,0,61,93,0,-1,-1,-1
13852,623,178,0,54,92,0,-1,-1,-1
13852,624,268,4,64,123,0,-1,-1,-1
13853,625,211,1,61,133,0,-1,-1,-1
13854,625,76,0,73,110,0,-1,-1,-1
13855,625,39,0,85,121,0,-1,-1,-1
13858,625,261,0,75,100,0,-1,-1,-1
13858,626,51,0,69,133,0,-1,-1,-1
13858,627,115,0,56,95,0,-1,-1,-1
13876,628,541,2,88,114,0,-1,-1,-1
13908,629,357,1,64,103,0,-1,-1,-1
13909,630,516,3,83,182,0,-1,-1,-1
13920,631,321,2,68,112,0,-1,-1,-1
13948,632,418,0,89,93,0,-1,-1,-1
13948,633,255,1,66,103,0,-1,-1,-1
13949,632,431,0,75,137,0,-1,-1,-1
13950,632,495,0,74,148,0,-1,-1,-1
13961,634,424,3,91,197,0,-1,-1,-1
13986,635,121,0,66,91,0,-1,-1,-1
14036,636,454,0,81,92,0,-1,-1,-1
14039,636,433,0,58,89,0,-1,-1,-1
14132,637,364,1,94,148,0,-1,-1,-1
14216,638,385,0,74,83,0,-1,-1,-1
14290,639,425,0,77,106,0,-1,-1,-1
14344,640,353,0,66,99,0,-1,-1,-1
14344,641,431,4,68,115,0,-1,-1,-1
14400,642,482,0,82,154,0,-1,-1,-1
14401,642,474,0,85,204,0,-1,-1,-1
14402,642,315,0,60,98,0,-1,-1,-1
14402,643,259,0,54,105,0,-1,-1,-1
14455,644,242,144,132,198,0,-1,-1,-1
14456,644,334,0,53,120,0,-1,-1,-1
14456,645,447,5,47,127,0,-1,-1,-1
14527,646,411,0,88,90,0,-1,-1,-1
14532,647,475,18,84,254,0,-1,-1,-1
14537,648,422,1,66,74,0,-1,-1,-1
14568,649,377,0,103,77,0,-1,-1,-1
14579,650,489,0,74,105,0,-1,-1,-1
14586,651,315,0,61,103,0,-1,-1,-1
14608,652,216,64,135,287,0,-1,-1,-1
14608,653,497,9,77,221,0,-1,-1,-1
14608,654,548,17,90,247,0,-1,-1,-1
14623,655,362,0,73,95,0,-1,-1,-1
14653,656,425,0,59,94,0,-1,-1,-1
14660,657,401,0,97,180,0,-1,-1,-1
14661,657,90,46,84,249,0,-1,-1,-1
14661,658,217,77,121,271,0,-1,-1,-1
14699,659,419,26,99,275,0,-1,-1,-1
14699,660,356,12,78,241,0,-1,-1,-1
14709,661,103,193,172,158,0,-1,-1,-1
14710,661,490,5,101,189,0,-1,-1,-1
14716,662,0,108,129,248,0,-1,-1,-1
14717,662,486,0,86,115,0,-1,-1,-1
14834,663,166,0,56,99,0,-1,-1,-1
14877,664,211,4,121,277,0,-1,-1,-1
15059,665,296,21,139,326,0,-1,-1,-1
15060,665,486,0,77,136,0,-1,-1,-1
15148,666,382,0,95,98,0,-1,-1,-1
15443,667,495,0,74,85,0,-1,-1,-1
15450,668,445,0,74,90,0,-1,-1,-1
15510,669,554,0,73,108,0,-1,-1,-1
15720,670,130,2,71,126,0,-1,-1,-1
15739,671,383,1,70,85,0,-1,-1,-1
15747,672,421,0,105,99,0,-1,-1,-1
15752,673,386,2,53,118,0,-1,-1,-1
15842,674,545,0,89,156,0,-1,-1,-1
15843,674,496,0,78,129,0,-1,-1,-1
15934,675,454,0,72,112,0,-1,-1,-1
16028,676,431,0,65,98,0,-1,-1,-1
16043,677,462,0,65,93,0,-1,-1,-1
16045,677,510,0,83,157,0,-1,-1,-1
16071,678,485,1,67,117,0,-1,-1,-1
16106,679,444,2,84,113,0,-1,-1,-1
16207,680,534,3,62,92,0,-1,-1,-1
16211,681,535,4,102,197,0,-1,-1,-1
16212,681,212,11,83,260,0,-1,-1,-1
16217,682,259,49,100,300,0,-1,-1,-1
16245,683,492,4,104,165,0,-1,-1,-1
16593,684,431,0,66,93,0,-1,-1,-1
16671,685,470,2,91,121,0,-1,-1,-1
