838,0,487,43,103,204,0,-1,-1,-1
1178,1,427,0,94,189,0,-1,-1,-1
3568,2,184,73,86,95,0,-1,-1,-1
3569,2,252,67,76,115,0,-1,-1,-1
3663,3,372,12,102,191,0,-1,-1,-1
3816,4,353,0,104,205,0,-1,-1,-1
3817,5,365,45,98,169,0,-1,-1,-1
3829,6,454,165,123,85,0,-1,-1,-1
3830,6,524,86,111,176,0,-1,-1,-1
4170,7,445,5,88,109,0,-1,-1,-1
4221,8,426,2,93,196,0,-1,-1,-1
4287,9,319,43,116,168,0,-1,-1,-1
4288,10,367,65,99,145,0,-1,-1,-1
4548,11,452,13,66,163,0,-1,-1,-1
4585,12,204,47,100,122,0,-1,-1,-1
4717,13,340,32,88,172,0,-1,-1,-1
5080,14,484,48,109,207,0,-1,-1,-1
5090,15,573,0,63,125,0,-1,-1,-1
5091,15,576,2,59,119,0,-1,-1,-1
5092,15,518,0,63,136,0,-1,-1,-1
5093,15,523,0,62,122,0,-1,-1,-1
5110,16,543,0,83,147,0,-1,-1,-1
5141,17,550,0,70,160,0,-1,-1,-1
5184,18,476,39,100,209,0,-1,-1,-1
5227,19,473,60,93,185,0,-1,-1,-1
5238,20,491,0,60,100,0,-1,-1,-1
5244,21,453,0,66,98,0,-1,-1,-1
5274,22,514,26,105,231,0,-1,-1,-1
5597,23,478,96,133,165,0,-1,-1,-1
5682,24,466,156,110,90,0,-1,-1,-1
5888,25,517,3,79,143,0,-1,-1,-1
5894,26,468,100,100,142,0,-1,-1,-1
5924,27,425,12,91,221,0,-1,-1,-1
5955,28,520,6,115,252,0,-1,-1,-1
6010,29,269,73,94,117,0,-1,-1,-1
6117,30,498,0,69,124,0,-1,-1,-1
6153,31,358,20,99,198,0,-1,-1,-1
6174,32,474,0,71,156,0,-1,-1,-1
6179,33,553,0,77,89,0,-1,-1,-1
6180,34,219,57,129,137,0,-1,-1,-1
6203,35,154,76,72,74,0,-1,-1,-1
6258,36,422,2,95,216,0,-1,-1,-1
6404,37,495,0,102,246,0,-1,-1,-1
6453,38,437,88,151,156,0,-1,-1,-1
6642,39,520,113,107,155,0,-1,-1,-1
6656,40,459,118,146,147,0,-1,-1,-1
6663,41,545,71,95,204,0,-1,-1,-1
6864,42,476,106,106,140,0,-1,-1,-1
6908,43,566,0,71,110,0,-1,-1,-1
6909,44,547,17,87,250,0,-1,-1,-1
6928,45,314,53,88,151,0,-1,-1,-1
7043,46,551,0,82,221,0,-1,-1,-1
7112,47,517,4,87,207,0,-1,-1,-1
7113,47,438,108,135,149,0,-1,-1,-1
7116,47,342,124,84,84,0,-1,-1,-1
7116,48,522,111,117,168,0,-1,-1,-1
7118,49,411,83,119,146,0,-1,-1,-1
7118,48,524,118,115,159,0,-1,-1,-1
7118,47,325,128,71,75,0,-1,-1,-1
7119,48,506,118,132,162,0,-1,-1,-1
7120,49,495,51,91,195,0,-1,-1,-1
7120,50,409,72,89,140,0,-1,-1,-1
7120,48,330,114,89,95,0,-1,-1,-1
7121,50,291,98,82,95,0,-1,-1,-1
7121,49,410,78,92,123,0,-1,-1,-1
7122,49,287,108,77,83,0,-1,-1,-1
7122,51,491,111,144,157,0,-1,-1,-1
7122,50,500,42,126,194,0,-1,-1,-1
7122,52,380,72,88,141,0,-1,-1,-1
7123,50,475,123,132,138,0,-1,-1,-1
7123,52,308,98,69,104,0,-1,-1,-1
7123,51,386,86,77,128,0,-1,-1,-1
7124,51,299,101,74,95,0,-1,-1,-1
7125,51,296,99,72,92,0,-1,-1,-1
7125,50,500,133,98,112,0,-1,-1,-1
7126,51,299,100,74,95,0,-1,-1,-1
7127,51,300,100,75,99,0,-1,-1,-1
7128,51,300,100,73,100,0,-1,-1,-1
7128,50,384,68,80,143,0,-1,-1,-1
7128,53,466,132,137,121,0,-1,-1,-1
7129,53,418,35,105,188,0,-1,-1,-1
7129,51,556,150,84,116,0,-1,-1,-1
7130,51,551,140,87,130,0,-1,-1,-1
7130,53,475,134,97,109,0,-1,-1,-1
7131,51,474,135,100,110,0,-1,-1,-1
7131,54,549,139,90,130,0,-1,-1,-1
7132,54,550,140,90,130,0,-1,-1,-1
7134,54,408,105,90,121,0,-1,-1,-1
7135,54,402,110,89,115,0,-1,-1,-1
7136,54,396,109,100,116,0,-1,-1,-1
7137,54,398,110,97,117,0,-1,-1,-1
7138,55,530,101,110,177,0,-1,-1,-1
7138,56,431,112,105,123,0,-1,-1,-1
7140,55,547,110,93,181,0,-1,-1,-1
7141,56,467,142,108,103,0,-1,-1,-1
7142,55,507,58,100,192,0,-1,-1,-1
7143,55,520,17,84,230,0,-1,-1,-1
7206,57,491,0,115,239,0,-1,-1,-1
7227,58,566,0,57,108,0,-1,-1,-1
7232,59,348,19,115,201,0,-1,-1,-1
7262,60,366,77,108,148,0,-1,-1,-1
7262,61,494,135,145,133,0,-1,-1,-1
7264,61,506,43,116,199,0,-1,-1,-1
7265,61,394,103,100,121,0,-1,-1,-1
7268,61,498,46,99,208,0,-1,-1,-1
7269,61,497,45,143,200,0,-1,-1,-1
7269,62,425,106,79,117,0,-1,-1,-1
7270,61,501,52,108,205,0,-1,-1,-1
7271,61,487,40,150,206,0,-1,-1,-1
7272,61,484,59,97,185,0,-1,-1,-1
7272,62,390,87,82,130,0,-1,-1,-1
7274,61,232,94,107,91,0,-1,-1,-1
7274,63,527,41,110,224,0,-1,-1,-1
7275,63,291,26,119,176,0,-1,-1,-1
7275,64,515,87,125,186,0,-1,-1,-1
7275,65,437,33,104,195,0,-1,-1,-1
7276,65,438,0,87,204,0,-1,-1,-1
7276,64,526,0,106,257,0,-1,-1,-1
7277,65,459,0,71,134,0,-1,-1,-1
7281,66,498,41,142,221,0,-1,-1,-1
7294,67,370,3,87,214,0,-1,-1,-1
7295,67,381,4,82,211,0,-1,-1,-1
7305,68,335,20,97,186,0,-1,-1,-1
7336,69,506,157,130,98,0,-1,-1,-1
7338,69,205,53,94,116,0,-1,-1,-1
7339,70,547,0,79,139,0,-1,-1,-1
7357,71,435,48,102,190,0,-1,-1,-1
7358,71,546,0,74,126,0,-1,-1,-1
7370,72,485,98,114,165,0,-1,-1,-1
7371,72,254,66,94,122,0,-1,-1,-1
7375,73,376,52,99,173,0,-1,-1,-1
7376,73,519,38,97,224,0,-1,-1,-1
7377,73,538,38,102,226,0,-1,-1,-1
7378,73,538,48,102,216,0,-1,-1,-1
7392,74,424,113,103,126,0,-1,-1,-1
7397,75,488,72,122,191,0,-1,-1,-1
7403,76,412,69,124,172,0,-1,-1,-1
7403,77,259,40,94,153,0,-1,-1,-1
7404,77,526,0,98,194,0,-1,-1,-1
7435,78,534,4,96,222,0,-1,-1,-1
7439,79,497,0,67,138,0,-1,-1,-1
7459,80,533,2,106,258,0,-1,-1,-1
7473,81,551,20,89,243,0,-1,-1,-1
7474,81,537,0,60,100,0,-1,-1,-1
7477,81,561,0,62,97,0,-1,-1,-1
7569,82,493,9,71,169,0,-1,-1,-1
7570,82,377,15,77,202,0,-1,-1,-1
7571,82,378,19,78,199,0,-1,-1,-1
7573,82,338,14,106,191,0,-1,-1,-1
7574,82,324,0,101,208,0,-1,-1,-1
7575,82,321,5,106,205,0,-1,-1,-1
7581,83,418,52,146,182,0,-1,-1,-1
7582,83,440,29,109,209,0,-1,-1,-1
7582,84,553,34,83,226,0,-1,-1,-1
7583,84,354,13,90,199,0,-1,-1,-1
7584,84,182,83,84,82,0,-1,-1,-1
7586,85,341,19,126,193,0,-1,-1,-1
7587,85,380,13,72,204,0,-1,-1,-1
7588,85,374,16,77,201,0,-1,-1,-1
7590,85,324,3,99,212,0,-1,-1,-1
7594,86,325,3,117,211,0,-1,-1,-1
7595,86,322,0,107,211,0,-1,-1,-1
7599,87,328,6,107,205,0,-1,-1,-1
7600,87,353,14,107,199,0,-1,-1,-1
7601,87,334,10,115,201,0,-1,-1,-1
7602,87,311,7,96,196,0,-1,-1,-1
7604,87,327,12,114,201,0,-1,-1,-1
7611,88,511,5,124,195,0,-1,-1,-1
7611,89,348,13,90,205,0,-1,-1,-1
7612,89,383,3,84,208,0,-1,-1,-1
7613,89,553,10,85,238,0,-1,-1,-1
7613,90,378,1,90,217,0,-1,-1,-1
7615,90,379,0,104,218,0,-1,-1,-1
7620,91,376,14,88,204,0,-1,-1,-1
7621,91,380,19,91,207,0,-1,-1,-1
7623,91,381,3,92,221,0,-1,-1,-1
7624,91,384,2,93,219,0,-1,-1,-1
7625,91,379,0,103,216,0,-1,-1,-1
7627,91,384,0,95,218,0,-1,-1,-1
7628,91,380,23,99,197,0,-1,-1,-1
7629,91,381,22,92,197,0,-1,-1,-1
7630,91,379,15,99,204,0,-1,-1,-1
7631,91,388,0,90,220,0,-1,-1,-1
7635,92,379,0,94,219,0,-1,-1,-1
7636,92,384,5,90,216,0,-1,-1,-1
7637,92,386,0,87,216,0,-1,-1,-1
7638,92,382,8,77,208,0,-1,-1,-1
7639,92,382,8,84,208,0,-1,-1,-1
7643,93,374,3,88,212,0,-1,-1,-1
7644,93,392,4,81,214,0,-1,-1,-1
7646,93,384,2,82,215,0,-1,-1,-1
7647,93,469,108,103,139,0,-1,-1,-1
7647,94,382,4,85,211,0,-1,-1,-1
7648,93,376,4,84,212,0,-1,-1,-1
7654,95,393,9,86,211,0,-1,-1,-1
7655,95,395,1,83,218,0,-1,-1,-1
7656,95,390,3,91,216,0,-1,-1,-1
7657,95,391,0,86,213,0,-1,-1,-1
7658,96,492,34,96,219,0,-1,-1,-1
7658,95,313,9,82,203,0,-1,-1,-1
7658,97,397,1,76,216,0,-1,-1,-1
7659,97,391,0,85,217,0,-1,-1,-1
7660,97,397,4,81,217,0,-1,-1,-1
7661,97,396,10,78,210,0,-1,-1,-1
7664,97,460,135,175,135,0,-1,-1,-1
7665,97,542,49,95,217,0,-1,-1,-1
7665,98,389,14,83,208,0,-1,-1,-1
7668,98,323,7,91,209,0,-1,-1,-1
7670,98,319,7,79,203,0,-1,-1,-1
7678,99,326,5,80,207,0,-1,-1,-1
7679,100,396,10,78,208,0,-1,-1,-1
7679,99,320,11,72,200,0,-1,-1,-1
7680,100,398,9,79,210,0,-1,-1,-1
7682,100,398,9,75,211,0,-1,-1,-1
7687,101,483,16,81,234,0,-1,-1,-1
7688,101,488,13,82,230,0,-1,-1,-1
7689,101,483,13,87,228,0,-1,-1,-1
7689,102,447,14,75,228,0,-1,-1,-1
7690,101,495,11,81,236,0,-1,-1,-1
7690,102,437,10,80,232,0,-1,-1,-1
7691,101,499,12,83,235,0,-1,-1,-1
7691,102,442,9,74,234,0,-1,-1,-1
7692,101,505,12,79,235,0,-1,-1,-1
7692,102,447,14,70,232,0,-1,-1,-1
7693,101,492,12,87,235,0,-1,-1,-1
7693,102,399,9,76,219,0,-1,-1,-1
7694,101,433,14,84,211,0,-1,-1,-1
7694,102,566,5,70,267,0,-1,-1,-1
7694,103,456,15,66,109,0,-1,-1,-1
7696,103,395,20,70,204,0,-1,-1,-1
7696,102,301,12,87,198,0,-1,-1,-1
7697,103,394,12,68,213,0,-1,-1,-1
7698,103,381,8,84,209,0,-1,-1,-1
7699,103,389,8,73,214,0,-1,-1,-1
7700,103,384,14,90,207,0,-1,-1,-1
7702,103,387,21,91,200,0,-1,-1,-1
7704,104,427,10,75,217,0,-1,-1,-1
7705,104,435,13,71,211,0,-1,-1,-1
7706,104,436,14,73,209,0,-1,-1,-1
7707,104,457,10,76,217,0,-1,-1,-1
7708,105,363,6,88,196,0,-1,-1,-1
7727,106,296,4,84,194,0,-1,-1,-1
7728,107,367,31,94,181,0,-1,-1,-1
7728,106,304,10,80,198,0,-1,-1,-1
7740,108,455,10,96,236,0,-1,-1,-1
7741,108,464,0,107,232,0,-1,-1,-1
7755,109,554,0,71,96,0,-1,-1,-1
7819,110,453,46,93,186,0,-1,-1,-1
7875,111,548,0,66,96,0,-1,-1,-1
7936,112,461,5,81,213,0,-1,-1,-1
7943,113,516,19,98,229,0,-1,-1,-1
7974,114,451,38,91,202,0,-1,-1,-1
7974,115,547,70,93,199,0,-1,-1,-1
8017,116,302,75,107,122,0,-1,-1,-1
8021,117,501,20,99,201,0,-1,-1,-1
8041,118,350,6,107,211,0,-1,-1,-1
8056,119,317,89,98,114,0,-1,-1,-1
8057,119,570,0,61,99,0,-1,-1,-1
8058,119,541,2,77,130,0,-1,-1,-1
8073,120,448,48,106,198,0,-1,-1,-1
8073,121,375,73,89,143,0,-1,-1,-1
8073,122,317,73,82,115,0,-1,-1,-1
8074,122,321,73,79,118,0,-1,-1,-1
8075,120,403,78,84,143,0,-1,-1,-1
8076,120,551,28,85,239,0,-1,-1,-1
8081,123,489,0,80,240,0,-1,-1,-1
8081,124,542,3,90,236,0,-1,-1,-1
8082,124,437,24,108,191,0,-1,-1,-1
8084,123,445,30,87,206,0,-1,-1,-1
8085,123,454,21,95,217,0,-1,-1,-1
8085,124,551,38,88,225,0,-1,-1,-1
8086,123,452,23,102,216,0,-1,-1,-1
8091,125,371,129,125,95,0,-1,-1,-1
8097,126,474,85,166,191,0,-1,-1,-1
8098,127,477,97,162,172,0,-1,-1,-1
8099,127,476,92,164,179,0,-1,-1,-1
8100,127,488,88,152,201,0,-1,-1,-1
8101,127,473,81,157,179,0,-1,-1,-1
8102,127,480,94,158,177,0,-1,-1,-1
8110,128,448,23,96,209,0,-1,-1,-1
8175,129,548,0,65,102,0,-1,-1,-1
8176,129,539,0,59,102,0,-1,-1,-1
8182,130,558,0,69,162,0,-1,-1,-1
8191,131,497,0,57,151,0,-1,-1,-1
8192,132,384,75,82,149,0,-1,-1,-1
8193,132,378,68,87,153,0,-1,-1,-1
8193,131,464,0,61,128,0,-1,-1,-1
8194,131,491,13,70,207,0,-1,-1,-1
8194,133,582,10,56,222,0,-1,-1,-1
8200,134,533,0,61,96,0,-1,-1,-1
8201,134,539,0,50,97,0,-1,-1,-1
8206,135,529,2,67,97,0,-1,-1,-1
8206,136,548,0,75,87,0,-1,-1,-1
8227,137,513,0,78,161,0,-1,-1,-1
8253,138,484,0,65,149,0,-1,-1,-1
8254,138,289,50,77,141,0,-1,-1,-1
8255,138,302,78,109,123,0,-1,-1,-1
8256,139,545,1,84,139,0,-1,-1,-1
8274,140,553,0,75,84,0,-1,-1,-1
8304,141,544,1,84,219,0,-1,-1,-1
8305,142,181,107,89,65,0,-1,-1,-1
8310,143,549,1,91,261,0,-1,-1,-1
8311,143,549,0,90,260,0,-1,-1,-1
8312,143,517,19,112,232,0,-1,-1,-1
8342,144,248,90,100,94,0,-1,-1,-1
8342,145,488,84,149,189,0,-1,-1,-1
8343,146,490,99,121,158,0,-1,-1,-1
8344,146,519,15,86,228,0,-1,-1,-1
8390,147,427,104,147,146,0,-1,-1,-1
8391,147,569,1,65,110,0,-1,-1,-1
8396,148,474,81,142,184,0,-1,-1,-1
8397,148,378,19,107,186,0,-1,-1,-1
8400,148,480,14,135,243,0,-1,-1,-1
8411,149,293,14,118,187,0,-1,-1,-1
8428,150,519,6,86,213,0,-1,-1,-1
8464,151,539,0,89,243,0,-1,-1,-1
8503,152,543,4,96,221,0,-1,-1,-1
8503,153,518,1,92,209,0,-1,-1,-1
8546,154,420,2,92,231,0,-1,-1,-1
8548,155,164,50,107,109,0,-1,-1,-1
8564,156,560,0,71,169,0,-1,-1,-1
8565,157,475,0,75,240,0,-1,-1,-1
8566,157,371,4,88,216,0,-1,-1,-1
8567,157,325,0,85,204,0,-1,-1,-1
8568,157,325,0,85,201,0,-1,-1,-1
8569,157,325,0,90,203,0,-1,-1,-1
8570,157,325,0,87,202,0,-1,-1,-1
8573,158,494,127,131,138,0,-1,-1,-1
8580,159,371,64,141,172,0,-1,-1,-1
8618,160,390,40,117,191,0,-1,-1,-1
8655,161,556,0,72,140,0,-1,-1,-1
8663,162,461,82,124,171,0,-1,-1,-1
8708,163,355,65,74,150,0,-1,-1,-1
8724,164,507,16,93,211,0,-1,-1,-1
8726,164,565,0,58,96,0,-1,-1,-1
8727,164,564,0,72,90,0,-1,-1,-1
8728,165,516,0,110,180,0,-1,-1,-1
8729,165,563,0,73,91,0,-1,-1,-1
8730,165,567,0,64,89,0,-1,-1,-1
8734,166,571,0,69,92,0,-1,-1,-1
8750,167,450,62,151,196,0,-1,-1,-1
8750,168,575,1,46,93,0,-1,-1,-1
8751,167,438,106,111,141,0,-1,-1,-1
8761,169,423,56,127,187,0,-1,-1,-1
8761,170,543,76,97,184,0,-1,-1,-1
8762,169,345,106,123,116,0,-1,-1,-1
8762,171,484,151,129,107,0,-1,-1,-1
8766,172,411,133,124,98,0,-1,-1,-1
8766,173,294,64,94,133,0,-1,-1,-1
8805,174,569,7,68,232,0,-1,-1,-1
8824,175,306,54,102,142,0,-1,-1,-1
8825,175,303,50,105,152,0,-1,-1,-1
8826,175,301,56,108,143,0,-1,-1,-1
8827,175,303,58,107,139,0,-1,-1,-1
8828,175,302,52,112,150,0,-1,-1,-1
8829,175,310,62,88,126,0,-1,-1,-1
8830,176,488,136,136,127,0,-1,-1,-1
8830,175,306,55,77,135,0,-1,-1,-1
8831,175,304,51,83,143,0,-1,-1,-1
8832,175,304,48,81,142,0,-1,-1,-1
8832,176,352,77,90,139,0,-1,-1,-1
8833,176,361,77,100,138,0,-1,-1,-1
8833,175,318,50,89,146,0,-1,-1,-1
8834,175,288,88,107,107,0,-1,-1,-1
8835,176,334,76,107,134,0,-1,-1,-1
8836,176,335,78,101,132,0,-1,-1,-1
8837,176,433,115,81,119,0,-1,-1,-1
8837,177,548,115,92,155,0,-1,-1,-1
8843,178,247,21,81,160,0,-1,-1,-1
8844,178,240,29,77,146,0,-1,-1,-1
8845,178,236,29,78,150,0,-1,-1,-1
8846,179,555,0,77,194,0,-1,-1,-1
8847,179,247,29,68,150,0,-1,-1,-1
8848,180,515,12,63,233,0,-1,-1,-1
8848,179,236,27,80,151,0,-1,-1,-1
8849,179,233,29,82,151,0,-1,-1,-1
8850,179,235,31,78,146,0,-1,-1,-1
8853,179,237,26,88,148,0,-1,-1,-1
8854,181,546,0,71,124,0,-1,-1,-1
8926,182,507,41,106,196,0,-1,-1,-1
8951,183,354,41,99,172,0,-1,-1,-1
8965,184,503,9,81,236,0,-1,-1,-1
8966,184,356,67,122,149,0,-1,-1,-1
8995,185,546,0,89,263,0,-1,-1,-1
8996,186,381,97,101,128,0,-1,-1,-1
8996,185,261,50,91,142,0,-1,-1,-1
8997,186,413,98,212,150,0,-1,-1,-1
9001,187,343,46,100,163,0,-1,-1,-1
9007,188,568,0,68,128,0,-1,-1,-1
9010,189,456,105,147,159,0,-1,-1,-1
9023,190,546,39,94,230,0,-1,-1,-1
9026,190,427,0,90,181,0,-1,-1,-1
9041,191,502,0,56,118,0,-1,-1,-1
9072,192,372,6,113,215,0,-1,-1,-1
9078,193,558,0,80,234,0,-1,-1,-1
9089,194,547,0,80,123,0,-1,-1,-1
9090,195,284,63,85,130,0,-1,-1,-1
9097,196,416,1,91,214,0,-1,-1,-1
9098,196,351,33,94,174,0,-1,-1,-1
9099,197,439,0,99,198,0,-1,-1,-1
9103,198,415,33,116,185,0,-1,-1,-1
9105,198,381,8,83,205,0,-1,-1,-1
9110,199,385,9,78,206,0,-1,-1,-1
9111,199,384,9,77,207,0,-1,-1,-1
9112,199,384,9,78,207,0,-1,-1,-1
9113,199,377,9,82,207,0,-1,-1,-1
9114,199,378,9,81,207,0,-1,-1,-1
9115,199,564,1,62,103,0,-1,-1,-1
9115,200,379,11,80,205,0,-1,-1,-1
9116,200,382,14,77,203,0,-1,-1,-1
9116,199,571,1,59,107,0,-1,-1,-1
9118,200,451,4,93,192,0,-1,-1,-1
9118,199,572,0,63,109,0,-1,-1,-1
9119,200,445,3,97,191,0,-1,-1,-1
9119,199,571,0,64,111,0,-1,-1,-1
9130,201,525,0,60,101,0,-1,-1,-1
9133,202,481,31,124,230,0,-1,-1,-1
9133,203,304,76,110,128,0,-1,-1,-1
9133,204,198,41,102,133,0,-1,-1,-1
9134,203,301,69,99,128,0,-1,-1,-1
9134,205,526,1,65,138,0,-1,-1,-1
9140,206,377,0,89,211,0,-1,-1,-1
9141,206,374,2,103,209,0,-1,-1,-1
9142,206,378,4,94,206,0,-1,-1,-1
9143,207,352,7,89,202,0,-1,-1,-1
9145,207,322,48,109,156,0,-1,-1,-1
9146,207,322,0,117,206,0,-1,-1,-1
9147,207,336,1,86,205,0,-1,-1,-1
9148,207,317,19,106,184,0,-1,-1,-1
9150,207,307,123,95,78,0,-1,-1,-1
9152,207,307,7,87,194,0,-1,-1,-1
9169,208,331,0,91,197,0,-1,-1,-1
9172,209,570,0,63,103,0,-1,-1,-1
9175,209,572,1,61,127,0,-1,-1,-1
9180,210,446,54,96,182,0,-1,-1,-1
9180,211,366,28,96,187,0,-1,-1,-1
9181,210,521,30,89,215,0,-1,-1,-1
9182,212,415,34,94,200,0,-1,-1,-1
9182,210,296,96,92,100,0,-1,-1,-1
9183,212,415,38,95,197,0,-1,-1,-1
9184,212,413,29,86,212,0,-1,-1,-1
9186,212,485,16,81,228,0,-1,-1,-1
9187,213,250,78,94,107,0,-1,-1,-1
9188,213,290,69,104,123,0,-1,-1,-1
9190,214,388,4,83,191,0,-1,-1,-1
9191,214,367,11,85,190,0,-1,-1,-1
9192,214,299,35,116,165,0,-1,-1,-1
9200,215,291,60,118,140,0,-1,-1,-1
9209,216,304,8,108,192,0,-1,-1,-1
9210,216,305,6,100,192,0,-1,-1,-1
9211,216,307,6,98,192,0,-1,-1,-1
9212,216,303,58,103,136,0,-1,-1,-1
9216,217,300,43,112,153,0,-1,-1,-1
9218,218,475,11,76,215,0,-1,-1,-1
9220,218,459,14,92,224,0,-1,-1,-1
9221,218,551,3,79,165,0,-1,-1,-1
9222,219,296,66,95,129,0,-1,-1,-1
9223,219,244,83,75,98,0,-1,-1,-1
9223,220,276,91,95,98,0,-1,-1,-1
9226,220,203,70,79,100,0,-1,-1,-1
9227,220,495,52,126,206,0,-1,-1,-1
9227,221,305,39,121,162,0,-1,-1,-1
9228,222,526,0,68,154,0,-1,-1,-1
9229,222,366,39,96,177,0,-1,-1,-1
9229,220,293,93,62,97,0,-1,-1,-1
9230,221,299,32,112,167,0,-1,-1,-1
9231,222,376,13,73,203,0,-1,-1,-1
9239,223,505,59,95,196,0,-1,-1,-1
9240,224,498,59,105,184,0,-1,-1,-1
9241,224,557,54,81,219,0,-1,-1,-1
9241,223,470,64,106,186,0,-1,-1,-1
9264,225,516,0,66,115,0,-1,-1,-1
9265,225,511,0,66,116,0,-1,-1,-1
9266,225,517,0,57,113,0,-1,-1,-1
9266,226,501,183,99,77,0,-1,-1,-1
9267,226,521,0,55,108,0,-1,-1,-1
9268,226,535,0,56,107,0,-1,-1,-1
9279,227,534,0,49,86,0,-1,-1,-1
9285,228,530,0,51,87,0,-1,-1,-1
9286,228,530,0,51,86,0,-1,-1,-1
9288,228,530,0,52,86,0,-1,-1,-1
9299,229,533,0,57,87,0,-1,-1,-1
9300,229,536,0,47,86,0,-1,-1,-1
9303,230,551,0,67,91,0,-1,-1,-1
9304,230,578,1,56,94,0,-1,-1,-1
9307,231,313,108,85,88,0,-1,-1,-1
9308,232,550,15,82,242,0,-1,-1,-1
9310,233,458,4,76,184,0,-1,-1,-1
9311,233,457,0,74,135,0,-1,-1,-1
9311,234,523,1,75,129,0,-1,-1,-1
9312,233,519,0,72,129,0,-1,-1,-1
9313,233,564,0,68,133,0,-1,-1,-1
9314,235,447,27,109,213,0,-1,-1,-1
9314,233,578,0,60,94,0,-1,-1,-1
9315,236,510,7,119,252,0,-1,-1,-1
9317,236,376,5,78,204,0,-1,-1,-1
9318,236,376,4,77,204,0,-1,-1,-1
9319,236,379,3,74,203,0,-1,-1,-1
9320,236,378,3,74,205,0,-1,-1,-1
9321,236,373,7,83,202,0,-1,-1,-1
9322,236,382,40,71,158,0,-1,-1,-1
9323,236,379,3,77,202,0,-1,-1,-1
9325,236,582,0,54,102,0,-1,-1,-1
9327,236,454,92,87,142,0,-1,-1,-1
9330,236,572,0,65,243,0,-1,-1,-1
9331,236,573,0,64,243,0,-1,-1,-1
9334,237,575,0,53,96,0,-1,-1,-1
9338,238,560,0,69,94,0,-1,-1,-1
9340,238,559,0,73,92,0,-1,-1,-1
9363,239,411,3,150,198,0,-1,-1,-1
9375,240,319,56,81,136,0,-1,-1,-1
9376,240,246,59,93,130,0,-1,-1,-1
9377,240,249,52,93,138,0,-1,-1,-1
9378,240,250,62,92,127,0,-1,-1,-1
9378,241,424,38,117,199,0,-1,-1,-1
9380,240,258,59,87,131,0,-1,-1,-1
9382,240,339,50,78,135,0,-1,-1,-1
9382,242,514,0,79,106,0,-1,-1,-1
9382,243,497,1,75,109,0,-1,-1,-1
9384,243,511,0,68,105,0,-1,-1,-1
9385,243,514,0,66,104,0,-1,-1,-1
9396,244,481,20,77,163,0,-1,-1,-1
9488,245,569,0,60,112,0,-1,-1,-1
9505,246,546,5,64,80,0,-1,-1,-1
9507,247,456,36,78,194,0,-1,-1,-1
9507,248,356,30,79,189,0,-1,-1,-1
9522,249,570,5,65,107,0,-1,-1,-1
9523,249,478,15,84,229,0,-1,-1,-1
9542,250,561,0,68,87,0,-1,-1,-1
9549,251,428,1,75,123,0,-1,-1,-1
9566,252,509,39,85,215,0,-1,-1,-1
9568,252,444,32,106,207,0,-1,-1,-1
9571,252,495,17,103,230,0,-1,-1,-1
9598,253,575,0,51,104,0,-1,-1,-1
9605,254,552,2,77,164,0,-1,-1,-1
9627,255,449,33,122,195,0,-1,-1,-1
9649,256,527,52,112,205,0,-1,-1,-1
9654,257,417,21,105,210,0,-1,-1,-1
9665,258,506,8,128,210,0,-1,-1,-1
9667,259,543,0,87,122,0,-1,-1,-1
9668,260,499,4,94,206,0,-1,-1,-1
9683,261,274,46,118,154,0,-1,-1,-1
9692,262,561,0,60,101,0,-1,-1,-1
9692,263,534,0,58,99,0,-1,-1,-1
9693,262,529,0,69,103,0,-1,-1,-1
9694,262,533,0,65,102,0,-1,-1,-1
9695,262,528,0,78,100,0,-1,-1,-1
9696,262,564,0,60,92,0,-1,-1,-1
9697,262,557,0,68,92,0,-1,-1,-1
9698,262,558,0,71,96,0,-1,-1,-1
9699,262,554,0,67,95,0,-1,-1,-1
9762,264,479,93,121,163,0,-1,-1,-1
9774,265,425,42,93,188,0,-1,-1,-1
9775,266,466,64,129,184,0,-1,-1,-1
9776,267,446,4,72,231,0,-1,-1,-1
9776,266,548,13,88,246,0,-1,-1,-1
9776,265,527,4,68,235,0,-1,-1,-1
9777,265,529,0,72,100,0,-1,-1,-1
9780,268,412,11,84,219,0,-1,-1,-1
9780,265,557,29,81,238,0,-1,-1,-1
9782,265,492,59,135,200,0,-1,-1,-1
9782,269,179,22,81,141,0,-1,-1,-1
9792,270,375,69,80,145,0,-1,-1,-1
9794,271,317,84,116,121,0,-1,-1,-1
9795,270,466,112,121,135,0,-1,-1,-1
9810,272,553,23,78,169,0,-1,-1,-1
9829,273,551,0,72,89,0,-1,-1,-1
9850,274,577,0,62,103,0,-1,-1,-1
9851,274,578,0,61,104,0,-1,-1,-1
9852,274,575,1,61,100,0,-1,-1,-1
9853,275,487,162,118,95,0,-1,-1,-1
9854,275,494,158,109,100,0,-1,-1,-1
9856,276,452,29,101,215,0,-1,-1,-1
9862,277,574,0,57,102,0,-1,-1,-1
9866,278,572,0,57,101,0,-1,-1,-1
9868,278,582,0,54,101,0,-1,-1,-1
9869,278,575,0,53,102,0,-1,-1,-1
9870,278,575,0,54,101,0,-1,-1,-1
9871,278,575,0,55,103,0,-1,-1,-1
9872,278,568,0,65,98,0,-1,-1,-1
9873,278,570,0,61,97,0,-1,-1,-1
9874,278,569,0,63,101,0,-1,-1,-1
9876,278,569,0,64,99,0,-1,-1,-1
9878,278,574,0,54,97,0,-1,-1,-1
9879,278,586,0,52,104,0,-1,-1,-1
9882,278,362,0,82,193,0,-1,-1,-1
9886,279,582,1,54,126,0,-1,-1,-1
9894,280,305,37,112,164,0,-1,-1,-1
9979,281,443,113,111,130,0,-1,-1,-1
9985,282,504,35,109,226,0,-1,-1,-1
9986,283,538,22,93,238,0,-1,-1,-1
9986,282,457,29,77,204,0,-1,-1,-1
9994,284,538,0,89,118,0,-1,-1,-1
9995,284,403,55,126,181,0,-1,-1,-1
10001,285,424,92,179,166,0,-1,-1,-1
10002,285,562,0,72,233,0,-1,-1,-1
10004,285,357,4,101,202,0,-1,-1,-1
10014,286,596,2,41,117,0,-1,-1,-1
10017,286,598,1,39,120,0,-1,-1,-1
10059,287,512,58,128,213,0,-1,-1,-1
10060,287,550,6,88,260,0,-1,-1,-1
10061,287,527,3,82,246,0,-1,-1,-1
10063,287,504,0,95,221,0,-1,-1,-1
10064,287,434,4,98,220,0,-1,-1,-1
10066,287,582,0,52,94,0,-1,-1,-1
10067,287,582,0,52,94,0,-1,-1,-1
10073,288,448,59,81,168,0,-1,-1,-1
10077,289,529,0,75,92,0,-1,-1,-1
10077,290,387,111,91,99,0,-1,-1,-1
10078,290,408,28,101,201,0,-1,-1,-1
10080,290,538,54,102,213,0,-1,-1,-1
10080,291,458,0,68,139,0,-1,-1,-1
10082,291,453,0,74,136,0,-1,-1,-1
10083,291,451,0,76,136,0,-1,-1,-1
10084,291,454,0,74,136,0,-1,-1,-1
10085,291,460,0,63,132,0,-1,-1,-1
10088,292,481,0,87,129,0,-1,-1,-1
10089,293,522,0,65,121,0,-1,-1,-1
10090,293,523,0,61,121,0,-1,-1,-1
10096,294,345,33,98,180,0,-1,-1,-1
10096,295,554,0,78,119,0,-1,-1,-1
10097,294,565,0,63,98,0,-1,-1,-1
10114,296,600,0,37,95,0,-1,-1,-1
10170,297,551,0,88,260,0,-1,-1,-1
10171,297,517,0,111,257,0,-1,-1,-1
10172,297,520,0,99,252,0,-1,-1,-1
10177,298,377,44,101,183,0,-1,-1,-1
10178,298,401,38,121,201,0,-1,-1,-1
10179,298,404,45,111,192,0,-1,-1,-1
10180,298,409,36,130,201,0,-1,-1,-1
10181,298,404,41,123,194,0,-1,-1,-1
10182,298,391,35,102,194,0,-1,-1,-1
10182,299,551,45,82,225,0,-1,-1,-1
10183,299,371,37,100,186,0,-1,-1,-1
10183,298,539,45,94,223,0,-1,-1,-1
10185,298,506,151,133,176,0,-1,-1,-1
10186,298,379,140,128,87,0,-1,-1,-1
10187,298,387,140,105,84,0,-1,-1,-1
10188,298,387,142,109,83,0,-1,-1,-1
10189,298,417,131,104,100,0,-1,-1,-1
10190,298,398,125,127,101,0,-1,-1,-1
10191,298,412,127,116,103,0,-1,-1,-1
10193,300,505,4,107,252,0,-1,-1,-1
10194,298,419,132,122,102,0,-1,-1,-1
10196,300,238,18,100,175,0,-1,-1,-1
10196,298,419,130,115,104,0,-1,-1,-1
10202,301,450,92,174,168,0,-1,-1,-1
10206,302,440,138,76,94,0,-1,-1,-1
10207,302,456,60,140,186,0,-1,-1,-1
10209,302,550,159,85,109,0,-1,-1,-1
10210,302,398,67,107,166,0,-1,-1,-1
10210,303,547,157,93,113,0,-1,-1,-1
10213,303,502,158,138,110,0,-1,-1,-1
10223,304,255,48,115,148,0,-1,-1,-1
10224,304,301,50,111,144,0,-1,-1,-1
10239,305,296,53,116,143,0,-1,-1,-1
10240,305,297,53,116,143,0,-1,-1,-1
10244,306,296,55,116,140,0,-1,-1,-1
10245,306,298,54,115,141,0,-1,-1,-1
10246,307,209,14,92,158,0,-1,-1,-1
10246,306,306,59,100,136,0,-1,-1,-1
10253,308,450,0,89,149,0,-1,-1,-1
10255,308,447,0,85,151,0,-1,-1,-1
10256,308,449,0,83,152,0,-1,-1,-1
10270,309,470,0,83,151,0,-1,-1,-1
10275,310,537,30,89,231,0,-1,-1,-1
10275,311,452,0,88,143,0,-1,-1,-1
10282,312,470,0,85,150,0,-1,-1,-1
10319,313,429,9,94,222,0,-1,-1,-1
10369,314,463,51,136,197,0,-1,-1,-1
10370,315,437,12,111,234,0,-1,-1,-1
10371,314,454,76,107,173,0,-1,-1,-1
10388,316,490,12,108,242,0,-1,-1,-1
10401,317,520,0,94,242,0,-1,-1,-1
10417,318,485,27,98,224,0,-1,-1,-1
10418,319,350,23,104,187,0,-1,-1,-1
10418,318,511,34,127,229,0,-1,-1,-1
10419,318,405,26,113,198,0,-1,-1,-1
10419,319,557,31,80,242,0,-1,-1,-1
10420,318,414,22,106,206,0,-1,-1,-1
10421,318,425,32,94,192,0,-1,-1,-1
10422,318,426,22,98,206,0,-1,-1,-1
10423,318,426,28,87,204,0,-1,-1,-1
10424,318,402,25,92,138,0,-1,-1,-1
10425,318,331,22,104,185,0,-1,-1,-1
10426,318,285,40,90,143,0,-1,-1,-1
10427,320,439,20,88,215,0,-1,-1,-1
10439,321,513,0,76,138,0,-1,-1,-1
10440,321,514,2,73,135,0,-1,-1,-1
10443,321,545,0,90,150,0,-1,-1,-1
10444,321,542,0,92,150,0,-1,-1,-1
10445,321,543,0,90,149,0,-1,-1,-1
10454,322,516,0,67,129,0,-1,-1,-1
10458,323,521,3,68,147,0,-1,-1,-1
10462,324,532,5,101,247,0,-1,-1,-1
10463,324,528,11,104,245,0,-1,-1,-1
10466,324,355,96,90,117,0,-1,-1,-1
10470,325,548,43,91,230,0,-1,-1,-1
10471,325,528,49,110,213,0,-1,-1,-1
10475,326,537,3,102,258,0,-1,-1,-1
10476,326,572,0,64,98,0,-1,-1,-1
10483,327,316,42,108,159,0,-1,-1,-1
10519,328,451,128,109,114,0,-1,-1,-1
10531,329,493,87,112,173,0,-1,-1,-1
10531,330,253,100,157,107,0,-1,-1,-1
10600,331,453,12,70,220,0,-1,-1,-1
10600,332,506,52,89,197,0,-1,-1,-1
10601,331,574,0,57,98,0,-1,-1,-1
10746,333,244,62,66,119,0,-1,-1,-1
10747,334,442,24,93,191,0,-1,-1,-1
10748,334,393,148,89,83,0,-1,-1,-1
10749,334,420,153,86,81,0,-1,-1,-1
10749,333,543,29,88,196,0,-1,-1,-1
10750,333,413,150,112,88,0,-1,-1,-1
10751,333,429,103,133,137,0,-1,-1,-1
10752,333,528,2,106,180,0,-1,-1,-1
10753,335,492,20,82,233,0,-1,-1,-1
10754,336,489,98,131,165,0,-1,-1,-1
10756,336,492,103,117,158,0,-1,-1,-1
10757,336,498,84,117,180,0,-1,-1,-1
10758,336,493,80,145,189,0,-1,-1,-1
10759,336,496,52,97,199,0,-1,-1,-1
10760,336,497,28,97,224,0,-1,-1,-1
10761,336,471,56,139,198,0,-1,-1,-1
10762,336,507,15,121,235,0,-1,-1,-1
10763,336,540,8,93,199,0,-1,-1,-1
10766,336,306,95,90,99,0,-1,-1,-1
10776,337,261,67,93,119,0,-1,-1,-1
10778,337,368,40,87,145,0,-1,-1,-1
10789,338,463,142,71,96,0,-1,-1,-1
10814,339,466,61,117,200,0,-1,-1,-1
10828,340,555,0,81,109,0,-1,-1,-1
10829,340,262,72,100,106,0,-1,-1,-1
10829,341,183,74,75,88,0,-1,-1,-1
10863,342,505,20,113,233,0,-1,-1,-1
10864,342,415,74,140,172,0,-1,-1,-1
10865,342,409,75,137,165,0,-1,-1,-1
10866,342,411,79,117,158,0,-1,-1,-1
10867,342,410,81,117,152,0,-1,-1,-1
10868,342,389,76,126,163,0,-1,-1,-1
10958,343,445,79,138,172,0,-1,-1,-1
11014,344,523,75,117,197,0,-1,-1,-1
11018,345,560,0,66,85,0,-1,-1,-1
11027,346,498,1,87,219,0,-1,-1,-1
11028,346,556,0,63,88,0,-1,-1,-1
11037,347,562,0,70,93,0,-1,-1,-1
11061,348,458,1,123,236,0,-1,-1,-1
11085,349,477,65,125,195,0,-1,-1,-1
11106,350,435,7,86,222,0,-1,-1,-1
11113,351,515,115,124,159,0,-1,-1,-1
11113,352,352,45,89,169,0,-1,-1,-1
11114,353,419,18,94,211,0,-1,-1,-1
11114,351,549,41,90,228,0,-1,-1,-1
11115,351,503,19,69,223,0,-1,-1,-1
11115,353,442,13,81,222,0,-1,-1,-1
11115,352,551,34,88,236,0,-1,-1,-1
11116,352,547,31,93,237,0,-1,-1,-1
11116,353,454,22,90,210,0,-1,-1,-1
11117,353,451,23,83,213,0,-1,-1,-1
11117,352,564,36,74,234,0,-1,-1,-1
11118,353,450,20,77,215,0,-1,-1,-1
11118,352,564,31,74,243,0,-1,-1,-1
11118,351,492,29,75,214,0,-1,-1,-1
11119,353,419,23,83,208,0,-1,-1,-1
11119,352,496,28,74,215,0,-1,-1,-1
11119,351,559,22,78,238,0,-1,-1,-1
11120,353,442,22,78,211,0,-1,-1,-1
11120,351,497,28,73,217,0,-1,-1,-1
11120,352,553,19,84,243,0,-1,-1,-1
11121,353,439,21,75,218,0,-1,-1,-1
11121,351,549,23,89,246,0,-1,-1,-1
11122,353,447,23,84,217,0,-1,-1,-1
11122,351,547,18,90,247,0,-1,-1,-1
11123,351,552,16,88,245,0,-1,-1,-1
11123,353,431,22,75,213,0,-1,-1,-1
11123,352,486,24,73,221,0,-1,-1,-1
11124,351,551,19,89,245,0,-1,-1,-1
11124,353,445,23,73,215,0,-1,-1,-1
11124,352,483,21,76,224,0,-1,-1,-1
11125,352,430,26,100,213,0,-1,-1,-1
11125,351,526,19,114,247,0,-1,-1,-1
11126,352,445,24,79,212,0,-1,-1,-1
11126,351,549,17,89,250,0,-1,-1,-1
11127,352,443,23,75,214,0,-1,-1,-1
11127,351,551,16,87,252,0,-1,-1,-1
11128,352,442,24,96,219,0,-1,-1,-1
11128,351,552,16,86,256,0,-1,-1,-1
11129,351,518,24,82,224,0,-1,-1,-1
11129,352,547,14,93,246,0,-1,-1,-1
11130,354,455,8,120,235,0,-1,-1,-1
11135,355,429,2,70,118,0,-1,-1,-1
11135,356,514,0,62,120,0,-1,-1,-1
11137,356,546,17,86,205,0,-1,-1,-1
11153,357,313,34,121,173,0,-1,-1,-1
11154,358,466,0,54,134,0,-1,-1,-1
11164,359,493,61,146,211,0,-1,-1,-1
11166,360,446,4,88,116,0,-1,-1,-1
11173,361,275,34,85,157,0,-1,-1,-1
11174,362,437,11,88,215,0,-1,-1,-1
11176,362,432,11,92,220,0,-1,-1,-1
11177,362,425,14,93,219,0,-1,-1,-1
11182,363,428,19,91,206,0,-1,-1,-1
11187,364,413,9,103,215,0,-1,-1,-1
11188,364,322,5,93,205,0,-1,-1,-1
11188,365,412,6,102,210,0,-1,-1,-1
11189,365,408,6,104,214,0,-1,-1,-1
11191,365,424,16,86,201,0,-1,-1,-1
11193,365,435,11,86,224,0,-1,-1,-1
11194,365,388,4,81,215,0,-1,-1,-1
11194,366,450,11,86,219,0,-1,-1,-1
11195,366,565,0,68,138,0,-1,-1,-1
11225,367,486,114,143,146,0,-1,-1,-1
11250,368,478,133,130,126,0,-1,-1,-1
11258,369,334,98,144,129,0,-1,-1,-1
11259,370,442,0,115,178,0,-1,-1,-1
11261,370,418,0,100,194,0,-1,-1,-1
11287,371,405,143,130,92,0,-1,-1,-1
11310,372,514,138,119,127,0,-1,-1,-1
11324,373,464,99,173,177,0,-1,-1,-1
11336,374,513,2,86,206,0,-1,-1,-1
11336,375,436,0,85,136,0,-1,-1,-1
11337,375,494,0,65,123,0,-1,-1,-1
11337,374,565,0,64,134,0,-1,-1,-1
11338,375,489,0,69,131,0,-1,-1,-1
11338,376,430,1,56,126,0,-1,-1,-1
11342,377,379,23,103,204,0,-1,-1,-1
11354,378,452,46,156,218,0,-1,-1,-1
11367,379,522,88,116,187,0,-1,-1,-1
11419,380,385,103,115,121,0,-1,-1,-1
11435,381,380,3,91,212,0,-1,-1,-1
11441,382,378,135,119,98,0,-1,-1,-1
11446,383,433,17,82,224,0,-1,-1,-1
11446,384,485,26,98,220,0,-1,-1,-1
11455,385,444,45,134,205,0,-1,-1,-1
11473,386,510,0,76,141,0,-1,-1,-1
11496,387,465,38,110,212,0,-1,-1,-1
11504,388,550,13,90,235,0,-1,-1,-1
11560,389,528,0,57,102,0,-1,-1,-1
11621,390,318,59,88,139,0,-1,-1,-1
11627,391,506,17,129,241,0,-1,-1,-1
11645,392,515,0,72,167,0,-1,-1,-1
11666,393,354,1,103,211,0,-1,-1,-1
11670,394,529,11,110,237,0,-1,-1,-1
11672,395,440,27,111,208,0,-1,-1,-1
11710,396,527,0,73,162,0,-1,-1,-1
11711,397,372,63,131,166,0,-1,-1,-1
11711,396,298,76,83,119,0,-1,-1,-1
11714,397,419,115,112,129,0,-1,-1,-1
11852,398,503,48,108,201,0,-1,-1,-1
11875,399,514,9,101,241,0,-1,-1,-1
11906,400,227,64,78,111,0,-1,-1,-1
11909,400,474,116,123,143,0,-1,-1,-1
11911,400,550,0,74,171,0,-1,-1,-1
11928,401,482,32,87,228,0,-1,-1,-1
11960,402,432,28,106,218,0,-1,-1,-1
11961,402,412,67,103,162,0,-1,-1,-1
11962,402,272,88,88,97,0,-1,-1,-1
11982,403,517,24,84,213,0,-1,-1,-1
11990,404,273,68,88,116,0,-1,-1,-1
11994,405,557,7,80,260,0,-1,-1,-1
11997,406,338,63,114,149,0,-1,-1,-1
11998,406,467,0,93,243,0,-1,-1,-1
11998,407,388,3,73,210,0,-1,-1,-1
12033,408,535,4,68,154,0,-1,-1,-1
12055,409,467,70,145,183,0,-1,-1,-1
12056,409,433,95,163,161,0,-1,-1,-1
12121,410,554,15,85,264,0,-1,-1,-1
12122,410,533,0,70,140,0,-1,-1,-1
12162,411,439,9,128,238,0,-1,-1,-1
12212,412,479,0,102,239,0,-1,-1,-1
12227,413,415,11,82,220,0,-1,-1,-1
12229,413,557,17,80,260,0,-1,-1,-1
12230,413,557,23,80,254,0,-1,-1,-1
12236,414,444,57,166,189,0,-1,-1,-1
12237,414,487,2,83,194,0,-1,-1,-1
12260,415,424,4,89,182,0,-1,-1,-1
12406,416,551,0,87,237,0,-1,-1,-1
12415,417,350,74,96,142,0,-1,-1,-1
12418,417,452,73,108,169,0,-1,-1,-1
12436,418,512,109,128,168,0,-1,-1,-1
12439,418,504,104,134,169,0,-1,-1,-1
12440,418,500,103,137,171,0,-1,-1,-1
12442,418,497,102,139,170,0,-1,-1,-1
12444,418,441,110,189,148,0,-1,-1,-1
12448,419,583,38,52,98,0,-1,-1,-1
12449,419,463,95,117,158,0,-1,-1,-1
12451,419,576,0,58,104,0,-1,-1,-1
12458,420,434,0,98,222,0,-1,-1,-1
12478,421,537,37,91,212,0,-1,-1,-1
12490,422,510,1,92,130,0,-1,-1,-1
12497,423,491,29,142,228,0,-1,-1,-1
12510,424,434,113,101,125,0,-1,-1,-1
12513,424,492,0,75,209,0,-1,-1,-1
12515,424,224,90,108,93,0,-1,-1,-1
12521,425,399,0,54,167,0,-1,-1,-1
12522,425,398,3,57,162,0,-1,-1,-1
12525,425,395,0,56,168,0,-1,-1,-1
12527,425,390,2,65,165,0,-1,-1,-1
12531,426,391,2,67,167,0,-1,-1,-1
12532,426,392,2,65,166,0,-1,-1,-1
12533,426,441,3,100,171,0,-1,-1,-1
12538,427,391,120,117,112,0,-1,-1,-1
12538,428,321,48,76,136,0,-1,-1,-1
12539,427,385,129,142,107,0,-1,-1,-1
12557,429,565,1,72,138,0,-1,-1,-1
12623,430,494,12,106,235,0,-1,-1,-1
12625,430,247,87,98,100,0,-1,-1,-1
12628,431,415,85,86,145,0,-1,-1,-1
12636,432,223,77,109,107,0,-1,-1,-1
12691,433,487,49,144,215,0,-1,-1,-1
12710,434,437,0,98,234,0,-1,-1,-1
12711,434,505,0,87,206,0,-1,-1,-1
12712,434,524,1,97,186,0,-1,-1,-1
12770,435,419,121,131,124,0,-1,-1,-1
12790,436,524,25,89,229,0,-1,-1,-1
12804,437,419,16,99,210,0,-1,-1,-1
12808,438,513,65,123,200,0,-1,-1,-1
12829,439,506,64,116,189,0,-1,-1,-1
12829,440,403,11,95,207,0,-1,-1,-1
12834,441,526,0,73,103,0,-1,-1,-1
12842,442,570,0,55,96,0,-1,-1,-1
12844,443,403,82,121,155,0,-1,-1,-1
12855,444,547,0,80,155,0,-1,-1,-1
12873,445,517,0,71,136,0,-1,-1,-1
12874,445,427,15,112,212,0,-1,-1,-1
12889,446,302,36,84,153,0,-1,-1,-1
12921,447,349,40,101,173,0,-1,-1,-1
12931,448,480,111,138,155,0,-1,-1,-1
12939,449,603,0,36,97,0,-1,-1,-1
12943,450,318,25,103,179,0,-1,-1,-1
12944,450,290,24,123,172,0,-1,-1,-1
12945,450,241,18,104,178,0,-1,-1,-1
12945,451,521,14,85,233,0,-1,-1,-1
12946,451,231,38,111,153,0,-1,-1,-1
12968,452,426,24,137,216,0,-1,-1,-1
12969,453,293,114,126,85,0,-1,-1,-1
12971,453,557,1,71,133,0,-1,-1,-1
12987,454,270,72,136,124,0,-1,-1,-1
13013,455,366,39,102,171,0,-1,-1,-1
13019,456,460,11,104,219,0,-1,-1,-1
13026,457,521,21,110,237,0,-1,-1,-1
13027,457,514,3,107,213,0,-1,-1,-1
13035,458,432,21,87,215,0,-1,-1,-1
13036,458,559,0,74,153,0,-1,-1,-1
13040,459,528,18,110,228,0,-1,-1,-1
13057,460,457,14,84,206,0,-1,-1,-1
13058,460,447,13,87,215,0,-1,-1,-1
13065,461,483,65,90,189,0,-1,-1,-1
13066,461,512,49,85,203,0,-1,-1,-1
13067,461,547,0,87,140,0,-1,-1,-1
13075,462,444,5,96,181,0,-1,-1,-1
13076,462,165,48,96,117,0,-1,-1,-1
13077,462,468,144,165,129,0,-1,-1,-1
13078,462,441,134,136,113,0,-1,-1,-1
13080,463,424,24,83,187,0,-1,-1,-1
13098,464,499,65,104,172,0,-1,-1,-1
13109,465,496,0,87,182,0,-1,-1,-1
13113,466,293,42,105,157,0,-1,-1,-1
13126,467,499,0,115,233,0,-1,-1,-1
13139,468,208,74,101,105,0,-1,-1,-1
13161,469,365,5,97,210,0,-1,-1,-1
13183,470,367,16,93,193,0,-1,-1,-1
13183,471,536,2,71,122,0,-1,-1,-1
13184,470,339,53,82,154,0,-1,-1,-1
13185,472,269,76,107,110,0,-1,-1,-1
13195,473,560,0,73,116,0,-1,-1,-1
13196,473,507,0,93,213,0,-1,-1,-1
13211,474,518,3,101,234,0,-1,-1,-1
13213,474,517,66,108,190,0,-1,-1,-1
13233,475,506,0,78,213,0,-1,-1,-1
13236,475,560,0,75,95,0,-1,-1,-1
13245,476,519,45,119,207,0,-1,-1,-1
13246,476,553,2,77,130,0,-1,-1,-1
13265,477,533,0,60,152,0,-1,-1,-1
13308,478,539,47,96,202,0,-1,-1,-1
13339,479,374,40,87,177,0,-1,-1,-1
13419,480,360,53,100,157,0,-1,-1,-1
13428,481,571,1,66,96,0,-1,-1,-1
13471,482,413,70,130,165,0,-1,-1,-1
13472,482,402,74,142,161,0,-1,-1,-1
13473,482,399,74,144,162,0,-1,-1,-1
13474,482,410,73,136,161,0,-1,-1,-1
13475,482,408,77,137,160,0,-1,-1,-1
13477,482,463,94,159,148,0,-1,-1,-1
13480,482,323,8,84,198,0,-1,-1,-1
13520,483,491,48,104,210,0,-1,-1,-1
13532,484,404,93,139,147,0,-1,-1,-1
13588,485,448,1,75,176,0,-1,-1,-1
13592,486,194,81,65,82,0,-1,-1,-1
13598,487,494,2,73,130,0,-1,-1,-1
13602,488,343,65,91,136,0,-1,-1,-1
13608,489,507,78,123,189,0,-1,-1,-1
13610,489,527,15,107,230,0,-1,-1,-1
13610,490,373,9,98,193,0,-1,-1,-1
13616,491,570,0,65,117,0,-1,-1,-1
13641,492,560,0,76,224,0,-1,-1,-1
13800,493,553,0,83,225,0,-1,-1,-1
13801,493,530,0,106,221,0,-1,-1,-1
13810,494,571,0,65,114,0,-1,-1,-1
13938,495,239,63,100,124,0,-1,-1,-1
14064,496,384,18,104,201,0,-1,-1,-1
14065,496,394,6,84,211,0,-1,-1,-1
14066,496,382,6,73,208,0,-1,-1,-1
14067,496,368,8,80,207,0,-1,-1,-1
14083,497,573,0,64,122,0,-1,-1,-1
14084,497,351,68,141,157,0,-1,-1,-1
14086,497,461,78,139,169,0,-1,-1,-1
14103,498,429,37,128,198,0,-1,-1,-1
14104,498,389,107,180,130,0,-1,-1,-1
14107,498,336,18,100,194,0,-1,-1,-1
14126,499,582,0,53,97,0,-1,-1,-1
14127,500,487,7,61,164,0,-1,-1,-1
14136,501,286,66,83,118,0,-1,-1,-1
14138,501,567,1,70,109,0,-1,-1,-1
14141,502,424,27,109,212,0,-1,-1,-1
14168,503,427,159,122,83,0,-1,-1,-1
14178,504,289,63,99,132,0,-1,-1,-1
14178,505,435,116,148,135,0,-1,-1,-1
14196,506,344,99,82,103,0,-1,-1,-1
14211,507,273,74,139,123,0,-1,-1,-1
14212,508,239,81,116,104,0,-1,-1,-1
14284,509,547,0,82,148,0,-1,-1,-1
14388,510,243,75,78,101,0,-1,-1,-1
14390,511,477,23,86,220,0,-1,-1,-1
14399,512,463,44,151,194,0,-1,-1,-1
14405,513,511,0,101,217,0,-1,-1,-1
14412,514,534,33,96,233,0,-1,-1,-1
14421,515,183,82,83,76,0,-1,-1,-1
14422,515,556,1,74,126,0,-1,-1,-1
14426,516,366,68,110,152,0,-1,-1,-1
14426,517,510,31,121,225,0,-1,-1,-1
14479,518,493,0,114,247,0,-1,-1,-1
14533,519,557,6,76,211,0,-1,-1,-1
14534,519,546,13,86,197,0,-1,-1,-1
14536,519,560,45,76,224,0,-1,-1,-1
14544,520,535,11,101,236,0,-1,-1,-1
14569,521,279,97,92,88,0,-1,-1,-1
14569,522,274,70,179,143,0,-1,-1,-1
14570,523,431,40,90,186,0,-1,-1,-1
14570,521,501,32,118,223,0,-1,-1,-1
14571,521,554,17,83,238,0,-1,-1,-1
14580,524,452,0,68,116,0,-1,-1,-1
14581,524,485,0,66,120,0,-1,-1,-1
14591,525,513,21,69,158,0,-1,-1,-1
14637,526,552,47,86,212,0,-1,-1,-1
14638,526,552,41,87,225,0,-1,-1,-1
14642,527,534,100,104,171,0,-1,-1,-1
14645,527,467,127,131,136,0,-1,-1,-1
14656,528,429,56,122,190,0,-1,-1,-1
14666,529,414,89,107,138,0,-1,-1,-1
14668,529,431,31,109,196,0,-1,-1,-1
14671,529,551,0,68,89,0,-1,-1,-1
14683,530,450,0,68,108,0,-1,-1,-1
14686,530,443,0,92,131,0,-1,-1,-1
14715,531,317,31,120,175,0,-1,-1,-1
14899,532,447,41,103,198,0,-1,-1,-1
14900,532,226,77,75,91,0,-1,-1,-1
14900,533,550,9,77,146,0,-1,-1,-1
14900,534,315,84,118,123,0,-1,-1,-1
14903,534,279,60,174,153,0,-1,-1,-1
14906,534,547,0,81,138,0,-1,-1,-1
14971,535,489,0,90,218,0,-1,-1,-1
15470,536,519,11,94,227,0,-1,-1,-1
15491,537,462,0,74,148,0,-1,-1,-1
15523,538,457,10,116,229,0,-1,-1,-1
15524,538,432,15,94,217,0,-1,-1,-1
15525,538,404,12,120,210,0,-1,-1,-1
15526,538,398,25,104,195,0,-1,-1,-1
15527,538,472,154,166,118,0,-1,-1,-1
15528,538,466,154,172,115,0,-1,-1,-1
15639,539,285,51,91,138,0,-1,-1,-1
16296,540,452,26,90,212,0,-1,-1,-1
