1234,0,437,0,92,201,0,-1,-1,-1
2506,1,457,3,73,162,0,-1,-1,-1
2514,2,498,111,142,173,0,-1,-1,-1
2515,2,531,0,57,90,0,-1,-1,-1
2523,3,365,23,105,217,0,-1,-1,-1
2817,4,437,89,149,179,0,-1,-1,-1
2878,5,497,0,54,88,0,-1,-1,-1
2879,5,246,53,115,167,0,-1,-1,-1
3252,6,145,99,162,112,0,-1,-1,-1
3455,7,204,104,125,107,0,-1,-1,-1
3727,8,357,25,107,223,0,-1,-1,-1
3727,9,374,89,90,161,0,-1,-1,-1
3966,10,354,1,55,127,0,-1,-1,-1
3967,10,267,10,75,203,0,-1,-1,-1
3968,10,264,60,84,155,0,-1,-1,-1
3979,11,529,78,103,199,0,-1,-1,-1
3980,12,304,30,85,200,0,-1,-1,-1
3981,12,464,0,51,118,0,-1,-1,-1
3986,13,542,8,86,102,0,-1,-1,-1
4019,14,500,3,67,104,0,-1,-1,-1
4047,15,371,116,87,131,0,-1,-1,-1
4068,16,348,14,73,161,0,-1,-1,-1
4069,16,537,8,59,122,0,-1,-1,-1
4148,17,437,0,61,123,0,-1,-1,-1
4150,18,353,13,56,154,0,-1,-1,-1
4161,19,351,19,106,181,0,-1,-1,-1
4162,19,390,0,74,163,0,-1,-1,-1
4163,20,389,0,56,120,0,-1,-1,-1
4179,21,175,114,90,86,0,-1,-1,-1
4320,22,258,76,97,145,0,-1,-1,-1
4332,23,444,1,58,149,0,-1,-1,-1
4345,24,355,22,68,148,0,-1,-1,-1
4417,25,452,2,77,166,0,-1,-1,-1
4493,26,393,23,73,209,0,-1,-1,-1
4540,27,476,10,77,133,0,-1,-1,-1
4912,28,413,0,65,164,0,-1,-1,-1
4969,29,425,0,71,168,0,-1,-1,-1
5081,30,350,5,77,154,0,-1,-1,-1
5202,31,453,13,92,192,0,-1,-1,-1
5213,32,448,24,83,196,0,-1,-1,-1
5296,33,265,11,78,201,0,-1,-1,-1
5297,34,431,16,86,194,0,-1,-1,-1
5298,33,205,71,102,139,0,-1,-1,-1
5348,35,466,0,55,90,0,-1,-1,-1
5359,36,155,78,134,129,0,-1,-1,-1
5503,37,534,0,44,95,0,-1,-1,-1
5504,37,531,0,48,95,0,-1,-1,-1
5506,37,527,2,55,101,0,-1,-1,-1
5507,37,569,0,53,133,0,-1,-1,-1
5513,38,411,110,142,155,0,-1,-1,-1
5770,39,400,1,67,155,0,-1,-1,-1
5782,40,459,2,60,114,0,-1,-1,-1
5820,41,457,1,72,109,0,-1,-1,-1
5975,42,465,120,117,155,0,-1,-1,-1
6058,43,240,95,107,121,0,-1,-1,-1
6064,44,456,10,92,196,0,-1,-1,-1
6065,44,571,0,37,65,0,-1,-1,-1
6073,45,548,1,77,146,0,-1,-1,-1
6074,45,238,103,117,117,0,-1,-1,-1
6087,46,449,21,119,243,0,-1,-1,-1
6121,47,504,0,61,98,0,-1,-1,-1
6127,48,349,15,97,219,0,-1,-1,-1
6192,49,372,0,91,110,0,-1,-1,-1
6344,50,90,100,98,82,0,-1,-1,-1
6408,51,487,0,72,109,0,-1,-1,-1
6413,52,392,81,106,172,0,-1,-1,-1
6444,53,553,0,68,134,0,-1,-1,-1
6499,54,543,0,95,236,0,-1,-1,-1
6500,54,579,0,48,109,0,-1,-1,-1
6505,55,542,0,44,95,0,-1,-1,-1
6505,56,227,119,157,114,0,-1,-1,-1
6514,57,372,26,92,208,0,-1,-1,-1
6656,58,491,0,80,130,0,-1,-1,-1
6657,58,565,0,68,95,0,-1,-1,-1
6758,59,482,100,130,181,0,-1,-1,-1
6758,60,371,133,110,116,0,-1,-1,-1
6763,61,541,15,91,211,0,-1,-1,-1
6763,62,466,2,82,229,0,-1,-1,-1
6763,63,483,22,91,213,0,-1,-1,-1
6837,64,455,8,81,194,0,-1,-1,-1
6838,64,345,131,109,111,0,-1,-1,-1
6839,64,329,133,118,111,0,-1,-1,-1
6882,65,41,80,85,86,0,-1,-1,-1
6882,66,469,122,117,150,0,-1,-1,-1
6883,65,41,82,101,92,0,-1,-1,-1
6900,67,109,90,92,98,0,-1,-1,-1
6916,68,455,105,121,168,0,-1,-1,-1
6918,69,382,18,107,223,0,-1,-1,-1
6921,70,401,75,107,183,0,-1,-1,-1
6922,71,159,60,134,141,0,-1,-1,-1
6928,72,215,101,110,109,0,-1,-1,-1
6929,73,251,56,121,162,0,-1,-1,-1
6935,74,378,152,107,93,0,-1,-1,-1
6938,75,297,87,93,148,0,-1,-1,-1
6939,75,118,116,80,76,0,-1,-1,-1
6940,76,551,0,66,88,0,-1,-1,-1
6943,77,160,72,135,130,0,-1,-1,-1
6946,78,489,55,96,212,0,-1,-1,-1
6947,79,111,47,111,151,0,-1,-1,-1
6948,78,436,90,174,184,0,-1,-1,-1
6950,78,81,71,90,104,0,-1,-1,-1
6951,78,208,113,80,92,0,-1,-1,-1
7162,80,135,59,109,137,0,-1,-1,-1
7180,81,449,83,132,180,0,-1,-1,-1
7250,82,414,19,99,243,0,-1,-1,-1
7261,83,563,0,60,98,0,-1,-1,-1
7281,84,367,17,91,226,0,-1,-1,-1
7302,85,178,112,81,88,0,-1,-1,-1
7304,86,313,77,88,156,0,-1,-1,-1
7305,86,197,48,92,158,0,-1,-1,-1
7306,87,478,1,62,100,0,-1,-1,-1
7313,88,522,0,65,81,0,-1,-1,-1
7347,89,386,7,77,103,0,-1,-1,-1
7349,89,343,11,99,224,0,-1,-1,-1
7395,90,570,0,66,114,0,-1,-1,-1
7396,90,507,6,83,195,0,-1,-1,-1
7396,91,428,0,75,189,0,-1,-1,-1
7402,92,480,2,78,116,0,-1,-1,-1
7417,93,508,0,81,193,0,-1,-1,-1
7427,94,499,116,128,157,0,-1,-1,-1
7428,94,509,111,117,159,0,-1,-1,-1
7431,94,520,101,110,177,0,-1,-1,-1
7432,94,537,48,90,228,0,-1,-1,-1
7433,94,540,45,92,232,0,-1,-1,-1
7434,94,541,45,89,233,0,-1,-1,-1
7435,94,541,50,92,224,0,-1,-1,-1
7436,94,539,49,98,229,0,-1,-1,-1
7437,95,528,51,79,220,0,-1,-1,-1
7438,95,521,43,94,227,0,-1,-1,-1
7439,95,541,38,88,221,0,-1,-1,-1
7440,95,545,36,83,220,0,-1,-1,-1
7441,95,546,38,85,217,0,-1,-1,-1
7442,95,555,35,77,220,0,-1,-1,-1
7456,96,540,0,60,87,0,-1,-1,-1
7532,97,532,0,39,60,0,-1,-1,-1
7559,98,486,0,62,86,0,-1,-1,-1
7570,99,405,0,101,253,0,-1,-1,-1
7570,100,514,65,85,200,0,-1,-1,-1
7577,101,438,52,144,217,0,-1,-1,-1
7578,101,528,28,109,242,0,-1,-1,-1
7579,101,484,70,145,206,0,-1,-1,-1
7579,102,107,114,90,72,0,-1,-1,-1
7580,101,518,93,114,191,0,-1,-1,-1
7581,101,498,0,66,155,0,-1,-1,-1
7631,103,360,78,115,172,0,-1,-1,-1
7632,103,391,62,116,193,0,-1,-1,-1
7637,104,568,46,70,235,0,-1,-1,-1
7639,105,348,68,81,175,0,-1,-1,-1
7639,106,514,54,87,214,0,-1,-1,-1
7639,104,483,53,64,110,0,-1,-1,-1
7640,105,443,55,80,198,0,-1,-1,-1
7641,106,342,9,44,126,0,-1,-1,-1
7642,106,435,5,39,119,0,-1,-1,-1
7642,105,360,13,57,127,0,-1,-1,-1
7643,106,431,10,43,115,0,-1,-1,-1
7643,107,133,57,126,150,0,-1,-1,-1
7644,106,436,13,53,136,0,-1,-1,-1
7646,108,291,1,85,203,0,-1,-1,-1
7647,108,421,0,60,113,0,-1,-1,-1
7647,109,356,0,67,151,0,-1,-1,-1
7648,109,504,38,43,128,0,-1,-1,-1
7654,110,550,26,68,137,0,-1,-1,-1
7657,110,426,60,73,156,0,-1,-1,-1
7658,110,376,57,78,178,0,-1,-1,-1
7660,110,480,56,94,209,0,-1,-1,-1
7660,111,380,78,72,166,0,-1,-1,-1
7661,111,468,171,88,94,0,-1,-1,-1
7661,112,367,109,88,137,0,-1,-1,-1
7661,113,514,80,90,149,0,-1,-1,-1
7662,111,500,36,91,240,0,-1,-1,-1
7662,112,348,156,85,87,0,-1,-1,-1
7662,113,430,32,81,204,0,-1,-1,-1
7663,113,531,11,55,150,0,-1,-1,-1
7663,111,453,17,68,162,0,-1,-1,-1
7663,114,321,22,57,142,0,-1,-1,-1
7665,111,402,18,45,143,0,-1,-1,-1
7665,113,555,7,80,201,0,-1,-1,-1
7666,111,265,42,55,156,0,-1,-1,-1
7666,114,315,26,67,145,0,-1,-1,-1
7666,113,553,9,82,206,0,-1,-1,-1
7667,114,334,3,48,155,0,-1,-1,-1
7667,113,549,21,88,187,0,-1,-1,-1
7668,113,551,38,83,170,0,-1,-1,-1
7668,114,322,23,60,137,0,-1,-1,-1
7669,113,554,2,81,207,0,-1,-1,-1
7670,113,552,6,81,203,0,-1,-1,-1
7671,113,422,56,62,156,0,-1,-1,-1
7671,115,329,38,53,157,0,-1,-1,-1
7672,115,374,7,80,196,0,-1,-1,-1
7673,116,393,0,56,131,0,-1,-1,-1
7674,115,464,14,63,161,0,-1,-1,-1
7675,117,372,169,89,81,0,-1,-1,-1
7675,116,502,27,78,209,0,-1,-1,-1
7676,118,540,80,100,210,0,-1,-1,-1
7677,118,424,51,93,201,0,-1,-1,-1
7679,118,416,70,130,181,0,-1,-1,-1
7679,119,494,146,123,138,0,-1,-1,-1
7680,119,446,33,93,224,0,-1,-1,-1
7681,119,465,65,107,206,0,-1,-1,-1
7693,120,512,108,118,168,0,-1,-1,-1
7699,121,442,144,113,119,0,-1,-1,-1
7699,122,367,99,65,139,0,-1,-1,-1
7700,122,410,106,117,151,0,-1,-1,-1
7735,123,476,75,98,183,0,-1,-1,-1
7739,124,503,0,63,147,0,-1,-1,-1
7744,125,362,2,82,207,0,-1,-1,-1
7762,126,464,13,88,246,0,-1,-1,-1
7762,127,547,31,89,245,0,-1,-1,-1
7763,126,456,13,94,246,0,-1,-1,-1
7763,127,543,38,92,236,0,-1,-1,-1
7764,127,414,104,166,172,0,-1,-1,-1
7791,128,522,31,93,242,0,-1,-1,-1
7804,129,339,149,93,93,0,-1,-1,-1
7805,130,357,167,198,96,0,-1,-1,-1
7812,131,499,0,62,129,0,-1,-1,-1
7819,132,511,0,52,101,0,-1,-1,-1
7821,132,507,8,81,220,0,-1,-1,-1
7822,133,485,0,59,86,0,-1,-1,-1
7872,134,562,5,74,279,0,-1,-1,-1
7885,135,476,16,86,244,0,-1,-1,-1
7887,135,536,11,102,241,0,-1,-1,-1
7938,136,516,0,65,112,0,-1,-1,-1
7954,137,475,92,120,183,0,-1,-1,-1
7959,138,539,4,92,251,0,-1,-1,-1
7960,138,237,91,85,125,0,-1,-1,-1
7960,139,126,65,101,131,0,-1,-1,-1
7961,139,9,93,86,73,0,-1,-1,-1
7964,140,511,0,66,111,0,-1,-1,-1
7964,141,567,3,58,116,0,-1,-1,-1
7965,142,387,64,159,199,0,-1,-1,-1
7965,140,357,31,90,191,0,-1,-1,-1
7997,143,538,0,56,87,0,-1,-1,-1
7998,144,555,2,78,190,0,-1,-1,-1
7999,144,542,0,86,191,0,-1,-1,-1
8000,144,480,0,83,239,0,-1,-1,-1
8001,144,521,7,57,145,0,-1,-1,-1
8002,144,455,55,90,206,0,-1,-1,-1
8002,145,297,30,93,196,0,-1,-1,-1
8003,144,435,81,108,166,0,-1,-1,-1
8003,145,467,80,112,173,0,-1,-1,-1
8003,146,278,63,100,148,0,-1,-1,-1
8003,147,435,16,79,101,0,-1,-1,-1
8004,147,464,74,102,178,0,-1,-1,-1
8004,148,371,43,98,180,0,-1,-1,-1
8004,145,284,54,89,157,0,-1,-1,-1
8004,144,466,39,69,101,0,-1,-1,-1
8005,148,511,76,120,184,0,-1,-1,-1
8005,145,301,94,87,118,0,-1,-1,-1
8005,147,239,54,83,137,0,-1,-1,-1
8006,147,238,51,117,147,0,-1,-1,-1
8006,148,351,109,108,121,0,-1,-1,-1
8006,149,490,70,137,190,0,-1,-1,-1
8006,150,493,26,65,137,0,-1,-1,-1
8006,151,519,32,62,111,0,-1,-1,-1
8007,147,237,54,94,142,0,-1,-1,-1
8007,151,507,69,111,191,0,-1,-1,-1
8007,148,364,52,117,169,0,-1,-1,-1
8008,151,511,72,114,190,0,-1,-1,-1
8008,147,223,61,100,134,0,-1,-1,-1
8009,151,538,23,100,235,0,-1,-1,-1
8009,147,241,48,109,157,0,-1,-1,-1
8009,148,491,21,78,230,0,-1,-1,-1
8010,151,548,24,90,238,0,-1,-1,-1
8010,147,239,55,111,143,0,-1,-1,-1
8011,151,241,50,110,155,0,-1,-1,-1
8011,147,549,22,89,241,0,-1,-1,-1
8011,148,482,20,78,225,0,-1,-1,-1
8012,147,261,63,100,132,0,-1,-1,-1
8012,151,553,26,86,240,0,-1,-1,-1
8012,148,478,19,76,228,0,-1,-1,-1
8013,151,250,54,119,158,0,-1,-1,-1
8013,147,549,22,90,241,0,-1,-1,-1
8014,148,277,58,114,156,0,-1,-1,-1
8014,151,550,30,89,234,0,-1,-1,-1
8014,147,477,22,81,218,0,-1,-1,-1
8015,151,265,53,107,141,0,-1,-1,-1
8015,148,480,20,76,216,0,-1,-1,-1
8015,147,341,126,109,94,0,-1,-1,-1
8015,152,560,32,78,235,0,-1,-1,-1
8016,152,241,53,107,144,0,-1,-1,-1
8016,151,473,23,82,204,0,-1,-1,-1
8016,148,557,51,82,211,0,-1,-1,-1
8016,147,341,113,115,109,0,-1,-1,-1
8017,152,222,53,126,150,0,-1,-1,-1
8017,153,564,52,74,218,0,-1,-1,-1
8018,153,504,22,85,207,0,-1,-1,-1
8018,152,271,53,101,138,0,-1,-1,-1
8018,147,347,116,100,104,0,-1,-1,-1
8019,147,237,54,117,150,0,-1,-1,-1
8019,153,510,26,79,203,0,-1,-1,-1
8019,152,437,90,82,141,0,-1,-1,-1
8020,147,245,64,86,131,0,-1,-1,-1
8020,152,510,30,77,200,0,-1,-1,-1
8021,147,243,60,124,147,0,-1,-1,-1
8021,152,513,22,75,206,0,-1,-1,-1
8022,147,340,98,91,123,0,-1,-1,-1
8022,152,240,58,122,147,0,-1,-1,-1
8022,154,429,86,103,150,0,-1,-1,-1
8023,154,249,53,114,151,0,-1,-1,-1
8023,147,351,108,91,113,0,-1,-1,-1
8023,155,523,24,85,219,0,-1,-1,-1
8023,156,436,88,88,147,0,-1,-1,-1
8024,156,242,55,121,151,0,-1,-1,-1
8024,155,509,28,101,214,0,-1,-1,-1
8024,147,353,109,89,111,0,-1,-1,-1
8024,154,424,81,82,138,0,-1,-1,-1
8024,157,550,39,86,225,0,-1,-1,-1
8025,154,252,53,118,153,0,-1,-1,-1
8025,156,446,89,77,149,0,-1,-1,-1
8025,147,372,107,73,116,0,-1,-1,-1
8026,156,251,55,113,147,0,-1,-1,-1
8026,154,443,89,78,151,0,-1,-1,-1
8026,147,370,106,78,117,0,-1,-1,-1
8026,157,561,46,77,220,0,-1,-1,-1
8027,157,251,51,130,157,0,-1,-1,-1
8028,157,250,54,121,153,0,-1,-1,-1
8028,156,563,42,73,223,0,-1,-1,-1
8028,147,373,110,81,109,0,-1,-1,-1
8029,156,255,55,116,159,0,-1,-1,-1
8029,147,382,113,76,106,0,-1,-1,-1
8029,154,502,22,70,205,0,-1,-1,-1
8030,156,237,51,137,158,0,-1,-1,-1
8030,154,495,18,74,207,0,-1,-1,-1
8031,154,227,58,140,148,0,-1,-1,-1
8031,147,370,112,80,110,0,-1,-1,-1
8031,156,561,56,77,209,0,-1,-1,-1
8032,156,244,57,124,149,0,-1,-1,-1
8032,154,559,42,76,224,0,-1,-1,-1
8032,147,374,117,74,101,0,-1,-1,-1
8032,158,424,119,79,108,0,-1,-1,-1
8032,159,433,93,87,137,0,-1,-1,-1
8033,159,345,105,88,116,0,-1,-1,-1
8033,154,245,58,121,139,0,-1,-1,-1
8033,156,430,88,91,153,0,-1,-1,-1
8034,154,225,53,119,149,0,-1,-1,-1
8034,159,349,98,84,119,0,-1,-1,-1
8034,156,505,17,76,208,0,-1,-1,-1
8034,160,429,96,80,133,0,-1,-1,-1
8034,161,561,45,74,222,0,-1,-1,-1
8035,154,226,58,112,138,0,-1,-1,-1
8036,160,499,18,80,211,0,-1,-1,-1
8036,154,234,57,113,149,0,-1,-1,-1
8036,161,560,50,76,216,0,-1,-1,-1
8036,156,421,64,72,145,0,-1,-1,-1
8037,154,241,53,98,143,0,-1,-1,-1
8037,161,561,60,75,203,0,-1,-1,-1
8038,162,383,64,82,111,0,-1,-1,-1
8038,160,520,22,92,230,0,-1,-1,-1
8038,154,244,52,109,149,0,-1,-1,-1
8038,161,400,104,84,123,0,-1,-1,-1
8039,162,417,51,113,184,0,-1,-1,-1
8039,163,322,29,88,188,0,-1,-1,-1
8057,164,564,0,51,58,0,-1,-1,-1
8092,165,280,7,101,193,0,-1,-1,-1
8131,166,335,34,114,186,0,-1,-1,-1
8132,166,552,0,68,87,0,-1,-1,-1
8139,167,536,0,96,146,0,-1,-1,-1
8140,167,548,5,91,256,0,-1,-1,-1
8151,168,489,66,122,193,0,-1,-1,-1
8152,168,483,67,124,189,0,-1,-1,-1
8153,168,487,67,123,189,0,-1,-1,-1
8162,169,509,11,94,221,0,-1,-1,-1
8201,170,450,150,126,102,0,-1,-1,-1
8248,171,564,0,73,246,0,-1,-1,-1
8249,171,563,0,72,240,0,-1,-1,-1
8359,172,558,0,63,119,0,-1,-1,-1
8372,173,494,127,145,144,0,-1,-1,-1
8477,174,469,67,118,190,0,-1,-1,-1
8478,174,549,12,90,247,0,-1,-1,-1
8478,175,488,44,74,210,0,-1,-1,-1
8479,175,494,46,78,205,0,-1,-1,-1
8479,174,548,12,91,250,0,-1,-1,-1
8480,174,546,14,92,244,0,-1,-1,-1
8481,174,508,25,91,227,0,-1,-1,-1
8482,174,529,46,110,212,0,-1,-1,-1
8483,174,497,1,77,228,0,-1,-1,-1
8483,176,541,56,99,215,0,-1,-1,-1
8484,174,499,5,78,227,0,-1,-1,-1
8484,176,530,54,110,214,0,-1,-1,-1
8485,174,488,3,79,232,0,-1,-1,-1
8485,176,537,56,103,213,0,-1,-1,-1
8485,177,503,18,86,229,0,-1,-1,-1
8486,177,490,1,81,234,0,-1,-1,-1
8486,176,550,43,89,222,0,-1,-1,-1
8487,178,508,1,79,225,0,-1,-1,-1
8487,177,546,27,90,232,0,-1,-1,-1
8488,178,510,0,72,232,0,-1,-1,-1
8488,177,543,45,95,218,0,-1,-1,-1
8489,177,541,54,99,210,0,-1,-1,-1
8489,178,498,4,73,228,0,-1,-1,-1
8546,179,433,12,122,225,0,-1,-1,-1
8546,180,554,56,80,209,0,-1,-1,-1
8547,179,328,83,162,150,0,-1,-1,-1
8547,180,497,135,131,126,0,-1,-1,-1
8548,179,336,75,156,163,0,-1,-1,-1
8548,180,500,139,123,116,0,-1,-1,-1
8549,179,307,105,158,126,0,-1,-1,-1
8549,180,492,140,127,118,0,-1,-1,-1
8550,179,472,175,100,75,0,-1,-1,-1
8550,180,257,112,137,97,0,-1,-1,-1
8551,179,265,100,161,118,0,-1,-1,-1
8551,181,472,180,101,68,0,-1,-1,-1
8552,181,477,176,95,73,0,-1,-1,-1
8552,182,296,107,137,113,0,-1,-1,-1
8553,183,477,179,96,71,0,-1,-1,-1
8554,183,475,176,97,73,0,-1,-1,-1
8554,182,216,115,113,79,0,-1,-1,-1
8555,183,275,77,125,139,0,-1,-1,-1
8555,184,460,130,135,134,0,-1,-1,-1
8556,184,468,138,137,128,0,-1,-1,-1
8557,185,437,9,92,230,0,-1,-1,-1
8557,183,549,68,89,195,0,-1,-1,-1
8565,186,571,14,59,228,0,-1,-1,-1
8566,187,512,47,106,210,0,-1,-1,-1
8566,188,358,122,138,106,0,-1,-1,-1
8567,187,427,43,97,189,0,-1,-1,-1
8568,187,271,115,114,89,0,-1,-1,-1
8568,189,402,54,89,164,0,-1,-1,-1
8569,189,507,76,127,184,0,-1,-1,-1
8569,190,392,39,99,187,0,-1,-1,-1
8644,191,570,0,66,97,0,-1,-1,-1
8670,192,541,3,83,116,0,-1,-1,-1
8671,193,542,0,80,149,0,-1,-1,-1
8672,193,551,0,69,117,0,-1,-1,-1
8681,194,549,0,64,90,0,-1,-1,-1
8690,195,523,25,93,219,0,-1,-1,-1
8692,195,518,22,86,227,0,-1,-1,-1
8693,195,537,22,96,237,0,-1,-1,-1
8694,195,486,18,83,209,0,-1,-1,-1
8695,195,493,12,70,223,0,-1,-1,-1
8696,196,493,12,89,227,0,-1,-1,-1
8697,196,492,12,94,218,0,-1,-1,-1
8698,196,487,14,87,216,0,-1,-1,-1
8699,196,497,11,80,231,0,-1,-1,-1
8700,196,493,17,85,219,0,-1,-1,-1
8701,196,489,20,86,215,0,-1,-1,-1
8702,196,493,16,80,221,0,-1,-1,-1
8703,196,489,16,81,218,0,-1,-1,-1
8704,196,491,14,85,219,0,-1,-1,-1
8705,196,492,13,89,219,0,-1,-1,-1
8706,196,498,18,74,222,0,-1,-1,-1
8706,197,514,18,67,162,0,-1,-1,-1
8707,196,464,22,73,215,0,-1,-1,-1
8707,197,530,2,63,136,0,-1,-1,-1
8708,197,457,18,75,211,0,-1,-1,-1
8708,196,542,20,95,239,0,-1,-1,-1
8709,197,462,6,79,225,0,-1,-1,-1
8709,196,583,19,56,223,0,-1,-1,-1
8768,198,500,0,60,100,0,-1,-1,-1
8823,199,453,1,84,154,0,-1,-1,-1
8829,200,495,4,64,141,0,-1,-1,-1
8845,201,417,27,78,207,0,-1,-1,-1
8864,202,502,0,33,73,0,-1,-1,-1
8865,203,313,17,96,189,0,-1,-1,-1
8873,204,528,4,84,132,0,-1,-1,-1
8900,205,544,0,76,92,0,-1,-1,-1
8902,206,462,32,113,213,0,-1,-1,-1
8903,206,462,34,130,213,0,-1,-1,-1
8904,206,466,36,119,212,0,-1,-1,-1
8905,207,485,39,130,208,0,-1,-1,-1
8943,208,456,124,177,142,0,-1,-1,-1
8946,208,402,108,193,149,0,-1,-1,-1
8947,208,461,88,178,174,0,-1,-1,-1
8959,209,422,115,112,122,0,-1,-1,-1
9017,210,569,0,65,103,0,-1,-1,-1
9060,211,474,34,91,216,0,-1,-1,-1
9069,212,527,0,47,60,0,-1,-1,-1
9070,213,481,0,64,114,0,-1,-1,-1
9103,214,562,0,75,237,0,-1,-1,-1
9119,215,511,13,103,239,0,-1,-1,-1
9119,216,250,60,100,137,0,-1,-1,-1
9139,217,315,19,66,171,0,-1,-1,-1
9156,218,295,2,75,199,0,-1,-1,-1
9166,219,230,38,116,166,0,-1,-1,-1
9175,220,261,2,88,197,0,-1,-1,-1
9188,221,573,0,62,91,0,-1,-1,-1
9207,222,534,0,82,111,0,-1,-1,-1
9232,223,391,13,81,221,0,-1,-1,-1
9232,224,211,63,75,122,0,-1,-1,-1
9232,225,448,16,106,225,0,-1,-1,-1
9244,226,516,0,60,87,0,-1,-1,-1
9250,227,526,0,72,167,0,-1,-1,-1
9251,227,515,60,104,192,0,-1,-1,-1
9252,227,530,75,110,179,0,-1,-1,-1
9253,227,532,75,108,178,0,-1,-1,-1
9254,227,530,74,110,178,0,-1,-1,-1
9255,227,451,77,115,168,0,-1,-1,-1
9257,228,502,32,97,222,0,-1,-1,-1
9258,228,569,16,69,235,0,-1,-1,-1
9264,229,462,3,84,218,0,-1,-1,-1
9265,229,570,4,68,223,0,-1,-1,-1
9268,230,490,3,79,198,0,-1,-1,-1
9269,230,505,1,57,126,0,-1,-1,-1
9271,231,457,15,95,222,0,-1,-1,-1
9272,231,459,14,95,222,0,-1,-1,-1
9273,231,469,13,76,224,0,-1,-1,-1
9274,231,492,14,89,239,0,-1,-1,-1
9276,232,548,20,85,250,0,-1,-1,-1
9284,233,548,2,89,221,0,-1,-1,-1
9287,233,484,13,94,231,0,-1,-1,-1
9289,233,358,9,74,206,0,-1,-1,-1
9290,233,357,23,88,193,0,-1,-1,-1
9290,234,455,4,69,214,0,-1,-1,-1
9291,233,255,10,79,189,0,-1,-1,-1
9294,235,449,0,89,222,0,-1,-1,-1
9305,236,405,69,105,162,0,-1,-1,-1
9305,237,312,62,91,152,0,-1,-1,-1
9306,236,369,73,112,160,0,-1,-1,-1
9308,236,524,47,116,215,0,-1,-1,-1
9308,238,314,0,73,206,0,-1,-1,-1
9309,236,519,52,121,208,0,-1,-1,-1
9320,239,555,41,85,226,0,-1,-1,-1
9331,240,463,64,118,183,0,-1,-1,-1
9333,240,470,111,143,149,0,-1,-1,-1
9334,240,450,120,143,145,0,-1,-1,-1
9340,241,464,1,51,87,0,-1,-1,-1
9345,242,434,102,145,144,0,-1,-1,-1
9346,243,391,59,118,173,0,-1,-1,-1
9347,244,304,27,92,184,0,-1,-1,-1
9348,244,489,1,75,154,0,-1,-1,-1
9348,245,425,0,72,158,0,-1,-1,-1
9349,244,494,0,61,88,0,-1,-1,-1
9351,244,543,72,96,195,0,-1,-1,-1
9352,246,499,3,81,190,0,-1,-1,-1
9365,247,470,32,113,209,0,-1,-1,-1
9366,248,548,6,87,191,0,-1,-1,-1
9367,248,545,0,80,147,0,-1,-1,-1
9367,249,469,108,93,133,0,-1,-1,-1
9418,250,568,0,60,97,0,-1,-1,-1
9421,251,445,0,91,228,0,-1,-1,-1
9421,252,580,13,60,226,0,-1,-1,-1
9422,253,488,34,110,218,0,-1,-1,-1
9423,253,514,45,108,207,0,-1,-1,-1
9424,253,518,38,87,212,0,-1,-1,-1
9425,253,414,28,105,209,0,-1,-1,-1
9425,254,558,31,80,242,0,-1,-1,-1
9436,255,504,73,108,181,0,-1,-1,-1
9437,255,497,134,140,128,0,-1,-1,-1
9453,256,406,116,93,115,0,-1,-1,-1
9453,257,445,143,111,101,0,-1,-1,-1
9454,257,462,149,98,97,0,-1,-1,-1
9455,258,381,73,100,154,0,-1,-1,-1
9455,257,471,82,102,170,0,-1,-1,-1
9456,258,455,3,66,155,0,-1,-1,-1
9457,259,517,2,63,118,0,-1,-1,-1
9457,258,581,0,58,139,0,-1,-1,-1
9457,260,241,37,107,161,0,-1,-1,-1
9482,261,379,0,79,169,0,-1,-1,-1
9492,262,572,3,34,59,0,-1,-1,-1
9519,263,548,1,81,124,0,-1,-1,-1
9519,264,457,0,79,160,0,-1,-1,-1
9520,263,301,34,143,185,0,-1,-1,-1
9524,265,454,81,88,159,0,-1,-1,-1
9536,266,512,0,102,133,0,-1,-1,-1
9542,267,564,0,65,88,0,-1,-1,-1
9549,268,485,0,61,116,0,-1,-1,-1
9549,269,456,0,81,115,0,-1,-1,-1
9550,268,354,30,106,195,0,-1,-1,-1
9550,269,483,30,111,219,0,-1,-1,-1
9551,268,355,1,90,208,0,-1,-1,-1
9552,268,314,33,99,186,0,-1,-1,-1
9554,268,509,0,52,85,0,-1,-1,-1
9567,270,542,0,83,135,0,-1,-1,-1
9571,271,538,0,62,88,0,-1,-1,-1
9576,272,486,0,66,99,0,-1,-1,-1
9579,273,212,46,118,153,0,-1,-1,-1
9580,274,387,0,81,140,0,-1,-1,-1
9580,275,542,0,39,62,0,-1,-1,-1
9583,275,375,0,92,187,0,-1,-1,-1
9585,275,505,11,110,234,0,-1,-1,-1
9586,276,543,12,80,201,0,-1,-1,-1
9587,276,541,9,82,206,0,-1,-1,-1
9587,277,382,0,91,182,0,-1,-1,-1
9587,275,489,7,87,206,0,-1,-1,-1
9589,277,492,10,78,231,0,-1,-1,-1
9590,277,486,11,81,222,0,-1,-1,-1
9590,278,453,4,79,219,0,-1,-1,-1
9591,278,441,9,75,211,0,-1,-1,-1
9591,279,567,5,69,245,0,-1,-1,-1
9591,277,493,18,75,219,0,-1,-1,-1
9592,278,442,3,76,224,0,-1,-1,-1
9592,279,557,1,81,257,0,-1,-1,-1
9593,279,561,4,78,253,0,-1,-1,-1
9593,278,443,3,73,225,0,-1,-1,-1
9593,277,493,4,77,240,0,-1,-1,-1
9594,279,567,5,72,249,0,-1,-1,-1
9594,278,447,4,72,225,0,-1,-1,-1
9594,277,495,6,74,237,0,-1,-1,-1
9595,279,566,6,73,251,0,-1,-1,-1
9595,278,444,8,72,220,0,-1,-1,-1
9596,279,560,3,80,250,0,-1,-1,-1
9596,277,495,3,80,239,0,-1,-1,-1
9597,279,563,3,75,249,0,-1,-1,-1
9597,277,499,6,76,237,0,-1,-1,-1
9598,277,573,4,67,250,0,-1,-1,-1
9598,280,496,10,74,233,0,-1,-1,-1
9599,277,565,1,74,253,0,-1,-1,-1
9599,280,497,1,86,245,0,-1,-1,-1
9599,281,435,3,75,224,0,-1,-1,-1
9600,277,574,4,64,252,0,-1,-1,-1
9600,281,444,7,70,220,0,-1,-1,-1
9601,277,571,6,67,250,0,-1,-1,-1
9601,280,499,8,75,237,0,-1,-1,-1
9602,277,567,4,71,253,0,-1,-1,-1
9602,280,447,6,71,224,0,-1,-1,-1
9603,280,449,4,71,227,0,-1,-1,-1
9603,277,566,3,72,252,0,-1,-1,-1
9603,282,494,6,75,239,0,-1,-1,-1
9604,280,446,10,73,217,0,-1,-1,-1
9604,277,575,8,63,247,0,-1,-1,-1
9605,277,574,4,64,251,0,-1,-1,-1
9605,282,500,9,71,236,0,-1,-1,-1
9606,277,573,5,67,251,0,-1,-1,-1
9606,280,446,4,75,224,0,-1,-1,-1
9606,282,494,6,73,239,0,-1,-1,-1
9607,277,569,6,69,248,0,-1,-1,-1
9607,280,443,0,83,227,0,-1,-1,-1
9607,282,492,4,78,240,0,-1,-1,-1
9608,277,447,2,73,228,0,-1,-1,-1
9608,283,570,2,69,258,0,-1,-1,-1
9609,283,567,3,72,255,0,-1,-1,-1
9609,277,445,5,71,229,0,-1,-1,-1
9610,283,567,3,73,256,0,-1,-1,-1
9610,277,446,7,70,225,0,-1,-1,-1
9611,277,443,7,71,227,0,-1,-1,-1
9611,283,570,3,69,257,0,-1,-1,-1
9612,283,571,7,68,253,0,-1,-1,-1
9612,277,450,9,68,221,0,-1,-1,-1
9613,277,450,2,71,232,0,-1,-1,-1
9613,283,568,8,70,246,0,-1,-1,-1
9614,283,565,6,74,247,0,-1,-1,-1
9614,277,444,11,71,223,0,-1,-1,-1
9614,284,494,12,72,231,0,-1,-1,-1
9615,283,566,0,68,258,0,-1,-1,-1
9615,284,501,15,80,235,0,-1,-1,-1
9615,277,431,15,79,218,0,-1,-1,-1
9616,283,566,5,73,250,0,-1,-1,-1
9616,277,438,11,75,219,0,-1,-1,-1
9616,284,490,12,74,231,0,-1,-1,-1
9617,283,563,6,75,248,0,-1,-1,-1
9617,284,488,9,74,235,0,-1,-1,-1
9617,277,445,2,73,231,0,-1,-1,-1
9618,277,440,3,75,230,0,-1,-1,-1
9618,283,564,6,75,248,0,-1,-1,-1
9618,284,489,11,76,233,0,-1,-1,-1
9619,283,569,2,69,257,0,-1,-1,-1
9619,284,489,7,73,239,0,-1,-1,-1
9619,277,445,6,73,227,0,-1,-1,-1
9620,284,484,3,76,241,0,-1,-1,-1
9620,283,571,4,67,254,0,-1,-1,-1
9621,283,440,2,76,228,0,-1,-1,-1
9621,285,568,8,70,249,0,-1,-1,-1
9621,284,493,11,75,231,0,-1,-1,-1
9622,284,484,7,78,237,0,-1,-1,-1
9622,285,569,6,69,252,0,-1,-1,-1
9622,283,444,2,77,229,0,-1,-1,-1
9623,284,491,3,77,241,0,-1,-1,-1
9623,285,566,6,72,252,0,-1,-1,-1
9623,283,442,4,78,227,0,-1,-1,-1
9624,285,566,6,73,249,0,-1,-1,-1
9624,284,486,6,79,238,0,-1,-1,-1
9624,283,445,8,75,224,0,-1,-1,-1
9625,284,492,12,79,230,0,-1,-1,-1
9625,285,565,5,73,250,0,-1,-1,-1
9625,283,444,8,73,224,0,-1,-1,-1
9626,283,440,8,74,222,0,-1,-1,-1
9626,285,557,0,81,255,0,-1,-1,-1
9626,284,496,9,77,235,0,-1,-1,-1
9627,285,567,4,72,252,0,-1,-1,-1
9627,283,442,5,76,223,0,-1,-1,-1
9628,283,441,5,75,225,0,-1,-1,-1
9628,285,559,0,81,256,0,-1,-1,-1
9628,284,493,8,77,235,0,-1,-1,-1
9629,285,560,2,79,254,0,-1,-1,-1
9629,283,441,9,76,220,0,-1,-1,-1
9629,284,492,11,76,233,0,-1,-1,-1
9630,283,440,5,78,225,0,-1,-1,-1
9630,286,565,4,74,250,0,-1,-1,-1
9630,284,494,10,74,232,0,-1,-1,-1
9631,286,567,5,72,250,0,-1,-1,-1
9631,284,491,9,76,235,0,-1,-1,-1
9631,283,444,7,74,224,0,-1,-1,-1
9632,283,440,10,75,219,0,-1,-1,-1
9632,286,563,4,76,254,0,-1,-1,-1
9632,284,498,9,76,237,0,-1,-1,-1
9633,284,492,7,79,238,0,-1,-1,-1
9633,286,561,3,78,253,0,-1,-1,-1
9633,283,440,7,79,221,0,-1,-1,-1
9634,283,442,5,77,226,0,-1,-1,-1
9634,286,564,7,74,247,0,-1,-1,-1
9634,284,496,12,77,234,0,-1,-1,-1
9635,283,443,9,74,221,0,-1,-1,-1
9635,286,562,8,75,249,0,-1,-1,-1
9635,284,498,14,73,231,0,-1,-1,-1
9636,286,563,9,75,247,0,-1,-1,-1
9636,284,490,15,76,228,0,-1,-1,-1
9636,283,438,8,76,223,0,-1,-1,-1
9637,283,437,6,80,223,0,-1,-1,-1
9637,286,566,8,73,249,0,-1,-1,-1
9637,284,489,16,76,228,0,-1,-1,-1
9638,286,437,1,85,228,0,-1,-1,-1
9638,287,570,7,69,250,0,-1,-1,-1
9638,284,493,10,75,233,0,-1,-1,-1
9639,287,564,2,74,254,0,-1,-1,-1
9639,286,434,3,83,229,0,-1,-1,-1
9639,284,500,5,81,236,0,-1,-1,-1
9640,287,557,5,79,247,0,-1,-1,-1
9640,284,495,5,92,237,0,-1,-1,-1
9641,288,573,11,67,250,0,-1,-1,-1
9641,284,442,8,84,219,0,-1,-1,-1
9642,288,571,9,67,252,0,-1,-1,-1
9642,289,488,11,74,235,0,-1,-1,-1
9642,284,446,5,77,225,0,-1,-1,-1
9643,288,457,9,70,222,0,-1,-1,-1
9643,289,486,13,80,228,0,-1,-1,-1
9644,288,454,7,73,226,0,-1,-1,-1
9644,289,478,5,84,236,0,-1,-1,-1
9645,288,454,4,80,230,0,-1,-1,-1
9645,289,472,3,90,239,0,-1,-1,-1
9646,288,447,12,86,219,0,-1,-1,-1
9646,290,558,6,79,246,0,-1,-1,-1
9647,288,440,2,79,229,0,-1,-1,-1
9647,289,490,4,81,241,0,-1,-1,-1
9648,288,432,3,85,228,0,-1,-1,-1
9649,288,441,3,83,228,0,-1,-1,-1
9650,288,439,1,80,227,0,-1,-1,-1
9651,288,444,10,74,222,0,-1,-1,-1
9652,288,440,8,77,224,0,-1,-1,-1
9653,291,448,15,79,221,0,-1,-1,-1
9654,291,448,14,77,223,0,-1,-1,-1
9655,291,451,13,79,224,0,-1,-1,-1
9656,291,452,19,82,216,0,-1,-1,-1
9657,291,454,17,77,216,0,-1,-1,-1
9658,291,451,17,83,222,0,-1,-1,-1
9659,291,454,13,77,223,0,-1,-1,-1
9660,291,460,18,75,217,0,-1,-1,-1
9661,291,455,17,81,218,0,-1,-1,-1
9662,291,456,17,78,217,0,-1,-1,-1
9663,291,455,20,80,214,0,-1,-1,-1
9664,291,456,17,75,216,0,-1,-1,-1
9665,291,454,20,77,214,0,-1,-1,-1
9666,291,456,22,79,213,0,-1,-1,-1
9667,291,459,21,76,213,0,-1,-1,-1
9668,291,458,17,77,218,0,-1,-1,-1
9669,291,454,14,77,222,0,-1,-1,-1
9670,291,453,18,76,217,0,-1,-1,-1
9671,291,451,14,87,224,0,-1,-1,-1
9672,291,454,8,78,229,0,-1,-1,-1
9673,291,453,10,75,227,0,-1,-1,-1
9674,291,450,16,79,216,0,-1,-1,-1
9675,291,458,18,77,221,0,-1,-1,-1
9675,292,474,17,88,230,0,-1,-1,-1
9676,291,456,18,80,220,0,-1,-1,-1
9677,291,448,8,82,230,0,-1,-1,-1
9677,292,473,9,88,236,0,-1,-1,-1
9678,291,451,11,77,229,0,-1,-1,-1
9678,292,477,7,82,240,0,-1,-1,-1
9679,292,457,18,75,220,0,-1,-1,-1
9679,291,475,19,81,226,0,-1,-1,-1
9680,292,455,20,78,219,0,-1,-1,-1
9681,292,455,15,75,224,0,-1,-1,-1
9682,292,458,14,80,226,0,-1,-1,-1
9683,292,453,14,79,225,0,-1,-1,-1
9684,292,453,19,84,218,0,-1,-1,-1
9685,292,456,17,81,221,0,-1,-1,-1
9686,292,447,12,73,224,0,-1,-1,-1
9686,293,476,5,103,240,0,-1,-1,-1
9687,292,448,9,75,226,0,-1,-1,-1
9687,293,480,5,87,237,0,-1,-1,-1
9688,293,458,17,83,222,0,-1,-1,-1
9688,292,557,0,79,252,0,-1,-1,-1
9689,293,456,14,77,226,0,-1,-1,-1
9689,294,474,8,85,236,0,-1,-1,-1
9690,293,455,13,78,223,0,-1,-1,-1
9691,293,458,18,83,217,0,-1,-1,-1
9692,293,455,16,79,222,0,-1,-1,-1
9693,293,456,14,79,226,0,-1,-1,-1
9694,293,457,16,78,224,0,-1,-1,-1
9695,293,457,20,79,218,0,-1,-1,-1
9696,293,479,21,86,224,0,-1,-1,-1
9696,295,442,13,74,219,0,-1,-1,-1
9697,293,485,20,77,222,0,-1,-1,-1
9698,293,490,14,75,229,0,-1,-1,-1
9699,293,498,0,61,114,0,-1,-1,-1
9728,296,463,0,56,104,0,-1,-1,-1
9729,297,391,0,67,136,0,-1,-1,-1
9739,298,546,8,89,251,0,-1,-1,-1
9741,299,544,0,84,147,0,-1,-1,-1
9765,300,587,0,50,96,0,-1,-1,-1
9766,300,545,8,92,185,0,-1,-1,-1
9774,301,246,77,107,129,0,-1,-1,-1
9775,302,510,0,55,96,0,-1,-1,-1
9778,303,551,75,87,196,0,-1,-1,-1
9779,304,447,0,68,123,0,-1,-1,-1
9779,305,539,1,57,96,0,-1,-1,-1
9779,306,599,0,41,97,0,-1,-1,-1
9794,307,449,19,100,212,0,-1,-1,-1
9822,308,568,0,37,58,0,-1,-1,-1
9829,309,518,58,105,197,0,-1,-1,-1
9829,310,367,80,93,140,0,-1,-1,-1
9831,310,504,172,92,81,0,-1,-1,-1
9835,311,205,81,81,103,0,-1,-1,-1
9835,312,281,93,101,114,0,-1,-1,-1
9835,313,517,0,70,146,0,-1,-1,-1
9836,312,555,5,77,234,0,-1,-1,-1
9836,313,509,0,51,123,0,-1,-1,-1
9852,314,516,0,101,182,0,-1,-1,-1
9854,315,507,1,95,183,0,-1,-1,-1
9858,316,482,40,146,213,0,-1,-1,-1
9862,317,408,139,98,88,0,-1,-1,-1
9863,317,537,0,60,98,0,-1,-1,-1
9874,318,568,1,70,108,0,-1,-1,-1
9950,319,346,139,116,86,0,-1,-1,-1
9952,319,554,1,79,77,0,-1,-1,-1
9956,320,541,160,97,100,0,-1,-1,-1
9957,320,545,122,95,142,0,-1,-1,-1
9958,320,515,118,125,145,0,-1,-1,-1
9959,320,515,121,125,143,0,-1,-1,-1
9960,320,493,115,133,144,0,-1,-1,-1
9982,321,562,0,61,104,0,-1,-1,-1
9984,321,471,0,53,132,0,-1,-1,-1
9984,322,538,1,62,110,0,-1,-1,-1
9989,323,362,39,150,193,0,-1,-1,-1
9990,323,529,0,53,95,0,-1,-1,-1
9990,324,483,0,72,94,0,-1,-1,-1
9990,325,472,0,61,91,0,-1,-1,-1
9997,326,522,1,74,104,0,-1,-1,-1
10009,327,184,40,144,158,0,-1,-1,-1
10014,328,559,0,66,97,0,-1,-1,-1
10035,329,310,3,91,206,0,-1,-1,-1
10083,330,502,83,136,182,0,-1,-1,-1
10095,331,533,40,103,213,0,-1,-1,-1
10106,332,487,0,59,103,0,-1,-1,-1
10119,333,509,0,82,205,0,-1,-1,-1
10122,333,452,1,62,111,0,-1,-1,-1
10126,334,533,1,92,223,0,-1,-1,-1
10128,335,527,0,66,157,0,-1,-1,-1
10129,335,353,0,80,193,0,-1,-1,-1
10133,336,380,0,69,158,0,-1,-1,-1
10134,336,383,0,72,141,0,-1,-1,-1
10135,336,383,0,73,140,0,-1,-1,-1
10139,337,348,7,70,164,0,-1,-1,-1
10140,337,304,0,77,203,0,-1,-1,-1
10141,337,318,0,75,205,0,-1,-1,-1
10142,337,314,0,79,206,0,-1,-1,-1
10144,337,317,0,76,206,0,-1,-1,-1
10147,337,299,0,90,199,0,-1,-1,-1
10148,338,251,4,89,196,0,-1,-1,-1
10149,338,189,30,65,150,0,-1,-1,-1
10150,337,356,5,86,196,0,-1,-1,-1
10153,339,510,5,130,244,0,-1,-1,-1
10153,337,386,0,78,171,0,-1,-1,-1
10157,340,414,0,75,183,0,-1,-1,-1
10160,340,418,0,72,179,0,-1,-1,-1
10161,341,440,44,119,199,0,-1,-1,-1
10162,341,494,0,54,98,0,-1,-1,-1
10167,342,388,0,72,163,0,-1,-1,-1
10168,342,388,0,72,162,0,-1,-1,-1
10171,342,466,0,55,91,0,-1,-1,-1
10177,343,256,2,77,190,0,-1,-1,-1
10180,344,203,31,94,159,0,-1,-1,-1
10181,345,455,55,124,194,0,-1,-1,-1
10182,345,461,24,101,221,0,-1,-1,-1
10183,345,520,1,65,97,0,-1,-1,-1
10219,346,447,0,112,239,0,-1,-1,-1
10220,346,451,0,67,141,0,-1,-1,-1
10220,347,559,0,68,140,0,-1,-1,-1
10221,346,466,9,82,234,0,-1,-1,-1
10221,348,369,31,80,193,0,-1,-1,-1
10222,348,380,100,139,150,0,-1,-1,-1
10222,346,484,90,86,144,0,-1,-1,-1
10222,347,577,0,62,271,0,-1,-1,-1
10223,347,259,51,144,164,0,-1,-1,-1
10223,348,374,103,138,138,0,-1,-1,-1
10223,346,501,116,111,140,0,-1,-1,-1
10225,348,371,110,135,121,0,-1,-1,-1
10225,346,503,115,124,145,0,-1,-1,-1
10226,346,501,116,126,142,0,-1,-1,-1
10226,348,371,103,127,129,0,-1,-1,-1
10227,346,497,120,136,145,0,-1,-1,-1
10227,348,370,104,131,130,0,-1,-1,-1
10228,346,503,128,131,131,0,-1,-1,-1
10228,348,378,103,131,132,0,-1,-1,-1
10229,346,500,128,127,132,0,-1,-1,-1
10229,348,373,102,128,129,0,-1,-1,-1
10231,348,396,116,138,128,0,-1,-1,-1
10232,348,399,115,137,134,0,-1,-1,-1
10233,348,398,117,161,130,0,-1,-1,-1
10234,348,393,107,135,134,0,-1,-1,-1
10234,349,517,135,106,120,0,-1,-1,-1
10235,348,392,100,127,136,0,-1,-1,-1
10237,348,385,104,131,131,0,-1,-1,-1
10237,349,506,134,134,129,0,-1,-1,-1
10238,348,388,102,129,131,0,-1,-1,-1
10238,349,506,134,134,126,0,-1,-1,-1
10239,348,375,96,130,137,0,-1,-1,-1
10239,349,506,133,132,127,0,-1,-1,-1
10240,348,373,94,126,142,0,-1,-1,-1
10240,349,502,133,136,128,0,-1,-1,-1
10241,348,365,103,132,129,0,-1,-1,-1
10242,348,368,101,131,133,0,-1,-1,-1
10243,348,370,103,129,133,0,-1,-1,-1
10243,349,496,121,114,135,0,-1,-1,-1
10244,349,493,122,116,138,0,-1,-1,-1
10244,348,373,100,123,131,0,-1,-1,-1
10245,348,369,98,125,133,0,-1,-1,-1
10245,349,492,119,118,137,0,-1,-1,-1
10246,348,369,97,125,133,0,-1,-1,-1
10246,349,492,121,126,135,0,-1,-1,-1
10247,348,371,91,123,141,0,-1,-1,-1
10247,349,493,122,122,134,0,-1,-1,-1
10248,349,492,118,117,136,0,-1,-1,-1
10248,348,366,100,127,128,0,-1,-1,-1
10249,349,490,121,125,135,0,-1,-1,-1
10249,348,367,100,124,130,0,-1,-1,-1
10250,349,491,123,130,140,0,-1,-1,-1
10250,348,369,99,124,132,0,-1,-1,-1
10251,348,488,119,129,141,0,-1,-1,-1
10251,350,366,102,120,128,0,-1,-1,-1
10252,348,493,120,127,140,0,-1,-1,-1
10252,350,369,97,126,136,0,-1,-1,-1
10253,348,496,121,125,139,0,-1,-1,-1
10253,350,370,96,124,137,0,-1,-1,-1
10254,348,492,121,128,140,0,-1,-1,-1
10254,350,369,99,118,129,0,-1,-1,-1
10255,348,494,121,127,141,0,-1,-1,-1
10255,350,369,100,127,131,0,-1,-1,-1
10256,350,370,99,125,132,0,-1,-1,-1
10256,348,493,121,127,141,0,-1,-1,-1
10257,348,491,121,128,141,0,-1,-1,-1
10257,350,367,99,126,132,0,-1,-1,-1
10258,350,359,92,121,140,0,-1,-1,-1
10258,348,489,124,127,138,0,-1,-1,-1
10258,351,526,0,72,79,0,-1,-1,-1
10259,348,492,121,127,143,0,-1,-1,-1
10259,350,367,100,122,132,0,-1,-1,-1
10260,350,365,103,129,133,0,-1,-1,-1
10260,348,496,119,127,142,0,-1,-1,-1
10261,350,492,121,127,142,0,-1,-1,-1
10261,348,366,104,116,127,0,-1,-1,-1
10262,350,490,120,129,142,0,-1,-1,-1
10262,348,370,108,110,122,0,-1,-1,-1
10263,350,489,121,128,139,0,-1,-1,-1
10263,348,365,112,113,117,0,-1,-1,-1
10264,348,492,120,125,140,0,-1,-1,-1
10264,350,372,113,107,119,0,-1,-1,-1
10265,348,492,122,128,141,0,-1,-1,-1
10265,350,372,114,106,118,0,-1,-1,-1
10266,350,372,105,118,127,0,-1,-1,-1
10266,348,482,130,126,131,0,-1,-1,-1
10267,350,373,111,107,121,0,-1,-1,-1
10267,348,482,130,130,133,0,-1,-1,-1
10268,350,374,113,119,118,0,-1,-1,-1
10269,350,364,113,112,118,0,-1,-1,-1
10269,348,480,130,125,132,0,-1,-1,-1
10270,350,487,114,122,148,0,-1,-1,-1
10270,348,269,99,171,130,0,-1,-1,-1
10276,352,543,3,84,163,0,-1,-1,-1
10278,353,458,68,117,180,0,-1,-1,-1
10281,353,443,36,147,218,0,-1,-1,-1
10283,354,387,0,93,220,0,-1,-1,-1
10300,355,207,34,95,157,0,-1,-1,-1
10322,356,550,0,73,94,0,-1,-1,-1
10323,356,486,0,64,128,0,-1,-1,-1
10327,357,572,0,54,89,0,-1,-1,-1
10328,357,539,2,47,119,0,-1,-1,-1
10329,357,537,2,50,118,0,-1,-1,-1
10330,357,493,0,57,124,0,-1,-1,-1
10335,358,496,0,73,156,0,-1,-1,-1
10336,358,514,6,68,140,0,-1,-1,-1
10337,358,538,0,83,124,0,-1,-1,-1
10338,358,538,1,61,121,0,-1,-1,-1
10339,358,536,0,60,124,0,-1,-1,-1
10340,358,538,0,59,122,0,-1,-1,-1
10341,358,550,0,70,136,0,-1,-1,-1
10343,359,545,2,51,131,0,-1,-1,-1
10381,360,454,2,93,98,0,-1,-1,-1
10390,361,508,0,80,82,0,-1,-1,-1
10404,362,439,11,122,235,0,-1,-1,-1
10413,363,483,0,92,132,0,-1,-1,-1
10419,364,554,1,80,160,0,-1,-1,-1
10420,364,511,1,73,99,0,-1,-1,-1
10464,365,349,89,127,134,0,-1,-1,-1
10489,366,556,32,82,235,0,-1,-1,-1
10500,367,477,120,141,135,0,-1,-1,-1
10501,367,429,144,108,101,0,-1,-1,-1
10503,368,515,0,81,138,0,-1,-1,-1
10511,369,522,12,90,213,0,-1,-1,-1
10545,370,533,0,57,101,0,-1,-1,-1
10589,371,466,5,99,237,0,-1,-1,-1
10619,372,153,66,90,112,0,-1,-1,-1
10647,373,520,31,98,224,0,-1,-1,-1
10648,373,381,63,101,172,0,-1,-1,-1
10648,374,274,54,96,148,0,-1,-1,-1
10648,375,556,113,82,151,0,-1,-1,-1
10649,373,409,89,124,151,0,-1,-1,-1
10649,374,303,52,85,162,0,-1,-1,-1
10649,375,195,46,107,155,0,-1,-1,-1
10668,376,375,145,89,79,0,-1,-1,-1
10669,377,326,94,122,126,0,-1,-1,-1
10674,378,369,74,107,159,0,-1,-1,-1
10677,379,520,74,105,185,0,-1,-1,-1
10693,380,415,82,163,174,0,-1,-1,-1
10703,381,481,47,123,211,0,-1,-1,-1
10704,381,467,15,80,227,0,-1,-1,-1
10705,381,393,81,148,159,0,-1,-1,-1
10716,382,543,0,91,79,0,-1,-1,-1
10732,383,494,0,75,108,0,-1,-1,-1
10732,384,431,0,51,94,0,-1,-1,-1
10736,385,563,0,65,149,0,-1,-1,-1
10740,386,499,0,63,96,0,-1,-1,-1
10793,387,515,48,110,205,0,-1,-1,-1
10812,388,425,30,91,206,0,-1,-1,-1
10814,388,480,64,98,187,0,-1,-1,-1
10815,388,545,8,76,161,0,-1,-1,-1
10815,389,447,0,60,155,0,-1,-1,-1
10816,388,510,1,75,87,0,-1,-1,-1
10817,388,528,0,56,55,0,-1,-1,-1
10832,390,542,46,97,228,0,-1,-1,-1
10833,390,552,43,86,232,0,-1,-1,-1
10848,391,436,0,55,112,0,-1,-1,-1
10849,391,434,0,59,113,0,-1,-1,-1
10850,391,434,0,59,114,0,-1,-1,-1
10874,392,542,13,97,249,0,-1,-1,-1
10897,393,373,111,137,128,0,-1,-1,-1
10904,394,378,1,77,202,0,-1,-1,-1
10927,395,351,34,91,184,0,-1,-1,-1
10951,396,516,0,63,103,0,-1,-1,-1
10952,396,504,0,51,102,0,-1,-1,-1
10953,396,534,0,60,133,0,-1,-1,-1
10983,397,595,0,41,92,0,-1,-1,-1
11051,398,557,1,70,87,0,-1,-1,-1
11058,399,546,90,93,183,0,-1,-1,-1
11069,400,549,8,40,105,0,-1,-1,-1
11083,401,496,0,60,97,0,-1,-1,-1
11084,401,495,0,62,96,0,-1,-1,-1
11085,401,513,0,76,101,0,-1,-1,-1
11091,402,345,27,92,192,0,-1,-1,-1
11091,403,471,0,58,112,0,-1,-1,-1
11092,402,189,40,84,139,0,-1,-1,-1
11092,403,461,2,93,234,0,-1,-1,-1
11093,403,344,32,81,161,0,-1,-1,-1
11093,402,181,35,70,139,0,-1,-1,-1
11093,404,248,22,79,169,0,-1,-1,-1
11094,403,305,37,97,170,0,-1,-1,-1
11095,403,303,38,97,170,0,-1,-1,-1
11095,404,249,22,78,169,0,-1,-1,-1
11095,402,197,39,64,142,0,-1,-1,-1
11096,403,336,40,89,157,0,-1,-1,-1
11096,404,247,13,78,174,0,-1,-1,-1
11096,402,195,43,71,138,0,-1,-1,-1
11097,402,246,13,81,183,0,-1,-1,-1
11097,403,190,38,68,139,0,-1,-1,-1
11097,405,322,35,86,166,0,-1,-1,-1
11098,405,194,9,136,183,0,-1,-1,-1
11098,406,307,29,107,176,0,-1,-1,-1
11099,406,233,5,108,196,0,-1,-1,-1
11101,407,357,38,88,185,0,-1,-1,-1
11102,407,380,44,100,183,0,-1,-1,-1
11102,406,208,23,80,162,0,-1,-1,-1
11103,406,198,31,83,148,0,-1,-1,-1
11103,407,351,35,86,168,0,-1,-1,-1
11104,406,116,83,105,89,0,-1,-1,-1
11104,407,210,30,67,150,0,-1,-1,-1
11105,408,344,40,109,180,0,-1,-1,-1
11105,407,195,59,63,120,0,-1,-1,-1
11105,406,141,89,79,83,0,-1,-1,-1
11106,408,284,37,123,170,0,-1,-1,-1
11106,407,142,42,126,143,0,-1,-1,-1
11107,408,276,36,109,171,0,-1,-1,-1
11108,408,130,41,106,134,0,-1,-1,-1
11108,407,176,37,77,133,0,-1,-1,-1
11109,408,117,43,76,125,0,-1,-1,-1
11109,407,179,38,65,138,0,-1,-1,-1
11109,409,274,42,84,151,0,-1,-1,-1
11110,408,135,33,89,139,0,-1,-1,-1
11110,409,282,35,87,156,0,-1,-1,-1
11110,410,577,0,63,100,0,-1,-1,-1
11111,408,152,35,118,150,0,-1,-1,-1
11111,409,263,30,100,169,0,-1,-1,-1
11112,408,146,37,151,154,0,-1,-1,-1
11112,409,251,40,86,154,0,-1,-1,-1
11113,408,148,38,81,136,0,-1,-1,-1
11113,409,209,32,69,130,0,-1,-1,-1
11114,408,179,35,93,146,0,-1,-1,-1
11114,409,254,38,85,146,0,-1,-1,-1
11115,408,197,33,163,171,0,-1,-1,-1
11115,409,154,26,153,166,0,-1,-1,-1
11116,408,177,38,85,141,0,-1,-1,-1
11116,409,259,38,80,152,0,-1,-1,-1
11116,411,142,49,94,128,0,-1,-1,-1
11117,408,172,38,85,140,0,-1,-1,-1
11117,411,140,50,107,126,0,-1,-1,-1
11118,408,250,76,84,121,0,-1,-1,-1
11118,411,177,37,85,135,0,-1,-1,-1
11119,411,176,37,83,135,0,-1,-1,-1
11119,408,143,41,86,134,0,-1,-1,-1
11119,409,260,86,66,109,0,-1,-1,-1
11120,411,258,83,73,114,0,-1,-1,-1
11120,408,185,44,80,132,0,-1,-1,-1
11120,409,138,50,85,124,0,-1,-1,-1
11121,409,250,86,78,108,0,-1,-1,-1
11121,408,181,39,83,135,0,-1,-1,-1
11121,411,138,47,86,123,0,-1,-1,-1
11122,411,252,85,74,109,0,-1,-1,-1
11122,408,140,46,85,126,0,-1,-1,-1
11122,409,181,37,82,139,0,-1,-1,-1
11123,408,140,48,89,123,0,-1,-1,-1
11124,408,248,85,82,110,0,-1,-1,-1
11125,408,139,45,92,129,0,-1,-1,-1
11125,409,177,38,84,136,0,-1,-1,-1
11125,411,249,82,81,115,0,-1,-1,-1
11126,408,252,81,78,116,0,-1,-1,-1
11126,409,142,48,101,125,0,-1,-1,-1
11127,409,178,41,82,133,0,-1,-1,-1
11127,408,245,86,86,109,0,-1,-1,-1
11127,411,140,46,94,126,0,-1,-1,-1
11128,411,248,85,82,112,0,-1,-1,-1
11128,409,179,41,81,130,0,-1,-1,-1
11128,408,141,47,91,125,0,-1,-1,-1
11129,408,250,81,79,115,0,-1,-1,-1
11129,409,177,43,84,134,0,-1,-1,-1
11129,411,138,48,95,125,0,-1,-1,-1
11130,411,252,81,78,115,0,-1,-1,-1
11130,409,141,47,95,130,0,-1,-1,-1
11130,408,177,38,83,141,0,-1,-1,-1
11131,408,139,50,98,126,0,-1,-1,-1
11131,409,257,80,72,113,0,-1,-1,-1
11131,411,176,48,81,128,0,-1,-1,-1
11132,411,255,82,72,112,0,-1,-1,-1
11132,408,140,54,95,122,0,-1,-1,-1
11132,409,175,49,83,127,0,-1,-1,-1
11133,409,141,51,94,122,0,-1,-1,-1
11133,408,246,80,81,115,0,-1,-1,-1
11134,409,138,53,96,120,0,-1,-1,-1
11134,408,249,82,78,113,0,-1,-1,-1
11135,409,255,83,69,112,0,-1,-1,-1
11135,408,141,55,88,118,0,-1,-1,-1
11135,411,184,53,76,124,0,-1,-1,-1
11136,411,138,54,94,119,0,-1,-1,-1
11136,408,255,82,73,112,0,-1,-1,-1
11136,409,181,54,79,122,0,-1,-1,-1
11137,409,138,54,93,120,0,-1,-1,-1
11138,409,134,53,103,119,0,-1,-1,-1
11138,411,250,81,79,114,0,-1,-1,-1
11139,409,137,59,99,118,0,-1,-1,-1
11140,409,136,54,98,119,0,-1,-1,-1
11141,409,136,54,98,118,0,-1,-1,-1
11142,409,136,52,91,120,0,-1,-1,-1
11143,409,137,53,89,118,0,-1,-1,-1
11144,409,252,81,73,114,0,-1,-1,-1
11145,412,136,55,94,119,0,-1,-1,-1
11147,412,175,54,86,123,0,-1,-1,-1
11147,409,253,81,70,113,0,-1,-1,-1
11147,413,144,55,92,116,0,-1,-1,-1
11148,413,139,53,81,117,0,-1,-1,-1
11148,409,546,0,84,137,0,-1,-1,-1
11148,412,250,79,78,117,0,-1,-1,-1
11149,413,139,53,86,119,0,-1,-1,-1
11150,413,138,53,86,118,0,-1,-1,-1
11151,413,138,54,85,117,0,-1,-1,-1
11151,409,190,54,65,115,0,-1,-1,-1
11152,413,138,54,87,118,0,-1,-1,-1
11152,409,254,80,71,115,0,-1,-1,-1
11152,414,189,54,70,116,0,-1,-1,-1
11152,415,587,0,51,101,0,-1,-1,-1
11153,413,252,83,76,112,0,-1,-1,-1
11153,414,141,53,79,119,0,-1,-1,-1
11153,415,191,55,64,115,0,-1,-1,-1
11154,414,142,54,76,118,0,-1,-1,-1
11154,415,252,82,76,112,0,-1,-1,-1
11154,416,193,55,59,115,0,-1,-1,-1
11155,414,131,40,98,134,0,-1,-1,-1
11155,415,246,83,83,114,0,-1,-1,-1
11156,414,248,88,79,106,0,-1,-1,-1
11156,415,134,42,97,130,0,-1,-1,-1
11156,416,175,39,80,133,0,-1,-1,-1
11158,415,134,41,87,131,0,-1,-1,-1
11158,416,194,35,63,125,0,-1,-1,-1
11160,415,192,35,120,160,0,-1,-1,-1
11161,415,184,37,88,144,0,-1,-1,-1
11161,416,270,5,93,149,0,-1,-1,-1
11162,416,539,0,63,131,0,-1,-1,-1
11163,416,180,34,90,150,0,-1,-1,-1
11163,415,538,2,56,132,0,-1,-1,-1
11164,416,184,34,84,150,0,-1,-1,-1
11164,415,538,1,62,129,0,-1,-1,-1
11165,416,172,30,89,152,0,-1,-1,-1
11165,415,537,0,57,132,0,-1,-1,-1
11165,417,270,37,80,158,0,-1,-1,-1
11166,418,169,28,89,148,0,-1,-1,-1
11167,418,164,30,87,148,0,-1,-1,-1
11168,418,171,28,89,150,0,-1,-1,-1
11168,417,272,34,77,160,0,-1,-1,-1
11169,418,165,21,97,162,0,-1,-1,-1
11169,417,269,37,82,156,0,-1,-1,-1
11170,417,250,36,76,156,0,-1,-1,-1
11170,418,162,28,88,159,0,-1,-1,-1
11171,418,247,40,79,149,0,-1,-1,-1
11171,419,161,32,94,152,0,-1,-1,-1
11172,418,253,36,74,158,0,-1,-1,-1
11172,419,169,30,84,155,0,-1,-1,-1
11173,419,169,31,83,158,0,-1,-1,-1
11173,418,246,37,76,153,0,-1,-1,-1
11174,419,185,24,69,160,0,-1,-1,-1
11174,418,249,34,71,156,0,-1,-1,-1
11175,419,183,30,74,145,0,-1,-1,-1
11175,418,244,36,84,153,0,-1,-1,-1
11176,419,252,33,74,160,0,-1,-1,-1
11176,420,332,25,83,192,0,-1,-1,-1
11177,419,206,57,96,137,0,-1,-1,-1
11177,420,511,0,81,191,0,-1,-1,-1
11178,419,204,61,102,132,0,-1,-1,-1
11178,420,428,112,108,127,0,-1,-1,-1
11179,420,207,58,102,135,0,-1,-1,-1
11179,419,272,36,62,153,0,-1,-1,-1
11180,420,256,37,80,153,0,-1,-1,-1
11180,419,206,57,73,135,0,-1,-1,-1
11180,421,355,28,84,188,0,-1,-1,-1
11181,421,204,56,70,138,0,-1,-1,-1
11181,419,261,37,76,152,0,-1,-1,-1
11182,421,198,47,84,146,0,-1,-1,-1
11182,419,257,38,79,150,0,-1,-1,-1
11183,419,251,37,83,153,0,-1,-1,-1
11183,421,202,54,83,136,0,-1,-1,-1
11184,419,251,35,81,155,0,-1,-1,-1
11184,421,202,53,81,137,0,-1,-1,-1
11185,419,458,87,148,170,0,-1,-1,-1
11185,421,252,36,79,153,0,-1,-1,-1
11185,422,201,53,86,137,0,-1,-1,-1
11186,419,528,0,51,106,0,-1,-1,-1
11186,422,254,41,78,146,0,-1,-1,-1
11186,421,209,52,76,140,0,-1,-1,-1
11187,422,255,39,79,150,0,-1,-1,-1
11187,419,204,54,81,136,0,-1,-1,-1
11188,422,251,42,81,147,0,-1,-1,-1
11188,419,206,54,76,137,0,-1,-1,-1
11189,422,205,54,88,136,0,-1,-1,-1
11189,423,379,12,98,217,0,-1,-1,-1
11190,423,245,41,96,156,0,-1,-1,-1
11190,424,346,29,65,180,0,-1,-1,-1
11191,423,244,36,120,174,0,-1,-1,-1
11191,424,345,31,66,174,0,-1,-1,-1
11192,424,244,36,83,156,0,-1,-1,-1
11192,423,422,16,70,214,0,-1,-1,-1
11193,423,295,47,121,166,0,-1,-1,-1
11193,424,421,7,75,222,0,-1,-1,-1
11193,425,240,32,80,143,0,-1,-1,-1
11195,424,249,32,72,158,0,-1,-1,-1
11196,423,286,56,129,157,0,-1,-1,-1
11196,424,242,34,77,149,0,-1,-1,-1
11197,423,278,40,133,169,0,-1,-1,-1
11198,423,286,36,87,157,0,-1,-1,-1
11201,423,335,48,109,171,0,-1,-1,-1
11203,423,278,42,84,151,0,-1,-1,-1
11204,423,410,13,88,220,0,-1,-1,-1
11204,426,276,57,89,142,0,-1,-1,-1
11205,423,409,11,88,220,0,-1,-1,-1
11205,426,282,52,81,142,0,-1,-1,-1
11206,423,411,9,87,223,0,-1,-1,-1
11206,426,276,55,87,140,0,-1,-1,-1
11207,423,413,10,85,225,0,-1,-1,-1
11207,426,280,53,82,143,0,-1,-1,-1
11208,423,274,58,89,145,0,-1,-1,-1
11208,426,388,20,86,213,0,-1,-1,-1
11209,426,278,56,84,143,0,-1,-1,-1
11209,423,393,19,90,217,0,-1,-1,-1
11210,423,274,61,89,137,0,-1,-1,-1
11210,426,366,77,130,150,0,-1,-1,-1
11211,427,214,49,146,150,0,-1,-1,-1
11211,423,274,53,91,146,0,-1,-1,-1
11212,423,278,52,88,146,0,-1,-1,-1
11214,423,276,52,91,148,0,-1,-1,-1
11215,423,273,58,94,146,0,-1,-1,-1
11216,423,275,54,90,144,0,-1,-1,-1
11217,428,448,33,124,208,0,-1,-1,-1
11217,423,275,53,89,148,0,-1,-1,-1
11218,428,406,10,104,220,0,-1,-1,-1
11218,423,277,54,86,147,0,-1,-1,-1
11219,423,394,4,93,226,0,-1,-1,-1
11219,428,277,53,86,148,0,-1,-1,-1
11220,423,388,12,95,217,0,-1,-1,-1
11220,428,277,52,85,150,0,-1,-1,-1
11223,423,271,69,95,130,0,-1,-1,-1
11223,429,359,62,121,162,0,-1,-1,-1
11224,423,410,23,92,210,0,-1,-1,-1
11225,423,433,18,123,219,0,-1,-1,-1
11245,430,546,3,93,239,0,-1,-1,-1
11246,430,555,19,79,240,0,-1,-1,-1
11256,431,531,0,60,121,0,-1,-1,-1
11257,432,434,68,148,176,0,-1,-1,-1
11258,432,451,26,102,221,0,-1,-1,-1
11259,432,464,40,112,211,0,-1,-1,-1
11260,432,433,35,111,207,0,-1,-1,-1
11261,432,525,49,107,207,0,-1,-1,-1
11261,433,400,8,92,225,0,-1,-1,-1
11262,433,493,0,68,166,0,-1,-1,-1
11298,434,533,0,59,94,0,-1,-1,-1
11298,435,597,2,43,94,0,-1,-1,-1
11368,436,552,0,81,221,0,-1,-1,-1
11368,437,471,0,89,219,0,-1,-1,-1
11369,436,458,117,178,156,0,-1,-1,-1
11370,436,465,124,170,137,0,-1,-1,-1
11370,437,183,84,63,96,0,-1,-1,-1
11375,438,492,0,68,125,0,-1,-1,-1
11399,439,423,149,90,88,0,-1,-1,-1
11400,439,433,121,104,120,0,-1,-1,-1
11402,439,507,9,72,228,0,-1,-1,-1
11402,440,539,15,79,224,0,-1,-1,-1
11402,441,381,0,82,212,0,-1,-1,-1
11406,442,523,26,96,215,0,-1,-1,-1
11410,443,264,17,116,198,0,-1,-1,-1
11410,444,390,41,108,183,0,-1,-1,-1
11411,443,560,0,67,143,0,-1,-1,-1
11413,443,523,0,54,104,0,-1,-1,-1
11413,444,392,0,57,105,0,-1,-1,-1
11432,445,441,0,54,112,0,-1,-1,-1
11432,446,568,0,57,151,0,-1,-1,-1
11435,446,553,0,68,140,0,-1,-1,-1
11437,446,560,0,63,144,0,-1,-1,-1
11438,446,554,0,67,143,0,-1,-1,-1
11439,446,558,0,64,147,0,-1,-1,-1
11440,446,554,0,67,140,0,-1,-1,-1
11441,446,559,1,72,164,0,-1,-1,-1
11442,446,564,0,62,138,0,-1,-1,-1
11443,446,515,0,82,147,0,-1,-1,-1
11516,447,149,93,97,87,0,-1,-1,-1
11517,447,465,1,68,119,0,-1,-1,-1
11546,448,446,0,89,112,0,-1,-1,-1
11563,449,506,54,97,198,0,-1,-1,-1
11564,449,501,45,87,212,0,-1,-1,-1
11565,449,538,59,102,205,0,-1,-1,-1
11566,449,568,5,69,263,0,-1,-1,-1
11567,450,500,0,62,115,0,-1,-1,-1
11670,451,426,26,106,219,0,-1,-1,-1
11670,452,361,74,82,147,0,-1,-1,-1
11671,452,471,0,53,89,0,-1,-1,-1
11673,452,434,108,107,139,0,-1,-1,-1
11726,453,556,0,64,87,0,-1,-1,-1
11727,454,420,27,106,204,0,-1,-1,-1
11727,455,558,45,78,215,0,-1,-1,-1
11731,456,436,0,74,235,0,-1,-1,-1
11731,457,536,17,89,231,0,-1,-1,-1
11739,458,491,0,82,176,0,-1,-1,-1
11751,459,441,32,88,205,0,-1,-1,-1
11751,460,554,51,83,205,0,-1,-1,-1
11752,461,525,144,115,115,0,-1,-1,-1
11752,459,358,116,129,116,0,-1,-1,-1
11759,462,469,118,135,137,0,-1,-1,-1
11760,462,414,1,63,139,0,-1,-1,-1
11760,463,537,17,94,188,0,-1,-1,-1
11789,464,561,0,73,74,0,-1,-1,-1
11835,465,345,93,127,139,0,-1,-1,-1
11835,466,475,125,133,132,0,-1,-1,-1
11843,467,481,5,100,244,0,-1,-1,-1
11854,468,532,0,58,176,0,-1,-1,-1
11856,469,441,60,110,179,0,-1,-1,-1
11858,469,396,149,234,110,0,-1,-1,-1
11861,470,444,12,126,231,0,-1,-1,-1
11862,470,430,7,100,231,0,-1,-1,-1
11862,471,555,51,81,207,0,-1,-1,-1
11876,472,463,0,99,142,0,-1,-1,-1
11878,472,494,52,98,197,0,-1,-1,-1
11878,473,411,27,79,210,0,-1,-1,-1
11879,473,417,29,79,201,0,-1,-1,-1
11880,473,514,33,72,148,0,-1,-1,-1
11880,472,487,25,89,193,0,-1,-1,-1
11901,474,602,0,27,58,0,-1,-1,-1
11906,475,435,8,129,227,0,-1,-1,-1
12038,476,463,138,171,124,0,-1,-1,-1
12046,477,378,116,184,138,0,-1,-1,-1
12051,478,527,0,86,98,0,-1,-1,-1
12149,479,297,36,133,173,0,-1,-1,-1
12181,480,394,5,137,230,0,-1,-1,-1
12182,480,485,147,112,111,0,-1,-1,-1
12183,480,464,154,109,97,0,-1,-1,-1
12191,481,560,15,77,242,0,-1,-1,-1
12221,482,328,27,95,182,0,-1,-1,-1
12222,483,162,56,101,122,0,-1,-1,-1
12223,482,237,20,103,177,0,-1,-1,-1
12230,484,526,1,61,105,0,-1,-1,-1
12236,485,406,140,81,89,0,-1,-1,-1
12237,485,489,0,76,110,0,-1,-1,-1
12301,486,573,43,67,225,0,-1,-1,-1
12301,487,460,9,87,208,0,-1,-1,-1
12302,486,538,4,99,269,0,-1,-1,-1
12305,488,423,60,127,180,0,-1,-1,-1
12306,488,424,62,130,183,0,-1,-1,-1
12306,489,475,40,106,194,0,-1,-1,-1
12306,490,303,95,134,134,0,-1,-1,-1
12307,490,303,97,140,128,0,-1,-1,-1
12307,489,428,85,138,163,0,-1,-1,-1
12308,490,472,36,117,216,0,-1,-1,-1
12309,490,440,117,141,136,0,-1,-1,-1
12310,490,440,75,142,177,0,-1,-1,-1
12310,489,257,88,144,131,0,-1,-1,-1
12311,490,337,75,136,148,0,-1,-1,-1
12311,489,446,122,140,132,0,-1,-1,-1
12311,491,210,65,137,137,0,-1,-1,-1
12312,490,341,79,132,149,0,-1,-1,-1
12312,489,454,118,133,140,0,-1,-1,-1
12312,491,212,82,123,111,0,-1,-1,-1
12313,489,499,72,110,176,0,-1,-1,-1
12314,489,362,72,128,162,0,-1,-1,-1
12314,490,504,77,101,175,0,-1,-1,-1
12314,491,191,72,142,130,0,-1,-1,-1
12315,489,495,76,107,172,0,-1,-1,-1
12315,491,200,62,141,142,0,-1,-1,-1
12315,490,361,71,120,161,0,-1,-1,-1
12316,490,241,47,133,162,0,-1,-1,-1
12316,489,377,74,190,176,0,-1,-1,-1
12318,489,219,79,132,121,0,-1,-1,-1
12319,489,216,75,115,118,0,-1,-1,-1
12320,492,445,75,102,165,0,-1,-1,-1
12321,492,329,79,120,143,0,-1,-1,-1
12321,493,572,52,67,213,0,-1,-1,-1
12321,489,237,81,80,105,0,-1,-1,-1
12322,492,449,28,95,210,0,-1,-1,-1
12322,493,573,45,65,220,0,-1,-1,-1
12323,492,447,26,96,206,0,-1,-1,-1
12324,492,458,69,114,177,0,-1,-1,-1
12324,489,271,60,142,158,0,-1,-1,-1
12324,494,551,5,88,257,0,-1,-1,-1
12325,494,482,13,138,232,0,-1,-1,-1
12326,494,457,4,126,241,0,-1,-1,-1
12327,494,464,5,124,239,0,-1,-1,-1
12328,494,467,5,124,240,0,-1,-1,-1
12329,494,461,6,140,244,0,-1,-1,-1
12330,494,465,5,128,247,0,-1,-1,-1
12331,494,464,7,131,238,0,-1,-1,-1
12332,494,408,0,113,239,0,-1,-1,-1
12333,494,483,6,128,247,0,-1,-1,-1
12334,494,470,2,97,244,0,-1,-1,-1
12335,494,490,0,107,250,0,-1,-1,-1
12336,494,472,1,95,246,0,-1,-1,-1
12337,494,460,1,98,244,0,-1,-1,-1
12338,494,451,5,110,227,0,-1,-1,-1
12339,494,444,1,111,234,0,-1,-1,-1
12339,495,534,35,104,214,0,-1,-1,-1
12340,494,490,10,123,245,0,-1,-1,-1
12341,494,485,15,121,242,0,-1,-1,-1
12343,494,542,7,97,259,0,-1,-1,-1
12344,494,499,15,132,234,0,-1,-1,-1
12345,494,418,31,90,203,0,-1,-1,-1
12347,494,479,21,79,219,0,-1,-1,-1
12347,496,414,3,61,112,0,-1,-1,-1
12347,497,351,0,59,120,0,-1,-1,-1
12348,497,422,0,61,109,0,-1,-1,-1
12351,498,510,8,81,192,0,-1,-1,-1
12352,498,490,0,67,124,0,-1,-1,-1
12353,498,487,0,63,117,0,-1,-1,-1
12354,498,491,0,61,116,0,-1,-1,-1
12355,498,488,2,65,116,0,-1,-1,-1
12356,498,487,0,60,115,0,-1,-1,-1
12358,498,474,0,57,92,0,-1,-1,-1
12359,498,476,0,65,93,0,-1,-1,-1
12360,498,474,1,57,91,0,-1,-1,-1
12361,498,475,0,56,91,0,-1,-1,-1
12362,498,476,0,69,92,0,-1,-1,-1
12363,498,464,0,71,93,0,-1,-1,-1
12363,499,592,0,48,91,0,-1,-1,-1
12364,498,462,0,70,95,0,-1,-1,-1
12365,498,461,0,72,95,0,-1,-1,-1
12365,499,592,0,48,91,0,-1,-1,-1
12366,500,418,1,100,124,0,-1,-1,-1
12384,501,450,0,68,106,0,-1,-1,-1
12387,501,460,3,67,119,0,-1,-1,-1
12419,502,565,0,57,103,0,-1,-1,-1
12431,503,419,12,107,228,0,-1,-1,-1
12431,504,420,126,94,111,0,-1,-1,-1
12434,504,394,11,78,217,0,-1,-1,-1
12434,505,475,16,80,225,0,-1,-1,-1
12437,506,346,5,93,215,0,-1,-1,-1
12444,507,521,100,108,164,0,-1,-1,-1
12445,507,454,77,107,169,0,-1,-1,-1
12446,507,453,80,106,167,0,-1,-1,-1
12447,507,412,52,101,177,0,-1,-1,-1
12448,507,452,0,79,107,0,-1,-1,-1
12448,508,476,1,81,107,0,-1,-1,-1
12454,509,495,122,141,147,0,-1,-1,-1
12455,509,549,0,68,95,0,-1,-1,-1
12455,510,526,0,67,96,0,-1,-1,-1
12508,511,422,0,86,197,0,-1,-1,-1
12509,511,559,2,77,188,0,-1,-1,-1
12512,511,433,19,107,221,0,-1,-1,-1
12523,512,439,3,88,210,0,-1,-1,-1
12527,513,518,0,67,93,0,-1,-1,-1
12534,514,558,5,78,218,0,-1,-1,-1
12541,515,338,58,111,160,0,-1,-1,-1
12541,516,214,74,89,116,0,-1,-1,-1
12542,515,554,12,83,194,0,-1,-1,-1
12542,516,497,3,58,172,0,-1,-1,-1
12549,517,242,20,102,176,0,-1,-1,-1
12549,518,353,42,103,184,0,-1,-1,-1
12551,518,458,9,75,170,0,-1,-1,-1
12552,519,547,0,51,92,0,-1,-1,-1
12556,520,531,0,65,103,0,-1,-1,-1
12572,521,502,0,90,241,0,-1,-1,-1
12598,522,285,79,165,141,0,-1,-1,-1
12627,523,453,56,130,205,0,-1,-1,-1
12645,524,515,112,124,161,0,-1,-1,-1
12646,524,504,6,95,201,0,-1,-1,-1
12683,525,500,0,70,115,0,-1,-1,-1
12696,526,566,4,70,223,0,-1,-1,-1
12697,527,491,20,83,230,0,-1,-1,-1
12697,528,398,12,72,211,0,-1,-1,-1
12698,527,489,16,91,234,0,-1,-1,-1
12699,526,520,7,98,238,0,-1,-1,-1
12737,529,460,0,77,115,0,-1,-1,-1
12753,530,466,87,116,166,0,-1,-1,-1
12753,531,172,94,99,90,0,-1,-1,-1
12777,532,519,2,77,115,0,-1,-1,-1
12778,532,524,0,61,87,0,-1,-1,-1
12783,533,538,3,96,253,0,-1,-1,-1
12805,534,530,74,105,194,0,-1,-1,-1
12814,535,314,41,106,174,0,-1,-1,-1
12821,536,461,80,135,182,0,-1,-1,-1
12823,537,485,21,89,226,0,-1,-1,-1
12823,538,303,37,93,180,0,-1,-1,-1
12861,539,445,92,125,159,0,-1,-1,-1
12865,540,540,25,100,241,0,-1,-1,-1
12881,541,549,1,86,90,0,-1,-1,-1
12882,542,464,0,83,239,0,-1,-1,-1
12883,542,433,138,149,115,0,-1,-1,-1
12900,543,583,0,54,97,0,-1,-1,-1
12901,544,471,114,158,147,0,-1,-1,-1
12901,543,529,15,111,211,0,-1,-1,-1
12915,545,408,15,116,217,0,-1,-1,-1
12916,545,396,109,141,142,0,-1,-1,-1
12931,546,531,29,106,219,0,-1,-1,-1
12937,547,503,67,101,183,0,-1,-1,-1
12995,548,525,12,110,248,0,-1,-1,-1
12996,548,551,0,65,108,0,-1,-1,-1
13014,549,174,65,97,117,0,-1,-1,-1
13016,549,505,6,92,238,0,-1,-1,-1
13021,550,418,61,107,180,0,-1,-1,-1
13039,551,552,8,84,257,0,-1,-1,-1
13061,552,443,15,99,223,0,-1,-1,-1
13061,553,541,0,99,265,0,-1,-1,-1
13076,554,392,68,102,168,0,-1,-1,-1
13108,555,551,14,86,254,0,-1,-1,-1
13164,556,572,30,68,237,0,-1,-1,-1
13174,557,537,0,61,122,0,-1,-1,-1
13186,558,535,156,102,104,0,-1,-1,-1
13187,559,499,142,138,122,0,-1,-1,-1
13188,560,545,3,78,105,0,-1,-1,-1
13188,559,458,0,59,98,0,-1,-1,-1
13189,560,226,9,112,187,0,-1,-1,-1
13189,558,465,38,161,206,0,-1,-1,-1
13190,558,375,36,138,179,0,-1,-1,-1
13191,558,427,76,135,166,0,-1,-1,-1
13192,558,441,32,119,211,0,-1,-1,-1
13236,561,566,0,72,83,0,-1,-1,-1
13254,562,555,4,81,196,0,-1,-1,-1
13314,563,468,6,69,221,0,-1,-1,-1
13314,564,566,6,71,252,0,-1,-1,-1
13321,565,421,0,60,98,0,-1,-1,-1
13324,566,363,100,134,133,0,-1,-1,-1
13325,566,366,101,131,131,0,-1,-1,-1
13326,566,463,22,84,216,0,-1,-1,-1
13327,566,470,46,120,207,0,-1,-1,-1
13362,567,513,0,85,212,0,-1,-1,-1
13461,568,514,0,57,98,0,-1,-1,-1
13462,568,514,0,54,98,0,-1,-1,-1
13464,569,480,24,117,227,0,-1,-1,-1
13464,568,389,0,99,229,0,-1,-1,-1
13471,570,290,54,116,161,0,-1,-1,-1
13471,571,399,71,142,170,0,-1,-1,-1
13472,570,446,0,97,187,0,-1,-1,-1
13476,572,349,3,72,151,0,-1,-1,-1
13477,572,371,0,94,156,0,-1,-1,-1
13490,573,141,79,99,96,0,-1,-1,-1
13516,574,557,17,81,223,0,-1,-1,-1
13517,574,411,107,98,114,0,-1,-1,-1
13518,575,407,111,88,113,0,-1,-1,-1
13521,575,447,0,64,135,0,-1,-1,-1
13546,576,507,43,120,212,0,-1,-1,-1
13547,576,512,45,111,212,0,-1,-1,-1
13570,577,486,0,66,92,0,-1,-1,-1
13572,577,441,3,90,204,0,-1,-1,-1
13620,578,404,50,121,190,0,-1,-1,-1
13621,578,518,67,114,190,0,-1,-1,-1
13622,578,493,66,147,195,0,-1,-1,-1
13630,579,457,74,121,182,0,-1,-1,-1
13633,579,550,52,89,224,0,-1,-1,-1
13637,580,462,91,128,164,0,-1,-1,-1
13639,580,473,89,110,187,0,-1,-1,-1
13644,581,460,13,72,218,0,-1,-1,-1
13644,582,197,75,97,118,0,-1,-1,-1
13646,583,512,0,62,98,0,-1,-1,-1
13646,581,575,0,45,94,0,-1,-1,-1
13650,584,446,107,97,127,0,-1,-1,-1
13651,585,478,135,161,128,0,-1,-1,-1
13652,585,487,137,152,120,0,-1,-1,-1
13660,586,263,63,109,143,0,-1,-1,-1
13663,586,493,75,146,187,0,-1,-1,-1
13664,586,505,75,135,187,0,-1,-1,-1
13665,586,498,66,142,204,0,-1,-1,-1
13666,586,460,72,180,186,0,-1,-1,-1
13668,586,489,87,149,193,0,-1,-1,-1
13669,586,453,12,118,240,0,-1,-1,-1
13676,587,485,88,155,193,0,-1,-1,-1
13678,587,481,88,155,171,0,-1,-1,-1
13679,587,502,77,133,173,0,-1,-1,-1
13680,587,397,78,130,168,0,-1,-1,-1
13681,587,419,42,121,205,0,-1,-1,-1
13681,588,513,60,85,189,0,-1,-1,-1
13682,588,508,61,132,200,0,-1,-1,-1
13683,588,472,27,158,232,0,-1,-1,-1
13684,588,431,28,139,218,0,-1,-1,-1
13685,588,410,9,137,221,0,-1,-1,-1
13687,588,421,0,122,236,0,-1,-1,-1
13688,589,324,14,82,201,0,-1,-1,-1
13689,589,400,0,101,236,0,-1,-1,-1
13689,588,538,67,100,208,0,-1,-1,-1
13690,589,367,14,118,217,0,-1,-1,-1
13690,590,514,57,121,204,0,-1,-1,-1
13691,589,495,25,97,225,0,-1,-1,-1
13691,590,381,1,106,220,0,-1,-1,-1
13692,589,406,0,99,236,0,-1,-1,-1
13693,589,411,0,98,240,0,-1,-1,-1
13694,589,412,0,99,236,0,-1,-1,-1
13695,589,410,0,101,236,0,-1,-1,-1
13696,589,414,12,102,225,0,-1,-1,-1
13697,589,412,13,95,218,0,-1,-1,-1
13698,589,419,1,108,237,0,-1,-1,-1
13700,589,471,10,119,160,0,-1,-1,-1
13701,589,442,2,169,203,0,-1,-1,-1
13702,589,449,5,167,186,0,-1,-1,-1
13703,589,438,13,173,145,0,-1,-1,-1
13705,589,423,2,198,231,0,-1,-1,-1
13706,589,387,14,232,186,0,-1,-1,-1
13707,589,399,70,218,171,0,-1,-1,-1
13709,589,508,4,94,242,0,-1,-1,-1
13710,589,510,0,78,255,0,-1,-1,-1
13713,589,413,35,172,211,0,-1,-1,-1
13714,589,488,37,121,224,0,-1,-1,-1
13715,589,467,83,156,158,0,-1,-1,-1
13716,589,474,86,143,172,0,-1,-1,-1
13716,591,373,58,72,170,0,-1,-1,-1
13718,591,421,0,71,164,0,-1,-1,-1
13720,592,507,16,97,239,0,-1,-1,-1
13720,593,533,27,102,235,0,-1,-1,-1
13722,594,483,57,125,193,0,-1,-1,-1
13723,594,459,62,139,195,0,-1,-1,-1
13724,594,502,65,124,189,0,-1,-1,-1
13725,594,477,15,80,231,0,-1,-1,-1
13725,595,541,13,98,245,0,-1,-1,-1
13729,596,430,40,87,196,0,-1,-1,-1
13730,597,483,84,119,174,0,-1,-1,-1
13731,597,525,91,109,167,0,-1,-1,-1
13732,597,440,90,110,150,0,-1,-1,-1
13733,597,355,92,80,127,0,-1,-1,-1
13735,597,367,146,205,110,0,-1,-1,-1
13735,598,546,54,94,210,0,-1,-1,-1
13735,599,378,148,99,79,0,-1,-1,-1
13736,599,367,137,149,108,0,-1,-1,-1
13738,599,397,135,126,107,0,-1,-1,-1
13739,599,360,120,81,95,0,-1,-1,-1
13739,600,570,45,66,220,0,-1,-1,-1
13740,599,356,69,78,152,0,-1,-1,-1
13740,600,539,43,82,214,0,-1,-1,-1
13741,600,548,40,79,213,0,-1,-1,-1
13741,599,335,120,96,91,0,-1,-1,-1
13742,600,550,36,78,218,0,-1,-1,-1
13743,600,546,35,79,226,0,-1,-1,-1
13744,600,549,34,80,218,0,-1,-1,-1
13749,601,239,118,84,75,0,-1,-1,-1
13750,601,256,118,80,73,0,-1,-1,-1
13755,602,363,90,124,140,0,-1,-1,-1
13756,602,357,86,79,132,0,-1,-1,-1
13756,603,566,46,74,214,0,-1,-1,-1
13758,603,272,49,75,155,0,-1,-1,-1
13758,602,340,79,76,143,0,-1,-1,-1
13759,603,519,72,119,179,0,-1,-1,-1
13759,602,339,78,76,142,0,-1,-1,-1
13761,604,363,29,77,189,0,-1,-1,-1
13761,603,523,97,117,161,0,-1,-1,-1
13762,603,509,18,103,234,0,-1,-1,-1
13763,603,526,18,68,157,0,-1,-1,-1
13764,603,527,22,72,225,0,-1,-1,-1
13765,603,526,22,73,230,0,-1,-1,-1
13766,603,526,21,72,150,0,-1,-1,-1
13767,603,527,19,79,229,0,-1,-1,-1
13768,605,406,13,70,219,0,-1,-1,-1
13769,605,422,5,86,229,0,-1,-1,-1
13769,603,517,19,84,231,0,-1,-1,-1
13769,606,362,15,110,212,0,-1,-1,-1
13770,605,426,2,85,238,0,-1,-1,-1
13770,603,519,15,79,235,0,-1,-1,-1
13771,605,429,2,90,235,0,-1,-1,-1
13771,603,497,13,113,232,0,-1,-1,-1
13772,603,506,29,124,222,0,-1,-1,-1
13772,607,346,6,84,215,0,-1,-1,-1
13773,607,353,21,127,211,0,-1,-1,-1
13773,603,486,41,147,210,0,-1,-1,-1
13774,605,534,45,104,218,0,-1,-1,-1
13775,605,428,19,85,212,0,-1,-1,-1
13775,603,492,54,148,216,0,-1,-1,-1
13776,603,526,58,113,209,0,-1,-1,-1
13777,603,486,36,99,213,0,-1,-1,-1
13778,603,477,47,121,202,0,-1,-1,-1
13779,603,488,45,102,208,0,-1,-1,-1
13780,603,501,37,105,218,0,-1,-1,-1
13782,608,499,37,114,213,0,-1,-1,-1
13784,608,422,70,131,177,0,-1,-1,-1
13785,608,396,48,123,193,0,-1,-1,-1
13786,608,508,41,83,211,0,-1,-1,-1
13786,609,456,44,90,201,0,-1,-1,-1
13787,609,425,53,100,190,0,-1,-1,-1
13787,608,546,54,89,209,0,-1,-1,-1
13788,609,452,42,124,209,0,-1,-1,-1
13789,609,533,64,105,206,0,-1,-1,-1
13789,610,405,93,74,137,0,-1,-1,-1
13790,610,455,37,120,208,0,-1,-1,-1
13792,610,490,26,84,222,0,-1,-1,-1
13792,609,558,40,77,234,0,-1,-1,-1
13795,609,498,30,81,223,0,-1,-1,-1
13796,609,490,43,94,218,0,-1,-1,-1
13797,609,529,61,106,199,0,-1,-1,-1
13798,609,546,37,92,226,0,-1,-1,-1
13798,611,483,46,107,205,0,-1,-1,-1
13799,611,493,47,98,199,0,-1,-1,-1
13800,611,491,51,90,202,0,-1,-1,-1
13801,611,513,4,114,243,0,-1,-1,-1
13802,612,539,5,97,233,0,-1,-1,-1
13802,611,497,34,109,213,0,-1,-1,-1
13803,612,563,14,70,231,0,-1,-1,-1
13803,611,507,41,84,211,0,-1,-1,-1
13805,611,563,8,73,238,0,-1,-1,-1
13806,611,570,5,68,263,0,-1,-1,-1
13806,612,489,43,84,211,0,-1,-1,-1
13807,611,548,9,87,243,0,-1,-1,-1
13808,611,554,3,74,245,0,-1,-1,-1
13809,611,439,40,84,199,0,-1,-1,-1
13810,611,455,71,95,168,0,-1,-1,-1
13811,611,449,70,102,174,0,-1,-1,-1
13811,613,535,46,105,216,0,-1,-1,-1
13812,611,446,30,95,206,0,-1,-1,-1
13813,611,446,27,106,213,0,-1,-1,-1
13814,611,441,26,113,212,0,-1,-1,-1
13815,611,440,26,120,216,0,-1,-1,-1
13816,614,504,34,95,220,0,-1,-1,-1
13816,611,559,10,81,245,0,-1,-1,-1
13817,614,508,48,97,205,0,-1,-1,-1
13818,614,510,44,101,207,0,-1,-1,-1
13819,614,455,17,72,218,0,-1,-1,-1
13819,611,542,5,90,228,0,-1,-1,-1
13819,615,516,3,79,222,0,-1,-1,-1
13820,616,447,0,86,236,0,-1,-1,-1
13820,611,556,16,84,229,0,-1,-1,-1
13821,616,457,12,72,221,0,-1,-1,-1
13821,611,524,4,113,250,0,-1,-1,-1
13822,611,431,18,113,223,0,-1,-1,-1
13822,615,524,28,112,232,0,-1,-1,-1
13823,611,421,19,102,223,0,-1,-1,-1
13824,611,466,35,157,208,0,-1,-1,-1
13824,615,434,29,98,212,0,-1,-1,-1
13825,615,434,38,92,203,0,-1,-1,-1
13826,615,422,34,110,208,0,-1,-1,-1
13827,615,438,34,96,202,0,-1,-1,-1
13828,615,435,29,100,209,0,-1,-1,-1
13829,615,512,73,120,183,0,-1,-1,-1
13832,615,457,94,126,154,0,-1,-1,-1
13834,617,448,148,89,90,0,-1,-1,-1
13836,617,418,136,86,93,0,-1,-1,-1
13839,617,410,121,219,142,0,-1,-1,-1
13841,617,391,136,236,131,0,-1,-1,-1
13849,618,506,75,98,183,0,-1,-1,-1
13850,618,501,89,134,164,0,-1,-1,-1
13859,619,408,72,134,170,0,-1,-1,-1
13860,619,427,73,140,173,0,-1,-1,-1
13861,619,428,70,182,184,0,-1,-1,-1
13862,619,415,66,155,175,0,-1,-1,-1
13863,619,220,76,119,122,0,-1,-1,-1
13864,619,290,83,253,158,0,-1,-1,-1
13865,619,441,86,94,140,0,-1,-1,-1
13867,620,312,104,153,122,0,-1,-1,-1
13868,620,312,100,153,124,0,-1,-1,-1
13869,620,319,98,149,125,0,-1,-1,-1
13870,620,317,102,165,124,0,-1,-1,-1
13871,620,326,101,155,123,0,-1,-1,-1
13872,620,322,100,161,126,0,-1,-1,-1
13873,620,323,100,159,126,0,-1,-1,-1
13874,620,321,100,164,126,0,-1,-1,-1
13879,621,310,93,135,128,0,-1,-1,-1
13880,622,279,108,92,102,0,-1,-1,-1
13887,623,235,125,109,75,0,-1,-1,-1
13904,624,544,24,89,234,0,-1,-1,-1
13911,625,578,8,61,259,0,-1,-1,-1
13922,626,491,111,140,147,0,-1,-1,-1
13923,626,460,99,173,170,0,-1,-1,-1
13924,626,495,113,140,154,0,-1,-1,-1
13925,626,470,107,136,149,0,-1,-1,-1
13926,626,443,106,143,160,0,-1,-1,-1
13927,626,440,108,142,150,0,-1,-1,-1
13928,626,501,114,125,147,0,-1,-1,-1
13929,626,422,109,143,143,0,-1,-1,-1
13936,627,475,0,102,253,0,-1,-1,-1
13939,628,316,128,112,92,0,-1,-1,-1
13940,628,319,121,84,91,0,-1,-1,-1
13941,628,528,85,112,179,0,-1,-1,-1
13941,629,401,101,94,129,0,-1,-1,-1
13942,628,212,79,78,108,0,-1,-1,-1
13943,629,244,71,129,139,0,-1,-1,-1
13944,629,447,120,144,139,0,-1,-1,-1
13944,630,228,90,117,113,0,-1,-1,-1
13945,629,124,80,90,89,0,-1,-1,-1
13946,629,125,78,88,89,0,-1,-1,-1
13947,629,135,74,86,96,0,-1,-1,-1
13948,631,303,53,89,158,0,-1,-1,-1
13950,631,443,67,129,151,0,-1,-1,-1
13951,631,298,76,121,139,0,-1,-1,-1
13951,632,201,88,82,99,0,-1,-1,-1
13957,633,567,0,48,58,0,-1,-1,-1
13970,634,482,135,128,120,0,-1,-1,-1
13971,634,398,116,138,131,0,-1,-1,-1
13972,634,363,129,201,121,0,-1,-1,-1
13974,634,446,17,88,194,0,-1,-1,-1
13976,634,307,80,245,163,0,-1,-1,-1
13977,634,299,83,110,132,0,-1,-1,-1
13980,634,445,132,178,134,0,-1,-1,-1
14024,635,490,105,146,155,0,-1,-1,-1
14031,636,412,66,94,168,0,-1,-1,-1
14032,636,386,76,138,165,0,-1,-1,-1
14035,636,403,65,84,167,0,-1,-1,-1
14036,636,392,70,113,166,0,-1,-1,-1
14038,636,187,57,152,139,0,-1,-1,-1
14038,637,239,60,92,131,0,-1,-1,-1
14039,636,186,57,149,137,0,-1,-1,-1
14040,636,181,58,156,135,0,-1,-1,-1
14040,637,235,60,96,130,0,-1,-1,-1
14041,636,183,61,152,133,0,-1,-1,-1
14041,637,239,63,91,126,0,-1,-1,-1
14042,637,266,57,102,147,0,-1,-1,-1
14043,637,260,55,99,149,0,-1,-1,-1
14044,637,223,68,109,131,0,-1,-1,-1
14045,638,316,63,80,144,0,-1,-1,-1
14046,638,313,49,79,161,0,-1,-1,-1
14047,638,310,48,80,163,0,-1,-1,-1
14048,638,312,50,82,161,0,-1,-1,-1
14049,638,309,52,84,159,0,-1,-1,-1
14050,638,311,51,83,160,0,-1,-1,-1
14051,638,381,87,108,149,0,-1,-1,-1
14051,639,527,106,112,158,0,-1,-1,-1
14052,638,379,88,107,148,0,-1,-1,-1
14052,639,526,106,112,157,0,-1,-1,-1
14053,639,524,105,116,161,0,-1,-1,-1
14053,638,392,81,101,159,0,-1,-1,-1
14054,638,381,86,95,136,0,-1,-1,-1
14056,638,521,83,109,173,0,-1,-1,-1
14056,640,383,76,97,161,0,-1,-1,-1
14057,640,417,66,166,186,0,-1,-1,-1
14058,640,420,88,173,165,0,-1,-1,-1
14059,640,365,81,207,168,0,-1,-1,-1
14060,640,364,82,149,156,0,-1,-1,-1
14060,641,440,96,96,139,0,-1,-1,-1
14061,640,366,84,124,150,0,-1,-1,-1
14061,641,435,86,94,151,0,-1,-1,-1
14062,640,368,107,92,115,0,-1,-1,-1
14063,640,375,95,82,126,0,-1,-1,-1
14063,641,400,97,151,146,0,-1,-1,-1
14064,640,472,119,91,122,0,-1,-1,-1
14064,641,370,96,95,125,0,-1,-1,-1
14065,640,468,110,123,147,0,-1,-1,-1
14067,641,415,51,102,186,0,-1,-1,-1
14068,641,472,114,131,144,0,-1,-1,-1
14069,641,449,116,145,144,0,-1,-1,-1
14070,641,464,143,129,109,0,-1,-1,-1
14070,642,396,94,98,125,0,-1,-1,-1
14071,642,473,75,114,169,0,-1,-1,-1
14072,642,401,76,122,164,0,-1,-1,-1
14072,641,342,74,168,164,0,-1,-1,-1
14073,641,351,66,166,165,0,-1,-1,-1
14074,641,368,74,158,160,0,-1,-1,-1
14075,641,338,88,146,140,0,-1,-1,-1
14076,641,311,74,123,143,0,-1,-1,-1
14077,641,299,75,121,141,0,-1,-1,-1
14078,641,359,104,134,121,0,-1,-1,-1
14079,641,431,100,106,139,0,-1,-1,-1
14079,643,279,71,72,130,0,-1,-1,-1
14080,641,448,99,95,145,0,-1,-1,-1
14080,643,273,92,73,101,0,-1,-1,-1
14081,644,313,127,96,81,0,-1,-1,-1
14083,644,352,130,87,83,0,-1,-1,-1
14085,644,344,132,97,89,0,-1,-1,-1
14086,644,346,145,92,73,0,-1,-1,-1
14088,644,309,121,110,96,0,-1,-1,-1
14090,644,278,88,88,113,0,-1,-1,-1
14090,645,557,31,81,248,0,-1,-1,-1
14091,646,230,100,108,97,0,-1,-1,-1
14091,645,556,28,82,249,0,-1,-1,-1
14101,647,261,88,80,109,0,-1,-1,-1
14102,648,439,140,85,90,0,-1,-1,-1
14102,649,183,51,96,129,0,-1,-1,-1
14117,650,486,102,147,166,0,-1,-1,-1
14125,651,438,77,90,166,0,-1,-1,-1
14126,651,439,74,91,170,0,-1,-1,-1
14128,651,501,69,138,187,0,-1,-1,-1
14129,651,425,69,183,183,0,-1,-1,-1
14130,651,486,83,80,167,0,-1,-1,-1
14131,651,484,77,78,169,0,-1,-1,-1
14133,651,494,76,98,181,0,-1,-1,-1
14135,651,523,78,102,182,0,-1,-1,-1
14205,652,459,90,158,174,0,-1,-1,-1
14206,652,307,111,116,101,0,-1,-1,-1
14206,653,455,114,104,135,0,-1,-1,-1
14207,652,390,97,141,144,0,-1,-1,-1
14208,652,392,69,132,153,0,-1,-1,-1
14211,652,379,48,125,160,0,-1,-1,-1
14212,652,385,104,96,123,0,-1,-1,-1
14213,652,345,43,154,184,0,-1,-1,-1
14214,652,374,49,130,181,0,-1,-1,-1
14215,652,396,99,84,127,0,-1,-1,-1
14216,652,392,93,125,145,0,-1,-1,-1
14217,652,391,94,114,137,0,-1,-1,-1
14218,652,386,91,177,145,0,-1,-1,-1
14222,654,484,90,151,179,0,-1,-1,-1
14223,654,492,107,146,179,0,-1,-1,-1
14224,654,467,106,173,162,0,-1,-1,-1
14225,654,456,106,157,158,0,-1,-1,-1
14226,654,455,108,150,157,0,-1,-1,-1
14227,655,467,124,126,137,0,-1,-1,-1
14228,655,377,110,199,141,0,-1,-1,-1
14229,655,370,91,171,153,0,-1,-1,-1
14230,655,421,93,121,148,0,-1,-1,-1
14230,656,374,120,87,100,0,-1,-1,-1
14231,656,311,104,106,101,0,-1,-1,-1
14232,656,290,98,147,121,0,-1,-1,-1
14233,656,259,71,110,133,0,-1,-1,-1
14234,656,262,81,116,126,0,-1,-1,-1
14235,656,240,66,127,140,0,-1,-1,-1
14236,656,192,88,262,120,0,-1,-1,-1
14237,657,152,77,195,112,0,-1,-1,-1
14241,658,437,130,203,139,0,-1,-1,-1
14241,659,291,50,107,159,0,-1,-1,-1
14242,658,351,36,101,190,0,-1,-1,-1
14243,658,414,114,188,127,0,-1,-1,-1
14244,658,404,120,141,117,0,-1,-1,-1
14249,660,537,52,103,213,0,-1,-1,-1
14250,660,489,61,146,202,0,-1,-1,-1
14251,660,481,46,91,206,0,-1,-1,-1
14251,661,543,31,97,237,0,-1,-1,-1
14252,661,489,83,149,173,0,-1,-1,-1
14253,661,502,53,124,201,0,-1,-1,-1
14254,661,492,66,137,188,0,-1,-1,-1
14255,661,502,66,96,188,0,-1,-1,-1
14255,662,564,11,76,244,0,-1,-1,-1
14256,661,517,56,106,196,0,-1,-1,-1
14257,661,542,50,96,209,0,-1,-1,-1
14257,662,493,62,114,195,0,-1,-1,-1
14258,662,560,36,74,229,0,-1,-1,-1
14258,661,522,48,85,208,0,-1,-1,-1
14259,662,523,63,116,198,0,-1,-1,-1
14260,662,543,65,93,204,0,-1,-1,-1
14266,663,545,82,95,182,0,-1,-1,-1
14267,663,544,68,95,196,0,-1,-1,-1
14270,663,542,84,98,182,0,-1,-1,-1
14283,664,522,78,117,194,0,-1,-1,-1
14288,665,506,109,119,151,0,-1,-1,-1
14289,665,443,100,154,154,0,-1,-1,-1
14290,665,394,96,141,145,0,-1,-1,-1
14291,665,396,96,131,142,0,-1,-1,-1
14292,665,404,97,126,143,0,-1,-1,-1
14293,665,402,90,118,150,0,-1,-1,-1
14294,665,395,26,112,216,0,-1,-1,-1
14295,665,400,87,110,152,0,-1,-1,-1
14295,666,298,32,99,182,0,-1,-1,-1
14295,667,538,88,101,193,0,-1,-1,-1
14296,665,400,14,101,221,0,-1,-1,-1
14297,665,431,9,114,220,0,-1,-1,-1
14298,665,429,3,108,212,0,-1,-1,-1
14298,666,405,117,109,122,0,-1,-1,-1
14299,666,402,16,122,218,0,-1,-1,-1
14300,666,381,17,182,210,0,-1,-1,-1
14301,666,398,108,159,140,0,-1,-1,-1
14301,668,295,26,96,183,0,-1,-1,-1
14302,666,293,52,192,167,0,-1,-1,-1
14302,668,397,110,153,133,0,-1,-1,-1
14303,666,398,88,141,154,0,-1,-1,-1
14303,668,406,31,125,190,0,-1,-1,-1
14304,666,351,16,123,198,0,-1,-1,-1
14305,666,355,12,128,201,0,-1,-1,-1
14305,668,393,97,134,144,0,-1,-1,-1
14306,668,352,13,165,220,0,-1,-1,-1
14307,668,347,12,127,199,0,-1,-1,-1
14308,668,362,8,163,224,0,-1,-1,-1
14309,668,402,111,148,131,0,-1,-1,-1
14309,669,324,10,125,199,0,-1,-1,-1
14310,669,395,9,114,218,0,-1,-1,-1
14311,669,474,34,111,215,0,-1,-1,-1
14312,669,530,0,109,261,0,-1,-1,-1
14312,670,393,102,130,143,0,-1,-1,-1
14313,669,422,15,114,177,0,-1,-1,-1
14313,670,393,95,139,145,0,-1,-1,-1
14314,669,501,3,117,251,0,-1,-1,-1
14315,669,392,111,149,138,0,-1,-1,-1
14315,670,533,3,101,243,0,-1,-1,-1
14316,669,395,21,119,203,0,-1,-1,-1
14317,669,391,104,144,135,0,-1,-1,-1
14317,670,362,16,90,183,0,-1,-1,-1
14318,670,376,14,167,227,0,-1,-1,-1
14318,669,498,60,107,191,0,-1,-1,-1
14319,669,357,20,162,201,0,-1,-1,-1
14320,669,386,26,112,178,0,-1,-1,-1
14321,669,379,5,159,235,0,-1,-1,-1
14323,671,290,44,116,165,0,-1,-1,-1
14323,669,437,142,134,104,0,-1,-1,-1
14324,669,279,43,125,168,0,-1,-1,-1
14325,669,261,23,111,186,0,-1,-1,-1
14326,669,178,89,179,119,0,-1,-1,-1
14327,669,201,90,128,104,0,-1,-1,-1
14327,672,505,139,132,121,0,-1,-1,-1
14328,669,496,114,141,151,0,-1,-1,-1
14328,672,165,85,163,107,0,-1,-1,-1
14329,669,485,116,147,142,0,-1,-1,-1
14329,673,327,37,95,180,0,-1,-1,-1
14330,669,389,21,91,215,0,-1,-1,-1
14330,673,505,116,135,151,0,-1,-1,-1
14330,674,326,49,72,158,0,-1,-1,-1
14331,669,474,114,136,140,0,-1,-1,-1
14331,673,377,7,116,219,0,-1,-1,-1
14332,673,490,112,145,148,0,-1,-1,-1
14332,669,335,35,131,179,0,-1,-1,-1
14333,669,479,112,139,143,0,-1,-1,-1
14333,673,348,38,107,172,0,-1,-1,-1
14334,669,333,35,135,197,0,-1,-1,-1
14334,673,490,59,129,196,0,-1,-1,-1
14335,673,341,42,118,173,0,-1,-1,-1
14335,669,440,131,136,124,0,-1,-1,-1
14335,675,549,64,90,192,0,-1,-1,-1
14336,675,452,7,77,228,0,-1,-1,-1
14336,669,379,63,88,169,0,-1,-1,-1
14337,675,459,4,84,230,0,-1,-1,-1
14337,669,380,54,69,171,0,-1,-1,-1
14338,675,403,0,99,233,0,-1,-1,-1
14339,675,401,0,98,230,0,-1,-1,-1
14340,675,384,5,109,228,0,-1,-1,-1
14340,669,550,48,88,213,0,-1,-1,-1
14341,669,379,1,106,225,0,-1,-1,-1
14342,675,319,10,83,205,0,-1,-1,-1
14342,669,537,41,98,214,0,-1,-1,-1
14343,675,311,19,167,204,0,-1,-1,-1
14343,669,499,116,138,152,0,-1,-1,-1
14344,675,444,124,144,130,0,-1,-1,-1
14344,669,328,32,120,185,0,-1,-1,-1
14345,669,322,28,131,188,0,-1,-1,-1
14345,675,436,113,139,139,0,-1,-1,-1
14346,669,320,30,127,185,0,-1,-1,-1
14346,675,422,117,180,138,0,-1,-1,-1
14347,675,338,37,135,180,0,-1,-1,-1
14347,669,417,119,170,133,0,-1,-1,-1
14348,675,464,125,145,129,0,-1,-1,-1
14349,675,283,38,148,172,0,-1,-1,-1
14349,669,412,116,148,129,0,-1,-1,-1
14350,675,281,28,149,184,0,-1,-1,-1
14350,669,473,127,154,128,0,-1,-1,-1
14351,675,281,33,147,186,0,-1,-1,-1
14351,669,424,112,152,137,0,-1,-1,-1
14352,669,292,35,110,178,0,-1,-1,-1
14352,675,432,121,154,135,0,-1,-1,-1
14353,669,468,121,148,135,0,-1,-1,-1
14354,669,412,110,142,131,0,-1,-1,-1
14354,675,293,47,102,164,0,-1,-1,-1
14354,676,386,3,90,207,0,-1,-1,-1
14355,676,377,10,109,200,0,-1,-1,-1
14355,669,395,102,241,165,0,-1,-1,-1
14356,676,396,21,150,216,0,-1,-1,-1
14357,676,451,6,126,232,0,-1,-1,-1
14358,669,399,101,135,140,0,-1,-1,-1
14358,677,481,1,82,226,0,-1,-1,-1
14359,677,439,0,113,196,0,-1,-1,-1
14360,669,413,106,138,140,0,-1,-1,-1
14360,677,506,0,131,260,0,-1,-1,-1
14361,677,506,1,123,225,0,-1,-1,-1
14361,669,388,95,132,135,0,-1,-1,-1
14362,669,458,96,139,151,0,-1,-1,-1
14362,677,488,6,112,219,0,-1,-1,-1
14363,669,398,99,134,140,0,-1,-1,-1
14363,677,510,0,115,230,0,-1,-1,-1
14366,669,400,100,132,138,0,-1,-1,-1
14366,677,570,10,70,249,0,-1,-1,-1
14367,669,397,106,132,134,0,-1,-1,-1
14367,678,575,0,63,244,0,-1,-1,-1
14368,669,420,108,130,136,0,-1,-1,-1
14368,678,543,6,91,227,0,-1,-1,-1
14369,678,421,101,146,146,0,-1,-1,-1
14369,669,558,1,79,230,0,-1,-1,-1
14370,678,403,104,126,140,0,-1,-1,-1
14370,669,529,13,85,231,0,-1,-1,-1
14371,678,310,92,128,128,0,-1,-1,-1
14372,669,431,81,135,165,0,-1,-1,-1
14372,678,237,86,124,118,0,-1,-1,-1
14373,669,304,100,137,120,0,-1,-1,-1
14373,678,517,93,120,175,0,-1,-1,-1
14374,678,525,18,81,223,0,-1,-1,-1
14374,669,352,102,119,126,0,-1,-1,-1
14375,678,521,19,89,210,0,-1,-1,-1
14375,669,328,98,121,124,0,-1,-1,-1
14376,678,444,81,144,172,0,-1,-1,-1
14376,669,246,79,114,127,0,-1,-1,-1
14377,678,354,105,139,126,0,-1,-1,-1
14377,669,535,13,93,222,0,-1,-1,-1
14378,669,520,3,91,229,0,-1,-1,-1
14378,678,339,101,120,124,0,-1,-1,-1
14379,678,278,84,114,131,0,-1,-1,-1
14379,669,503,10,89,198,0,-1,-1,-1
14381,669,521,0,90,225,0,-1,-1,-1
14382,669,447,16,73,209,0,-1,-1,-1
14383,669,451,14,69,211,0,-1,-1,-1
14384,669,482,6,91,215,0,-1,-1,-1
14384,679,363,132,103,94,0,-1,-1,-1
14385,669,496,0,107,201,0,-1,-1,-1
14386,669,403,119,99,109,0,-1,-1,-1
14386,679,514,1,100,219,0,-1,-1,-1
14387,679,371,124,117,107,0,-1,-1,-1
14388,680,509,22,116,186,0,-1,-1,-1
14388,679,354,117,125,115,0,-1,-1,-1
14389,679,500,3,90,212,0,-1,-1,-1
14389,669,398,88,99,148,0,-1,-1,-1
14390,679,520,3,83,198,0,-1,-1,-1
14390,669,365,104,126,127,0,-1,-1,-1
14391,679,364,112,129,125,0,-1,-1,-1
14391,669,519,1,85,207,0,-1,-1,-1
14392,669,374,114,130,124,0,-1,-1,-1
14392,679,507,4,95,201,0,-1,-1,-1
14393,679,508,1,94,200,0,-1,-1,-1
14394,679,510,1,85,193,0,-1,-1,-1
14394,669,335,101,125,126,0,-1,-1,-1
14395,679,512,2,100,186,0,-1,-1,-1
14395,669,330,98,132,126,0,-1,-1,-1
14396,669,335,99,133,126,0,-1,-1,-1
14396,679,503,0,85,188,0,-1,-1,-1
14397,669,337,103,133,124,0,-1,-1,-1
14398,669,331,103,143,124,0,-1,-1,-1
14398,679,509,2,80,189,0,-1,-1,-1
14399,669,352,106,139,125,0,-1,-1,-1
14399,679,523,3,101,189,0,-1,-1,-1
14400,669,363,108,130,127,0,-1,-1,-1
14400,679,523,1,99,197,0,-1,-1,-1
14401,679,512,2,93,198,0,-1,-1,-1
14401,669,348,106,128,125,0,-1,-1,-1
14402,669,307,89,128,133,0,-1,-1,-1
14402,679,528,0,100,191,0,-1,-1,-1
14403,679,414,0,121,196,0,-1,-1,-1
14404,679,466,0,115,244,0,-1,-1,-1
14404,669,397,1,177,245,0,-1,-1,-1
14405,669,474,10,119,237,0,-1,-1,-1
14405,679,416,4,110,225,0,-1,-1,-1
14406,679,475,0,138,232,0,-1,-1,-1
14406,681,314,88,120,140,0,-1,-1,-1
14407,679,512,13,93,203,0,-1,-1,-1
14407,681,417,105,128,132,0,-1,-1,-1
14408,681,335,107,124,119,0,-1,-1,-1
14408,679,431,4,105,201,0,-1,-1,-1
14409,679,408,0,95,208,0,-1,-1,-1
14410,679,434,11,161,237,0,-1,-1,-1
14410,681,361,107,125,130,0,-1,-1,-1
14410,682,549,43,89,219,0,-1,-1,-1
14411,681,285,20,167,197,0,-1,-1,-1
14411,679,411,2,118,222,0,-1,-1,-1
14411,682,552,50,87,217,0,-1,-1,-1
14412,679,407,0,103,185,0,-1,-1,-1
14414,679,254,15,103,188,0,-1,-1,-1
14414,681,377,91,135,146,0,-1,-1,-1
14415,681,445,102,166,155,0,-1,-1,-1
14415,679,279,13,112,201,0,-1,-1,-1
14416,679,372,102,136,129,0,-1,-1,-1
14416,681,282,12,93,194,0,-1,-1,-1
14417,681,402,63,156,187,0,-1,-1,-1
14418,679,403,20,110,209,0,-1,-1,-1
14419,679,486,30,124,219,0,-1,-1,-1
14420,679,441,32,170,207,0,-1,-1,-1
14421,679,504,64,103,184,0,-1,-1,-1
14421,683,390,20,114,208,0,-1,-1,-1
14422,683,473,49,117,204,0,-1,-1,-1
14422,684,366,21,118,197,0,-1,-1,-1
14423,684,348,16,225,214,0,-1,-1,-1
14424,684,380,31,168,196,0,-1,-1,-1
14427,684,410,17,97,219,0,-1,-1,-1
14428,684,390,8,158,220,0,-1,-1,-1
14429,684,369,22,81,202,0,-1,-1,-1
14429,685,312,18,84,198,0,-1,-1,-1
14430,685,345,13,107,211,0,-1,-1,-1
14430,684,486,144,148,120,0,-1,-1,-1
14431,685,279,31,121,177,0,-1,-1,-1
14432,685,462,13,102,224,0,-1,-1,-1
14433,685,387,29,121,201,0,-1,-1,-1
14433,684,490,2,115,207,0,-1,-1,-1
14434,685,454,8,125,224,0,-1,-1,-1
14435,685,411,54,110,181,0,-1,-1,-1
14435,684,298,40,117,175,0,-1,-1,-1
14436,684,360,67,143,168,0,-1,-1,-1
14437,686,309,63,117,145,0,-1,-1,-1
14438,686,410,65,99,166,0,-1,-1,-1
14438,687,292,95,79,111,0,-1,-1,-1
14439,686,394,57,146,176,0,-1,-1,-1
14442,688,354,40,113,188,0,-1,-1,-1
14443,688,334,30,109,185,0,-1,-1,-1
14446,689,389,142,234,109,0,-1,-1,-1
14446,690,507,147,108,104,0,-1,-1,-1
14447,689,139,65,101,107,0,-1,-1,-1
14448,689,130,63,100,110,0,-1,-1,-1
14449,690,139,71,174,124,0,-1,-1,-1
14449,689,127,65,110,110,0,-1,-1,-1
14449,691,177,74,184,128,0,-1,-1,-1
14450,689,130,56,96,118,0,-1,-1,-1
14451,689,123,57,80,111,0,-1,-1,-1
14451,692,272,91,77,107,0,-1,-1,-1
14452,689,118,61,89,105,0,-1,-1,-1
14453,689,119,65,113,111,0,-1,-1,-1
14454,689,115,61,98,104,0,-1,-1,-1
14455,693,136,62,94,110,0,-1,-1,-1
14455,689,218,73,99,119,0,-1,-1,-1
14456,693,190,73,146,124,0,-1,-1,-1
14456,694,131,62,80,106,0,-1,-1,-1
14457,693,124,67,183,126,0,-1,-1,-1
14457,694,124,60,100,109,0,-1,-1,-1
14458,693,190,54,168,143,0,-1,-1,-1
14459,693,131,31,218,165,0,-1,-1,-1
14460,693,149,39,197,163,0,-1,-1,-1
14460,694,145,50,97,117,0,-1,-1,-1
14461,694,170,51,123,142,0,-1,-1,-1
14462,694,208,58,139,139,0,-1,-1,-1
14463,694,133,42,207,150,0,-1,-1,-1
14468,695,211,83,95,105,0,-1,-1,-1
14470,696,299,71,115,143,0,-1,-1,-1
14470,695,214,52,79,139,0,-1,-1,-1
14471,695,167,84,106,103,0,-1,-1,-1
14473,695,155,67,226,136,0,-1,-1,-1
14474,697,217,105,131,94,0,-1,-1,-1
14475,695,198,52,109,135,0,-1,-1,-1
14478,695,483,59,148,198,0,-1,-1,-1
14499,698,173,86,104,100,0,-1,-1,-1
14503,699,478,69,162,203,0,-1,-1,-1
14503,700,64,78,106,82,0,-1,-1,-1
14504,699,134,81,88,88,0,-1,-1,-1
14504,701,487,106,150,166,0,-1,-1,-1
14505,701,142,81,90,87,0,-1,-1,-1
14506,701,452,72,156,181,0,-1,-1,-1
14506,699,132,79,97,93,0,-1,-1,-1
14507,701,533,37,106,228,0,-1,-1,-1
14508,701,503,56,129,197,0,-1,-1,-1
14511,702,45,96,70,51,0,-1,-1,-1
14521,703,104,64,95,101,0,-1,-1,-1
14522,703,93,77,140,98,0,-1,-1,-1
14523,703,105,72,123,102,0,-1,-1,-1
14524,703,117,58,99,111,0,-1,-1,-1
14525,703,122,54,96,121,0,-1,-1,-1
14525,704,514,42,119,215,0,-1,-1,-1
14526,703,123,53,96,122,0,-1,-1,-1
14526,704,542,54,98,225,0,-1,-1,-1
14527,703,119,56,101,116,0,-1,-1,-1
14528,703,119,51,99,123,0,-1,-1,-1
14532,705,361,71,119,160,0,-1,-1,-1
14532,706,560,42,77,231,0,-1,-1,-1
14533,706,142,92,103,88,0,-1,-1,-1
14533,705,495,55,108,195,0,-1,-1,-1
14535,705,522,43,117,216,0,-1,-1,-1
14536,705,483,67,138,182,0,-1,-1,-1
14538,705,83,72,160,111,0,-1,-1,-1
14539,705,84,67,171,117,0,-1,-1,-1
14541,707,53,65,66,80,0,-1,-1,-1
14542,705,531,61,109,204,0,-1,-1,-1
14547,708,257,99,162,122,0,-1,-1,-1
14547,709,397,33,97,197,0,-1,-1,-1
14548,709,365,37,145,190,0,-1,-1,-1
14548,708,304,67,219,168,0,-1,-1,-1
14549,709,281,31,194,196,0,-1,-1,-1
14552,709,280,29,244,194,0,-1,-1,-1
14553,709,394,0,95,232,0,-1,-1,-1
14553,710,304,106,96,106,0,-1,-1,-1
14556,711,312,37,85,167,0,-1,-1,-1
14557,712,216,63,164,143,0,-1,-1,-1
14558,712,214,67,171,142,0,-1,-1,-1
14558,711,308,40,77,129,0,-1,-1,-1
14560,711,198,85,196,115,0,-1,-1,-1
14561,711,203,82,157,124,0,-1,-1,-1
14563,713,301,38,99,173,0,-1,-1,-1
14564,713,489,89,145,171,0,-1,-1,-1
14565,713,235,33,106,168,0,-1,-1,-1
14565,714,492,126,108,117,0,-1,-1,-1
14566,713,197,25,207,189,0,-1,-1,-1
14567,713,248,6,108,198,0,-1,-1,-1
14568,715,387,65,111,169,0,-1,-1,-1
14569,715,503,103,129,155,0,-1,-1,-1
14570,715,508,103,128,156,0,-1,-1,-1
14571,715,509,100,125,173,0,-1,-1,-1
14572,715,496,112,137,151,0,-1,-1,-1
14573,715,470,100,121,150,0,-1,-1,-1
14574,715,511,12,102,232,0,-1,-1,-1
14576,715,468,126,170,131,0,-1,-1,-1
14577,715,450,121,184,141,0,-1,-1,-1
14580,715,460,122,180,135,0,-1,-1,-1
14582,715,461,124,170,137,0,-1,-1,-1
14584,715,459,112,170,144,0,-1,-1,-1
14589,716,530,20,79,213,0,-1,-1,-1
14589,717,389,137,120,101,0,-1,-1,-1
14600,718,479,4,102,246,0,-1,-1,-1
14601,718,248,46,109,158,0,-1,-1,-1
14602,718,237,50,118,149,0,-1,-1,-1
14603,718,210,51,145,146,0,-1,-1,-1
14604,718,176,77,169,120,0,-1,-1,-1
14606,718,174,82,153,112,0,-1,-1,-1
14607,718,173,78,106,108,0,-1,-1,-1
14609,718,209,113,105,80,0,-1,-1,-1
14610,718,173,85,140,107,0,-1,-1,-1
14611,719,301,23,112,189,0,-1,-1,-1
14614,719,513,2,98,249,0,-1,-1,-1
14615,719,507,29,115,225,0,-1,-1,-1
14618,719,542,51,90,208,0,-1,-1,-1
14619,719,552,66,85,203,0,-1,-1,-1
14620,719,554,55,79,213,0,-1,-1,-1
14622,720,147,48,97,129,0,-1,-1,-1
14622,721,540,185,92,75,0,-1,-1,-1
14622,722,328,5,101,215,0,-1,-1,-1
14623,720,416,0,131,237,0,-1,-1,-1
14630,723,539,12,99,256,0,-1,-1,-1
14654,724,456,8,143,239,0,-1,-1,-1
14656,724,487,101,153,176,0,-1,-1,-1
14657,724,433,77,123,165,0,-1,-1,-1
14658,724,506,66,131,194,0,-1,-1,-1
14659,724,439,97,190,160,0,-1,-1,-1
14660,724,454,85,186,182,0,-1,-1,-1
14664,725,497,56,143,199,0,-1,-1,-1
14665,725,512,61,124,203,0,-1,-1,-1
14666,725,509,60,129,201,0,-1,-1,-1
14667,725,500,59,137,201,0,-1,-1,-1
14668,725,510,61,127,193,0,-1,-1,-1
14669,725,512,60,125,203,0,-1,-1,-1
14670,725,145,77,90,96,0,-1,-1,-1
14670,726,512,60,124,205,0,-1,-1,-1
14671,725,154,84,84,90,0,-1,-1,-1
14672,727,495,3,74,104,0,-1,-1,-1
14672,725,149,82,87,89,0,-1,-1,-1
14673,725,149,81,91,92,0,-1,-1,-1
14673,726,545,57,94,209,0,-1,-1,-1
14674,725,145,82,97,92,0,-1,-1,-1
14674,726,546,57,94,209,0,-1,-1,-1
14675,725,151,79,88,93,0,-1,-1,-1
14675,726,544,55,96,211,0,-1,-1,-1
14676,725,151,80,87,92,0,-1,-1,-1
14676,726,544,53,96,214,0,-1,-1,-1
14677,725,151,82,93,91,0,-1,-1,-1
14678,725,158,78,86,97,0,-1,-1,-1
14679,725,157,74,87,101,0,-1,-1,-1
14679,728,343,113,110,108,0,-1,-1,-1
14690,729,385,115,154,135,0,-1,-1,-1
14691,729,484,10,136,241,0,-1,-1,-1
14702,730,549,52,91,222,0,-1,-1,-1
14707,731,536,34,104,234,0,-1,-1,-1
14708,731,540,26,99,238,0,-1,-1,-1
14709,731,518,16,97,239,0,-1,-1,-1
14711,731,312,43,159,176,0,-1,-1,-1
14711,732,515,92,125,175,0,-1,-1,-1
14717,733,284,86,274,156,0,-1,-1,-1
14718,733,480,77,126,181,0,-1,-1,-1
14719,733,453,108,175,158,0,-1,-1,-1
14723,734,445,132,101,104,0,-1,-1,-1
14724,734,444,134,97,103,0,-1,-1,-1
14727,734,369,105,255,150,0,-1,-1,-1
14734,735,497,4,119,222,0,-1,-1,-1
14735,735,439,1,135,190,0,-1,-1,-1
14736,735,485,5,95,220,0,-1,-1,-1
14737,735,468,20,116,224,0,-1,-1,-1
14738,735,481,14,128,235,0,-1,-1,-1
14739,735,486,10,152,201,0,-1,-1,-1
14740,735,380,10,131,219,0,-1,-1,-1
14741,735,392,21,180,210,0,-1,-1,-1
14742,735,375,43,135,192,0,-1,-1,-1
14743,735,460,55,136,191,0,-1,-1,-1
14743,736,348,20,84,201,0,-1,-1,-1
14744,736,369,55,120,177,0,-1,-1,-1
14745,736,316,57,137,164,0,-1,-1,-1
14746,736,398,72,141,173,0,-1,-1,-1
14751,737,323,39,168,181,0,-1,-1,-1
14752,737,369,93,190,153,0,-1,-1,-1
14753,737,297,116,180,115,0,-1,-1,-1
14754,737,276,95,90,111,0,-1,-1,-1
14761,738,469,111,88,126,0,-1,-1,-1
14764,738,470,52,148,202,0,-1,-1,-1
14765,738,468,47,152,211,0,-1,-1,-1
14766,738,437,52,114,189,0,-1,-1,-1
14766,739,531,34,109,230,0,-1,-1,-1
14768,739,296,37,160,176,0,-1,-1,-1
14769,739,429,26,119,214,0,-1,-1,-1
14769,738,546,79,93,189,0,-1,-1,-1
14769,740,346,52,114,178,0,-1,-1,-1
14770,739,388,15,125,213,0,-1,-1,-1
14770,741,501,74,137,198,0,-1,-1,-1
14771,741,378,6,88,217,0,-1,-1,-1
14772,741,414,57,111,179,0,-1,-1,-1
14772,739,216,90,117,107,0,-1,-1,-1
14773,741,463,65,111,180,0,-1,-1,-1
14774,741,268,60,84,141,0,-1,-1,-1
14775,741,487,103,124,145,0,-1,-1,-1
14775,739,261,55,120,159,0,-1,-1,-1
14775,742,271,56,81,141,0,-1,-1,-1
14776,741,466,103,167,153,0,-1,-1,-1
14776,739,252,52,96,150,0,-1,-1,-1
14777,741,479,76,92,172,0,-1,-1,-1
14777,739,275,59,82,143,0,-1,-1,-1
14778,741,425,73,150,172,0,-1,-1,-1
14778,742,333,67,97,152,0,-1,-1,-1
14779,741,395,72,173,178,0,-1,-1,-1
14779,742,313,43,99,170,0,-1,-1,-1
14780,741,486,110,150,150,0,-1,-1,-1
14782,741,393,41,152,189,0,-1,-1,-1
14784,741,475,40,114,213,0,-1,-1,-1
14785,741,473,57,160,203,0,-1,-1,-1
14786,741,547,2,84,74,0,-1,-1,-1
14787,741,246,53,156,144,0,-1,-1,-1
14788,741,372,92,176,149,0,-1,-1,-1
14791,741,516,75,114,181,0,-1,-1,-1
14792,741,545,67,95,198,0,-1,-1,-1
14793,741,530,77,107,188,0,-1,-1,-1
14794,741,503,85,134,184,0,-1,-1,-1
14795,741,503,97,136,174,0,-1,-1,-1
14796,741,462,68,172,189,0,-1,-1,-1
14797,741,457,57,117,189,0,-1,-1,-1
14798,741,472,42,145,202,0,-1,-1,-1
14799,741,503,40,115,209,0,-1,-1,-1
14800,741,471,78,107,169,0,-1,-1,-1
14800,743,173,11,133,183,0,-1,-1,-1
14801,741,484,57,104,184,0,-1,-1,-1
14801,744,485,0,75,121,0,-1,-1,-1
14802,741,482,80,110,177,0,-1,-1,-1
14803,741,443,67,91,175,0,-1,-1,-1
14803,745,310,1,90,200,0,-1,-1,-1
14804,741,418,60,154,181,0,-1,-1,-1
14805,741,449,64,106,178,0,-1,-1,-1
14806,741,418,67,147,170,0,-1,-1,-1
14807,741,407,56,102,181,0,-1,-1,-1
14807,746,550,44,88,224,0,-1,-1,-1
14808,741,437,55,166,191,0,-1,-1,-1
14809,741,478,33,141,218,0,-1,-1,-1
14809,747,322,43,101,172,0,-1,-1,-1
14810,741,450,53,123,188,0,-1,-1,-1
14811,741,423,41,97,193,0,-1,-1,-1
14811,747,532,38,104,219,0,-1,-1,-1
14811,748,306,23,116,190,0,-1,-1,-1
14812,748,377,31,89,195,0,-1,-1,-1
14812,747,562,37,78,234,0,-1,-1,-1
14812,741,451,60,104,183,0,-1,-1,-1
14813,748,378,32,103,200,0,-1,-1,-1
14813,741,500,64,126,191,0,-1,-1,-1
14814,748,421,31,113,212,0,-1,-1,-1
14815,748,472,35,99,216,0,-1,-1,-1
14816,748,441,16,135,223,0,-1,-1,-1
14816,741,544,48,95,218,0,-1,-1,-1
14817,748,557,32,82,233,0,-1,-1,-1
14818,748,488,17,135,240,0,-1,-1,-1
14818,741,466,8,82,231,0,-1,-1,-1
14819,748,444,28,83,210,0,-1,-1,-1
14819,741,565,0,75,238,0,-1,-1,-1
14820,741,565,40,74,224,0,-1,-1,-1
14821,741,490,43,106,209,0,-1,-1,-1
14822,741,554,51,86,220,0,-1,-1,-1
14823,741,485,38,93,204,0,-1,-1,-1
14823,749,449,36,91,206,0,-1,-1,-1
14825,749,425,34,105,205,0,-1,-1,-1
14825,741,483,22,88,220,0,-1,-1,-1
14826,749,423,38,97,199,0,-1,-1,-1
14826,741,476,28,85,212,0,-1,-1,-1
14827,749,458,29,121,215,0,-1,-1,-1
14828,749,505,32,96,217,0,-1,-1,-1
14830,749,504,44,116,212,0,-1,-1,-1
14831,749,546,32,94,233,0,-1,-1,-1
14832,749,438,7,105,231,0,-1,-1,-1
14833,749,431,21,93,220,0,-1,-1,-1
14833,750,490,22,73,224,0,-1,-1,-1
14834,749,420,13,74,223,0,-1,-1,-1
14834,750,559,28,78,236,0,-1,-1,-1
14841,751,454,112,101,131,0,-1,-1,-1
14849,752,540,5,100,262,0,-1,-1,-1
14853,753,485,2,150,253,0,-1,-1,-1
14854,753,507,8,122,245,0,-1,-1,-1
14855,753,488,1,86,226,0,-1,-1,-1
14855,754,557,29,82,234,0,-1,-1,-1
14856,754,563,0,73,240,0,-1,-1,-1
14857,754,524,0,72,245,0,-1,-1,-1
14858,754,484,0,83,241,0,-1,-1,-1
14859,754,421,6,67,232,0,-1,-1,-1
14860,754,550,0,88,257,0,-1,-1,-1
14864,755,451,39,95,209,0,-1,-1,-1
14865,755,557,5,77,252,0,-1,-1,-1
14866,755,539,1,99,268,0,-1,-1,-1
14870,756,559,0,78,247,0,-1,-1,-1
14874,757,425,6,135,235,0,-1,-1,-1
14875,757,555,1,83,264,0,-1,-1,-1
14877,757,558,0,79,263,0,-1,-1,-1
14878,757,525,6,111,256,0,-1,-1,-1
14879,757,498,2,127,245,0,-1,-1,-1
14880,757,501,22,96,233,0,-1,-1,-1
14880,758,549,6,83,243,0,-1,-1,-1
14881,757,517,0,95,255,0,-1,-1,-1
14882,757,522,0,82,234,0,-1,-1,-1
14882,758,544,23,94,234,0,-1,-1,-1
14883,758,502,0,94,232,0,-1,-1,-1
14886,758,477,0,71,242,0,-1,-1,-1
14888,758,585,0,55,254,0,-1,-1,-1
14890,758,441,0,105,217,0,-1,-1,-1
14891,758,483,0,76,246,0,-1,-1,-1
14892,758,585,0,54,257,0,-1,-1,-1
14894,758,540,1,98,253,0,-1,-1,-1
14895,758,533,2,105,245,0,-1,-1,-1
14896,758,530,0,108,257,0,-1,-1,-1
14897,758,519,10,120,248,0,-1,-1,-1
14897,759,462,4,78,196,0,-1,-1,-1
14898,759,451,0,149,231,0,-1,-1,-1
14899,759,476,28,118,224,0,-1,-1,-1
14902,759,473,52,110,192,0,-1,-1,-1
14903,759,462,34,124,208,0,-1,-1,-1
14905,759,484,28,93,211,0,-1,-1,-1
14905,760,539,59,101,203,0,-1,-1,-1
14906,759,525,2,80,236,0,-1,-1,-1
14906,760,549,10,86,246,0,-1,-1,-1
14907,759,503,3,92,248,0,-1,-1,-1
14907,760,531,12,105,244,0,-1,-1,-1
14908,760,487,14,79,237,0,-1,-1,-1
14909,760,512,22,93,232,0,-1,-1,-1
14909,759,536,42,101,217,0,-1,-1,-1
14910,760,454,9,90,221,0,-1,-1,-1
14910,759,539,33,100,226,0,-1,-1,-1
14911,760,475,14,81,225,0,-1,-1,-1
14911,759,547,40,91,226,0,-1,-1,-1
14912,760,468,21,104,227,0,-1,-1,-1
14913,760,524,24,113,235,0,-1,-1,-1
14914,760,527,13,108,235,0,-1,-1,-1
14968,761,366,38,96,188,0,-1,-1,-1
14979,762,464,101,158,161,0,-1,-1,-1
14990,763,269,71,126,148,0,-1,-1,-1
14991,764,359,107,143,129,0,-1,-1,-1
14992,764,485,77,140,183,0,-1,-1,-1
14994,765,414,127,92,107,0,-1,-1,-1
14999,766,90,50,91,113,0,-1,-1,-1
15000,766,232,71,105,122,0,-1,-1,-1
15003,766,404,77,158,170,0,-1,-1,-1
15004,766,483,46,117,202,0,-1,-1,-1
15004,767,399,39,142,198,0,-1,-1,-1
15005,766,481,36,148,220,0,-1,-1,-1
15009,768,434,54,128,186,0,-1,-1,-1
15009,769,501,70,123,184,0,-1,-1,-1
15010,768,337,87,139,145,0,-1,-1,-1
15011,768,396,139,171,110,0,-1,-1,-1
15012,768,407,119,190,139,0,-1,-1,-1
15013,768,448,112,188,155,0,-1,-1,-1
15014,768,441,115,189,157,0,-1,-1,-1
15015,768,421,119,185,139,0,-1,-1,-1
15016,768,429,119,184,143,0,-1,-1,-1
15017,768,451,91,183,177,0,-1,-1,-1
15018,768,407,80,177,173,0,-1,-1,-1
15019,768,214,53,123,144,0,-1,-1,-1
15020,770,451,3,76,137,0,-1,-1,-1
15020,771,512,5,81,146,0,-1,-1,-1
15023,772,469,96,103,156,0,-1,-1,-1
15024,772,411,89,149,156,0,-1,-1,-1
15025,773,480,117,157,153,0,-1,-1,-1
15028,773,454,85,140,171,0,-1,-1,-1
15029,773,406,123,124,117,0,-1,-1,-1
15030,773,322,80,209,156,0,-1,-1,-1
15031,773,377,49,107,177,0,-1,-1,-1
15032,773,390,93,132,151,0,-1,-1,-1
15033,773,404,94,133,147,0,-1,-1,-1
15034,773,400,91,125,147,0,-1,-1,-1
15048,774,502,63,117,198,0,-1,-1,-1
15065,775,473,95,167,184,0,-1,-1,-1
15068,775,530,77,107,191,0,-1,-1,-1
15070,776,298,96,146,127,0,-1,-1,-1
15071,776,416,89,184,162,0,-1,-1,-1
15072,776,248,76,180,146,0,-1,-1,-1
15075,776,256,60,145,145,0,-1,-1,-1
15076,777,291,10,110,205,0,-1,-1,-1
15077,777,383,76,176,165,0,-1,-1,-1
15078,777,462,84,98,160,0,-1,-1,-1
15085,778,471,115,169,184,0,-1,-1,-1
15086,778,384,31,177,202,0,-1,-1,-1
15087,778,306,24,195,202,0,-1,-1,-1
15088,778,336,13,232,231,0,-1,-1,-1
15089,778,323,39,139,180,0,-1,-1,-1
15090,778,349,29,134,201,0,-1,-1,-1
15091,778,507,47,111,213,0,-1,-1,-1
15091,779,408,66,115,170,0,-1,-1,-1
15092,778,539,39,99,223,0,-1,-1,-1
15093,778,541,84,98,204,0,-1,-1,-1
15093,779,473,78,131,185,0,-1,-1,-1
15094,779,409,17,136,219,0,-1,-1,-1
15096,779,300,20,103,193,0,-1,-1,-1
15096,778,376,15,135,221,0,-1,-1,-1
15097,779,292,21,109,191,0,-1,-1,-1
15098,779,324,39,103,176,0,-1,-1,-1
15098,778,228,55,112,145,0,-1,-1,-1
15099,779,231,79,146,130,0,-1,-1,-1
15100,779,431,77,193,173,0,-1,-1,-1
15102,780,403,64,180,175,0,-1,-1,-1
15103,780,468,93,129,163,0,-1,-1,-1
15104,780,413,79,174,162,0,-1,-1,-1
15105,780,356,71,253,167,0,-1,-1,-1
15105,781,313,91,92,117,0,-1,-1,-1
15106,781,310,87,93,120,0,-1,-1,-1
15108,781,546,93,93,197,0,-1,-1,-1
15109,782,377,72,109,162,0,-1,-1,-1
15111,782,467,78,150,177,0,-1,-1,-1
15112,782,368,82,149,157,0,-1,-1,-1
15115,782,437,82,189,178,0,-1,-1,-1
15116,783,448,59,103,185,0,-1,-1,-1
15117,784,316,119,89,92,0,-1,-1,-1
15120,784,309,54,125,163,0,-1,-1,-1
15120,785,402,103,153,140,0,-1,-1,-1
15121,784,312,46,186,167,0,-1,-1,-1
15123,784,277,64,117,146,0,-1,-1,-1
15123,786,187,106,77,77,0,-1,-1,-1
15125,784,480,50,94,203,0,-1,-1,-1
15126,784,365,84,151,159,0,-1,-1,-1
15172,787,409,59,89,171,0,-1,-1,-1
15173,787,469,0,64,127,0,-1,-1,-1
15173,788,604,3,24,53,0,-1,-1,-1
15174,788,493,0,66,85,0,-1,-1,-1
15175,788,492,3,72,83,0,-1,-1,-1
15181,789,530,1,34,52,0,-1,-1,-1
15288,790,531,10,91,225,0,-1,-1,-1
15541,791,276,74,84,114,0,-1,-1,-1
15590,792,465,1,80,150,0,-1,-1,-1
15639,793,461,15,109,201,0,-1,-1,-1
15703,794,521,0,79,121,0,-1,-1,-1
15779,795,464,4,95,196,0,-1,-1,-1
15781,795,301,77,89,134,0,-1,-1,-1
15781,796,510,3,94,241,0,-1,-1,-1
15781,797,572,0,67,258,0,-1,-1,-1
15782,796,474,0,88,149,0,-1,-1,-1
15782,795,397,2,59,143,0,-1,-1,-1
15822,798,425,15,97,217,0,-1,-1,-1
16030,799,400,39,108,196,0,-1,-1,-1
16172,800,533,25,105,237,0,-1,-1,-1
16173,800,484,30,122,226,0,-1,-1,-1
16174,800,497,35,104,215,0,-1,-1,-1
16175,800,454,34,89,206,0,-1,-1,-1
16176,800,483,44,90,203,0,-1,-1,-1
16176,801,372,36,84,186,0,-1,-1,-1
16177,801,473,3,97,241,0,-1,-1,-1
16177,802,353,28,89,193,0,-1,-1,-1
16178,801,463,5,64,111,0,-1,-1,-1
16183,803,513,2,38,60,0,-1,-1,-1
16184,803,514,2,37,60,0,-1,-1,-1
16185,803,513,0,37,60,0,-1,-1,-1
16186,803,513,0,39,61,0,-1,-1,-1
16194,804,513,0,39,60,0,-1,-1,-1
16195,804,513,0,39,61,0,-1,-1,-1
16197,804,513,2,37,56,0,-1,-1,-1
16226,805,509,3,37,57,0,-1,-1,-1
16557,806,562,28,75,244,0,-1,-1,-1
