3611,0,358,1,116,213,0,-1,-1,-1
3937,1,377,28,85,194,0,-1,-1,-1
3952,2,358,56,116,164,0,-1,-1,-1
4161,3,294,89,109,110,0,-1,-1,-1
4181,4,526,0,54,100,0,-1,-1,-1
4195,5,287,97,89,95,0,-1,-1,-1
4241,6,559,10,76,218,0,-1,-1,-1
4272,7,508,24,86,202,0,-1,-1,-1
4273,7,550,16,88,197,0,-1,-1,-1
4285,8,511,0,102,225,0,-1,-1,-1
4287,8,258,66,92,124,0,-1,-1,-1
4315,9,426,18,107,187,0,-1,-1,-1
4330,10,301,103,109,99,0,-1,-1,-1
4347,11,596,0,42,102,0,-1,-1,-1
4352,12,412,19,80,173,0,-1,-1,-1
4354,12,409,24,89,167,0,-1,-1,-1
4566,13,301,93,103,102,0,-1,-1,-1
4966,14,414,18,99,197,0,-1,-1,-1
5101,15,429,50,95,180,0,-1,-1,-1
5103,15,572,0,52,95,0,-1,-1,-1
5194,16,514,35,87,210,0,-1,-1,-1
5237,17,247,98,86,87,0,-1,-1,-1
5406,18,542,31,96,235,0,-1,-1,-1
5455,19,459,65,112,176,0,-1,-1,-1
5466,20,506,14,101,224,0,-1,-1,-1
5467,20,576,0,61,241,0,-1,-1,-1
5740,21,579,0,56,96,0,-1,-1,-1
5821,22,523,28,86,223,0,-1,-1,-1
5860,23,281,91,63,96,0,-1,-1,-1
5929,24,464,0,72,126,0,-1,-1,-1
5942,25,472,99,130,165,0,-1,-1,-1
6001,26,424,17,90,215,0,-1,-1,-1
6064,27,403,112,159,137,0,-1,-1,-1
6069,28,411,138,183,118,0,-1,-1,-1
6225,29,560,0,71,99,0,-1,-1,-1
6274,30,475,3,97,205,0,-1,-1,-1
6491,31,391,13,133,209,0,-1,-1,-1
6502,32,273,97,108,91,0,-1,-1,-1
6698,33,363,0,105,207,0,-1,-1,-1
6707,34,514,61,108,194,0,-1,-1,-1
6708,34,478,0,73,162,0,-1,-1,-1
6709,34,560,0,64,101,0,-1,-1,-1
6787,35,516,69,95,188,0,-1,-1,-1
6822,36,445,76,134,162,0,-1,-1,-1
7019,37,517,0,61,121,0,-1,-1,-1
7020,37,528,0,51,95,0,-1,-1,-1
7047,38,548,0,90,230,0,-1,-1,-1
7064,39,549,2,86,254,0,-1,-1,-1
7082,40,399,40,101,184,0,-1,-1,-1
7105,41,356,8,110,198,0,-1,-1,-1
7123,42,562,0,65,98,0,-1,-1,-1
7184,43,446,44,97,189,0,-1,-1,-1
7190,44,345,33,94,172,0,-1,-1,-1
7191,44,347,44,84,140,0,-1,-1,-1
7192,44,341,42,89,146,0,-1,-1,-1
7196,45,341,40,88,169,0,-1,-1,-1
7208,46,342,42,87,167,0,-1,-1,-1
7237,47,542,0,78,146,0,-1,-1,-1
7250,48,556,34,83,236,0,-1,-1,-1
7251,48,525,30,110,221,0,-1,-1,-1
7252,48,540,26,96,251,0,-1,-1,-1
7252,49,463,11,83,229,0,-1,-1,-1
7253,48,543,27,96,241,0,-1,-1,-1
7254,48,547,30,90,239,0,-1,-1,-1
7256,48,537,37,99,232,0,-1,-1,-1
7257,48,540,41,88,225,0,-1,-1,-1
7258,48,527,36,105,227,0,-1,-1,-1
7259,48,374,10,88,210,0,-1,-1,-1
7259,50,535,35,98,229,0,-1,-1,-1
7260,50,531,37,104,231,0,-1,-1,-1
7262,50,532,42,102,223,0,-1,-1,-1
7263,50,529,39,106,228,0,-1,-1,-1
7264,50,525,40,112,196,0,-1,-1,-1
7265,50,486,38,89,214,0,-1,-1,-1
7266,51,511,31,95,223,0,-1,-1,-1
7267,51,481,39,134,222,0,-1,-1,-1
7268,51,489,33,102,216,0,-1,-1,-1
7269,51,509,31,102,224,0,-1,-1,-1
7270,51,494,35,101,212,0,-1,-1,-1
7270,52,570,49,68,223,0,-1,-1,-1
7271,51,509,33,98,213,0,-1,-1,-1
7272,51,497,34,98,217,0,-1,-1,-1
7272,52,561,33,79,238,0,-1,-1,-1
7273,51,474,35,103,216,0,-1,-1,-1
7274,51,474,37,105,218,0,-1,-1,-1
7275,51,471,35,101,218,0,-1,-1,-1
7276,51,468,29,98,218,0,-1,-1,-1
7277,51,471,38,122,209,0,-1,-1,-1
7278,51,475,41,120,205,0,-1,-1,-1
7279,51,472,48,128,199,0,-1,-1,-1
7280,51,472,31,105,217,0,-1,-1,-1
7281,51,473,30,99,219,0,-1,-1,-1
7281,53,553,34,85,229,0,-1,-1,-1
7282,51,475,27,95,225,0,-1,-1,-1
7282,53,564,28,70,242,0,-1,-1,-1
7283,51,550,22,81,225,0,-1,-1,-1
7285,54,480,27,90,224,0,-1,-1,-1
7285,51,553,27,82,234,0,-1,-1,-1
7286,54,481,30,89,218,0,-1,-1,-1
7286,51,554,24,81,246,0,-1,-1,-1
7287,54,477,35,98,206,0,-1,-1,-1
7288,54,485,30,101,216,0,-1,-1,-1
7289,54,485,33,109,215,0,-1,-1,-1
7290,54,494,42,98,213,0,-1,-1,-1
7295,55,450,39,92,198,0,-1,-1,-1
7296,55,446,36,101,191,0,-1,-1,-1
7298,55,508,21,88,229,0,-1,-1,-1
7298,56,415,33,92,199,0,-1,-1,-1
7299,55,513,20,71,230,0,-1,-1,-1
7299,56,413,29,89,203,0,-1,-1,-1
7300,55,510,21,82,233,0,-1,-1,-1
7300,56,414,30,93,196,0,-1,-1,-1
7301,56,408,38,94,181,0,-1,-1,-1
7301,57,508,50,114,220,0,-1,-1,-1
7302,56,407,38,99,179,0,-1,-1,-1
7302,55,507,24,101,217,0,-1,-1,-1
7303,56,423,28,86,207,0,-1,-1,-1
7303,55,488,17,69,231,0,-1,-1,-1
7304,56,499,19,94,237,0,-1,-1,-1
7304,58,413,20,98,211,0,-1,-1,-1
7305,58,411,25,95,199,0,-1,-1,-1
7306,58,402,28,104,195,0,-1,-1,-1
7306,56,494,43,128,220,0,-1,-1,-1
7307,58,495,24,102,232,0,-1,-1,-1
7307,56,412,26,96,209,0,-1,-1,-1
7308,56,412,29,98,200,0,-1,-1,-1
7308,58,503,24,96,233,0,-1,-1,-1
7309,56,500,25,105,239,0,-1,-1,-1
7309,58,402,28,99,193,0,-1,-1,-1
7310,58,498,40,124,224,0,-1,-1,-1
7310,56,394,28,94,201,0,-1,-1,-1
7311,56,499,22,90,232,0,-1,-1,-1
7311,58,393,30,93,200,0,-1,-1,-1
7312,56,478,23,115,221,0,-1,-1,-1
7312,58,394,32,93,195,0,-1,-1,-1
7313,56,452,76,139,180,0,-1,-1,-1
7313,58,394,34,95,160,0,-1,-1,-1
7314,58,501,48,122,222,0,-1,-1,-1
7314,56,389,31,87,200,0,-1,-1,-1
7314,59,426,35,90,203,0,-1,-1,-1
7315,58,506,70,119,193,0,-1,-1,-1
7315,56,442,34,84,197,0,-1,-1,-1
7315,59,385,27,82,197,0,-1,-1,-1
7316,58,480,65,148,194,0,-1,-1,-1
7316,59,385,39,88,155,0,-1,-1,-1
7317,59,473,75,117,183,0,-1,-1,-1
7317,60,376,34,99,175,0,-1,-1,-1
7318,59,561,11,74,242,0,-1,-1,-1
7318,60,366,32,86,185,0,-1,-1,-1
7318,61,444,37,81,201,0,-1,-1,-1
7319,61,435,8,100,220,0,-1,-1,-1
7320,61,191,50,96,124,0,-1,-1,-1
7367,62,446,16,100,214,0,-1,-1,-1
7394,63,291,56,104,139,0,-1,-1,-1
7459,64,448,127,111,117,0,-1,-1,-1
7479,65,497,1,67,105,0,-1,-1,-1
7520,66,571,1,69,107,0,-1,-1,-1
7551,67,451,48,74,165,0,-1,-1,-1
7561,68,563,0,66,114,0,-1,-1,-1
7568,69,308,20,170,190,0,-1,-1,-1
7589,70,553,0,79,137,0,-1,-1,-1
7592,70,496,1,109,239,0,-1,-1,-1
7688,71,519,10,98,242,0,-1,-1,-1
7695,72,597,1,40,96,0,-1,-1,-1
7706,73,543,0,82,157,0,-1,-1,-1
7709,74,379,5,88,212,0,-1,-1,-1
7716,75,444,7,80,229,0,-1,-1,-1
7717,75,289,12,93,202,0,-1,-1,-1
7717,76,393,10,123,222,0,-1,-1,-1
7718,77,411,113,124,130,0,-1,-1,-1
7722,78,444,9,95,223,0,-1,-1,-1
7797,79,442,116,177,150,0,-1,-1,-1
7802,80,509,0,68,121,0,-1,-1,-1
7804,81,338,67,79,138,0,-1,-1,-1
7808,82,556,0,73,109,0,-1,-1,-1
7814,83,561,0,74,129,0,-1,-1,-1
7814,84,457,0,62,150,0,-1,-1,-1
7844,85,432,6,101,199,0,-1,-1,-1
7913,86,569,0,55,116,0,-1,-1,-1
8037,87,506,112,132,163,0,-1,-1,-1
8046,88,517,110,123,164,0,-1,-1,-1
8047,88,506,113,132,164,0,-1,-1,-1
8050,89,506,73,102,186,0,-1,-1,-1
8060,90,558,0,76,126,0,-1,-1,-1
8061,91,385,77,144,164,0,-1,-1,-1
8066,92,497,109,140,153,0,-1,-1,-1
8067,92,495,104,139,155,0,-1,-1,-1
8068,92,486,98,138,162,0,-1,-1,-1
8072,93,439,105,128,136,0,-1,-1,-1
8146,94,510,111,130,172,0,-1,-1,-1
8146,95,354,107,129,127,0,-1,-1,-1
8147,94,513,96,127,178,0,-1,-1,-1
8147,96,378,106,108,121,0,-1,-1,-1
8148,94,518,100,122,173,0,-1,-1,-1
8148,96,378,108,104,114,0,-1,-1,-1
8149,94,517,100,123,173,0,-1,-1,-1
8150,97,513,107,125,164,0,-1,-1,-1
8184,98,433,2,127,207,0,-1,-1,-1
8258,99,453,117,85,119,0,-1,-1,-1
8265,100,496,132,109,128,0,-1,-1,-1
8289,101,493,0,66,103,0,-1,-1,-1
8388,102,517,1,52,113,0,-1,-1,-1
8389,103,519,1,73,127,0,-1,-1,-1
8390,103,522,4,68,123,0,-1,-1,-1
8403,104,255,34,124,165,0,-1,-1,-1
8406,104,164,41,102,126,0,-1,-1,-1
8448,105,223,84,70,81,0,-1,-1,-1
8449,106,533,3,78,219,0,-1,-1,-1
8458,107,546,0,92,209,0,-1,-1,-1
8459,107,234,75,90,103,0,-1,-1,-1
8483,108,308,41,117,162,0,-1,-1,-1
8486,109,536,5,71,233,0,-1,-1,-1
8486,110,440,6,74,190,0,-1,-1,-1
8504,111,509,0,98,201,0,-1,-1,-1
8505,111,508,62,102,187,0,-1,-1,-1
8507,111,487,58,94,197,0,-1,-1,-1
8508,111,517,55,91,204,0,-1,-1,-1
8509,111,516,55,96,206,0,-1,-1,-1
8510,111,522,60,103,200,0,-1,-1,-1
8512,111,518,62,96,192,0,-1,-1,-1
8513,111,519,59,96,195,0,-1,-1,-1
8515,111,523,58,98,202,0,-1,-1,-1
8516,111,524,62,97,199,0,-1,-1,-1
8517,111,522,61,97,199,0,-1,-1,-1
8518,111,524,61,97,198,0,-1,-1,-1
8519,111,515,63,103,194,0,-1,-1,-1
8520,111,518,59,107,196,0,-1,-1,-1
8521,111,516,71,124,190,0,-1,-1,-1
8522,111,518,71,119,188,0,-1,-1,-1
8523,111,520,67,119,192,0,-1,-1,-1
8524,111,524,66,115,196,0,-1,-1,-1
8525,111,524,61,102,198,0,-1,-1,-1
8526,111,510,58,87,195,0,-1,-1,-1
8527,112,409,6,103,229,0,-1,-1,-1
8527,111,520,57,92,204,0,-1,-1,-1
8528,111,520,59,89,200,0,-1,-1,-1
8529,111,518,59,91,201,0,-1,-1,-1
8532,111,518,56,94,200,0,-1,-1,-1
8533,111,519,60,98,206,0,-1,-1,-1
8535,111,502,59,103,192,0,-1,-1,-1
8536,111,506,59,98,195,0,-1,-1,-1
8537,111,507,59,94,191,0,-1,-1,-1
8538,111,486,59,100,186,0,-1,-1,-1
8539,111,499,57,98,197,0,-1,-1,-1
8540,111,502,57,101,198,0,-1,-1,-1
8541,111,505,59,97,193,0,-1,-1,-1
8542,111,507,56,93,201,0,-1,-1,-1
8543,111,505,56,97,200,0,-1,-1,-1
8544,111,500,57,102,200,0,-1,-1,-1
8545,111,501,57,101,199,0,-1,-1,-1
8546,111,502,55,101,203,0,-1,-1,-1
8547,111,503,56,99,200,0,-1,-1,-1
8548,111,503,57,97,201,0,-1,-1,-1
8549,111,504,56,96,202,0,-1,-1,-1
8550,111,517,54,96,203,0,-1,-1,-1
8551,111,521,59,104,204,0,-1,-1,-1
8552,111,520,59,102,205,0,-1,-1,-1
8553,111,521,60,103,203,0,-1,-1,-1
8554,111,522,59,101,201,0,-1,-1,-1
8555,111,522,59,101,203,0,-1,-1,-1
8556,111,495,38,97,197,0,-1,-1,-1
8557,111,522,60,88,198,0,-1,-1,-1
8558,113,521,58,100,201,0,-1,-1,-1
8559,113,522,60,100,201,0,-1,-1,-1
8560,113,499,53,105,198,0,-1,-1,-1
8561,113,510,54,107,204,0,-1,-1,-1
8563,113,520,55,92,203,0,-1,-1,-1
8564,113,523,53,87,208,0,-1,-1,-1
8565,113,523,57,83,204,0,-1,-1,-1
8566,113,511,55,117,206,0,-1,-1,-1
8567,113,514,57,94,203,0,-1,-1,-1
8568,113,517,68,84,124,0,-1,-1,-1
8568,114,516,56,92,198,0,-1,-1,-1
8569,114,516,58,88,193,0,-1,-1,-1
8570,114,516,55,94,204,0,-1,-1,-1
8573,114,525,75,85,133,0,-1,-1,-1
8574,114,520,56,85,203,0,-1,-1,-1
8576,114,520,59,86,200,0,-1,-1,-1
8577,114,520,59,85,196,0,-1,-1,-1
8578,114,522,58,88,199,0,-1,-1,-1
8579,114,521,61,91,194,0,-1,-1,-1
8580,114,521,58,89,197,0,-1,-1,-1
8581,114,520,60,87,195,0,-1,-1,-1
8582,115,450,59,87,178,0,-1,-1,-1
8582,114,337,105,128,115,0,-1,-1,-1
8592,116,569,0,63,138,0,-1,-1,-1
8622,117,450,0,84,124,0,-1,-1,-1
8690,118,574,1,63,241,0,-1,-1,-1
8691,118,479,43,104,197,0,-1,-1,-1
8694,119,501,22,99,231,0,-1,-1,-1
8694,120,427,0,66,147,0,-1,-1,-1
8696,120,413,25,91,212,0,-1,-1,-1
8696,119,505,2,91,240,0,-1,-1,-1
8697,120,530,21,106,237,0,-1,-1,-1
8697,119,346,58,88,139,0,-1,-1,-1
8698,121,372,61,114,168,0,-1,-1,-1
8699,121,481,31,149,220,0,-1,-1,-1
8700,121,346,41,96,171,0,-1,-1,-1
8701,122,437,29,115,211,0,-1,-1,-1
8701,123,513,177,124,92,0,-1,-1,-1
8702,122,440,30,115,203,0,-1,-1,-1
8703,122,416,21,184,212,0,-1,-1,-1
8704,122,439,23,119,222,0,-1,-1,-1
8705,122,544,36,94,236,0,-1,-1,-1
8706,122,522,27,116,230,0,-1,-1,-1
8707,122,527,45,112,227,0,-1,-1,-1
8708,122,515,39,117,222,0,-1,-1,-1
8709,124,451,33,99,207,0,-1,-1,-1
8710,124,359,19,109,196,0,-1,-1,-1
8711,124,414,98,100,135,0,-1,-1,-1
8711,122,305,50,110,155,0,-1,-1,-1
8712,124,445,107,109,138,0,-1,-1,-1
8712,125,373,64,91,147,0,-1,-1,-1
8713,125,293,125,257,129,0,-1,-1,-1
8714,126,393,68,155,177,0,-1,-1,-1
8717,126,337,85,138,138,0,-1,-1,-1
8717,127,512,187,86,69,0,-1,-1,-1
8718,127,358,100,133,130,0,-1,-1,-1
8719,126,260,81,106,108,0,-1,-1,-1
8719,127,548,178,91,84,0,-1,-1,-1
8719,128,416,138,98,92,0,-1,-1,-1
8720,128,401,90,152,157,0,-1,-1,-1
8720,126,267,73,109,118,0,-1,-1,-1
8721,129,495,55,99,209,0,-1,-1,-1
8721,128,282,49,95,142,0,-1,-1,-1
8722,130,418,98,93,138,0,-1,-1,-1
8722,129,532,8,100,240,0,-1,-1,-1
8724,131,321,77,98,129,0,-1,-1,-1
8736,132,430,133,103,102,0,-1,-1,-1
8736,133,509,140,100,118,0,-1,-1,-1
8744,134,297,34,121,167,0,-1,-1,-1
8748,135,543,1,74,102,0,-1,-1,-1
8775,136,361,0,84,216,0,-1,-1,-1
8815,137,435,35,91,205,0,-1,-1,-1
8951,138,474,56,127,207,0,-1,-1,-1
8952,138,578,8,62,231,0,-1,-1,-1
8956,139,500,5,100,245,0,-1,-1,-1
8963,140,466,0,94,233,0,-1,-1,-1
8964,140,553,0,79,238,0,-1,-1,-1
8966,140,558,0,81,228,0,-1,-1,-1
8968,140,539,0,88,225,0,-1,-1,-1
9004,141,588,0,52,96,0,-1,-1,-1
9028,142,457,2,97,238,0,-1,-1,-1
9031,142,485,5,88,222,0,-1,-1,-1
9031,143,411,8,100,220,0,-1,-1,-1
9031,144,380,18,108,204,0,-1,-1,-1
9032,145,260,28,95,154,0,-1,-1,-1
9032,146,312,51,114,156,0,-1,-1,-1
9032,143,563,3,66,117,0,-1,-1,-1
9032,144,516,1,63,115,0,-1,-1,-1
9033,144,472,153,96,86,0,-1,-1,-1
9034,144,482,40,105,202,0,-1,-1,-1
9035,144,561,0,68,146,0,-1,-1,-1
9036,144,563,0,72,93,0,-1,-1,-1
9044,147,495,0,64,163,0,-1,-1,-1
9045,147,569,0,61,88,0,-1,-1,-1
9046,148,241,81,113,106,0,-1,-1,-1
9062,149,375,4,93,206,0,-1,-1,-1
9064,149,389,14,96,212,0,-1,-1,-1
9066,149,544,0,93,171,0,-1,-1,-1
9067,149,549,0,90,171,0,-1,-1,-1
9070,150,442,1,79,130,0,-1,-1,-1
9071,151,561,0,63,125,0,-1,-1,-1
9071,152,456,1,64,132,0,-1,-1,-1
9075,153,485,0,68,130,0,-1,-1,-1
9108,154,499,0,51,108,0,-1,-1,-1
9108,155,562,0,57,98,0,-1,-1,-1
9108,156,431,0,58,122,0,-1,-1,-1
9114,157,316,57,91,139,0,-1,-1,-1
9115,158,496,4,59,141,0,-1,-1,-1
9116,158,512,5,69,139,0,-1,-1,-1
9117,158,516,4,64,140,0,-1,-1,-1
9118,159,262,97,101,95,0,-1,-1,-1
9118,158,514,5,67,137,0,-1,-1,-1
9119,158,513,2,70,139,0,-1,-1,-1
9120,158,514,4,68,139,0,-1,-1,-1
9121,158,499,1,64,145,0,-1,-1,-1
9123,160,531,9,98,240,0,-1,-1,-1
9125,161,234,66,92,116,0,-1,-1,-1
9129,162,555,11,83,225,0,-1,-1,-1
9138,163,446,0,81,125,0,-1,-1,-1
9138,164,201,52,86,114,0,-1,-1,-1
9141,163,373,21,83,194,0,-1,-1,-1
9141,165,467,50,99,192,0,-1,-1,-1
9145,166,458,4,66,152,0,-1,-1,-1
9145,167,526,0,56,139,0,-1,-1,-1
9146,166,455,3,63,150,0,-1,-1,-1
9147,166,450,6,68,146,0,-1,-1,-1
9148,166,593,10,43,119,0,-1,-1,-1
9149,166,588,0,49,106,0,-1,-1,-1
9152,168,448,0,72,116,0,-1,-1,-1
9178,169,563,0,72,140,0,-1,-1,-1
9179,170,376,11,86,207,0,-1,-1,-1
9182,170,236,92,96,92,0,-1,-1,-1
9183,170,236,98,104,89,0,-1,-1,-1
9185,170,233,99,100,87,0,-1,-1,-1
9186,171,495,40,106,212,0,-1,-1,-1
9190,172,537,0,93,239,0,-1,-1,-1
9193,173,395,73,119,166,0,-1,-1,-1
9213,174,565,0,68,136,0,-1,-1,-1
9242,175,459,2,62,116,0,-1,-1,-1
9265,176,557,3,69,165,0,-1,-1,-1
9266,176,336,107,111,101,0,-1,-1,-1
9267,177,285,37,88,157,0,-1,-1,-1
9272,178,499,0,50,133,0,-1,-1,-1
9274,178,543,0,87,133,0,-1,-1,-1
9274,179,445,0,67,127,0,-1,-1,-1
9304,180,548,0,69,120,0,-1,-1,-1
9305,181,445,0,87,137,0,-1,-1,-1
9308,181,448,3,93,132,0,-1,-1,-1
9309,181,456,1,83,137,0,-1,-1,-1
9310,181,481,1,77,135,0,-1,-1,-1
9311,181,479,2,77,125,0,-1,-1,-1
9311,182,444,0,92,126,0,-1,-1,-1
9312,181,468,3,86,126,0,-1,-1,-1
9314,181,472,4,84,126,0,-1,-1,-1
9316,181,461,4,96,126,0,-1,-1,-1
9317,181,478,0,76,132,0,-1,-1,-1
9317,183,446,2,96,124,0,-1,-1,-1
9318,181,465,1,93,128,0,-1,-1,-1
9319,181,481,0,78,130,0,-1,-1,-1
9320,181,476,1,83,130,0,-1,-1,-1
9320,183,446,3,95,122,0,-1,-1,-1
9321,181,485,2,75,128,0,-1,-1,-1
9322,181,479,0,82,130,0,-1,-1,-1
9340,184,439,1,87,208,0,-1,-1,-1
9343,184,318,1,90,195,0,-1,-1,-1
9348,185,463,16,80,221,0,-1,-1,-1
9376,186,456,8,78,199,0,-1,-1,-1
9378,186,448,1,75,132,0,-1,-1,-1
9396,187,549,60,89,212,0,-1,-1,-1
9399,187,345,5,110,207,0,-1,-1,-1
9412,188,493,53,113,200,0,-1,-1,-1
9423,189,410,0,90,220,0,-1,-1,-1
9429,190,362,0,99,204,0,-1,-1,-1
9431,190,552,0,81,149,0,-1,-1,-1
9432,190,547,0,73,98,0,-1,-1,-1
9433,190,486,0,77,128,0,-1,-1,-1
9434,191,450,123,147,137,0,-1,-1,-1
9435,190,449,0,78,120,0,-1,-1,-1
9436,190,446,0,84,120,0,-1,-1,-1
9437,191,495,167,119,91,0,-1,-1,-1
9437,190,445,0,84,122,0,-1,-1,-1
9437,192,374,133,78,85,0,-1,-1,-1
9438,192,514,166,95,94,0,-1,-1,-1
9438,193,481,0,87,120,0,-1,-1,-1
9439,192,514,166,99,95,0,-1,-1,-1
9439,193,480,0,85,121,0,-1,-1,-1
9440,192,300,98,100,104,0,-1,-1,-1
9440,191,515,148,111,119,0,-1,-1,-1
9441,193,487,134,89,116,0,-1,-1,-1
9441,191,304,95,105,106,0,-1,-1,-1
9441,194,451,0,88,131,0,-1,-1,-1
9442,194,458,14,90,227,0,-1,-1,-1
9443,194,477,0,82,135,0,-1,-1,-1
9444,194,476,1,85,135,0,-1,-1,-1
9445,194,540,0,83,116,0,-1,-1,-1
9469,195,394,10,78,204,0,-1,-1,-1
9477,196,486,0,56,128,0,-1,-1,-1
9478,196,458,0,61,131,0,-1,-1,-1
9479,196,456,0,71,134,0,-1,-1,-1
9480,196,447,2,64,131,0,-1,-1,-1
9481,196,434,2,63,130,0,-1,-1,-1
9482,196,464,0,61,136,0,-1,-1,-1
9483,196,493,0,68,136,0,-1,-1,-1
9484,196,490,0,74,134,0,-1,-1,-1
9484,197,429,2,68,124,0,-1,-1,-1
9485,197,497,0,67,137,0,-1,-1,-1
9486,197,489,0,66,138,0,-1,-1,-1
9488,197,552,0,65,114,0,-1,-1,-1
9488,198,444,2,66,123,0,-1,-1,-1
9489,198,517,0,64,129,0,-1,-1,-1
9490,198,450,0,73,128,0,-1,-1,-1
9491,198,552,2,68,118,0,-1,-1,-1
9491,199,454,0,60,127,0,-1,-1,-1
9498,200,592,0,47,94,0,-1,-1,-1
9501,201,431,0,61,122,0,-1,-1,-1
9502,201,530,1,64,136,0,-1,-1,-1
9502,202,431,0,59,122,0,-1,-1,-1
9503,202,531,4,72,125,0,-1,-1,-1
9596,203,536,0,83,155,0,-1,-1,-1
9598,203,426,0,74,161,0,-1,-1,-1
9599,203,438,0,85,150,0,-1,-1,-1
9601,203,440,0,86,155,0,-1,-1,-1
9602,203,440,0,84,152,0,-1,-1,-1
9607,204,441,0,83,154,0,-1,-1,-1
9608,204,441,0,82,152,0,-1,-1,-1
9609,204,441,0,82,153,0,-1,-1,-1
9610,204,441,0,82,155,0,-1,-1,-1
9613,205,426,0,75,145,0,-1,-1,-1
9614,205,419,0,83,146,0,-1,-1,-1
9616,205,428,0,69,149,0,-1,-1,-1
9617,206,481,91,114,166,0,-1,-1,-1
9618,206,426,0,75,149,0,-1,-1,-1
9620,206,429,0,73,149,0,-1,-1,-1
9624,207,425,0,81,152,0,-1,-1,-1
9627,207,575,0,61,88,0,-1,-1,-1
9635,208,272,70,89,122,0,-1,-1,-1
9635,209,446,89,128,156,0,-1,-1,-1
9646,210,458,0,66,147,0,-1,-1,-1
9647,210,452,0,70,139,0,-1,-1,-1
9649,210,480,0,66,149,0,-1,-1,-1
9661,211,469,70,124,174,0,-1,-1,-1
9665,212,451,4,89,209,0,-1,-1,-1
9673,213,449,0,71,133,0,-1,-1,-1
9674,213,441,0,82,140,0,-1,-1,-1
9675,213,444,0,78,140,0,-1,-1,-1
9676,213,443,0,80,139,0,-1,-1,-1
9677,213,442,0,82,140,0,-1,-1,-1
9691,214,245,75,78,107,0,-1,-1,-1
9693,215,298,108,98,87,0,-1,-1,-1
9694,215,303,108,99,90,0,-1,-1,-1
9701,216,441,0,87,120,0,-1,-1,-1
9712,217,484,22,82,218,0,-1,-1,-1
9715,217,542,61,97,199,0,-1,-1,-1
9716,217,528,55,105,197,0,-1,-1,-1
9717,217,486,0,71,145,0,-1,-1,-1
9718,217,492,0,66,140,0,-1,-1,-1
9719,217,489,0,71,142,0,-1,-1,-1
9720,217,495,1,63,137,0,-1,-1,-1
9721,217,558,0,71,101,0,-1,-1,-1
9735,218,426,0,136,141,0,-1,-1,-1
9737,218,452,0,76,130,0,-1,-1,-1
9739,218,458,0,64,123,0,-1,-1,-1
9740,218,467,2,59,123,0,-1,-1,-1
9740,219,534,0,59,146,0,-1,-1,-1
9742,218,566,0,60,96,0,-1,-1,-1
9757,220,444,0,82,128,0,-1,-1,-1
9758,221,481,0,83,136,0,-1,-1,-1
9771,222,428,112,116,126,0,-1,-1,-1
9776,223,453,112,146,148,0,-1,-1,-1
9777,223,463,113,145,148,0,-1,-1,-1
9784,224,532,57,102,194,0,-1,-1,-1
9784,225,454,0,73,150,0,-1,-1,-1
9785,224,453,0,83,144,0,-1,-1,-1
9786,224,302,36,84,158,0,-1,-1,-1
9789,224,268,53,96,130,0,-1,-1,-1
9801,226,514,0,68,153,0,-1,-1,-1
9802,226,514,0,70,150,0,-1,-1,-1
9803,226,553,0,81,146,0,-1,-1,-1
9804,226,544,0,76,142,0,-1,-1,-1
9816,227,440,0,93,113,0,-1,-1,-1
9820,228,511,50,118,211,0,-1,-1,-1
9821,228,493,50,127,208,0,-1,-1,-1
9822,228,495,53,117,201,0,-1,-1,-1
9823,228,509,63,125,198,0,-1,-1,-1
9823,229,391,68,105,166,0,-1,-1,-1
9824,229,376,66,125,165,0,-1,-1,-1
9826,229,438,100,189,160,0,-1,-1,-1
9826,230,239,75,95,109,0,-1,-1,-1
9832,231,239,73,107,110,0,-1,-1,-1
9833,232,323,35,100,165,0,-1,-1,-1
9834,232,343,36,102,168,0,-1,-1,-1
9835,232,344,40,105,166,0,-1,-1,-1
9836,232,344,40,102,168,0,-1,-1,-1
9839,232,343,38,101,165,0,-1,-1,-1
9841,232,345,40,102,167,0,-1,-1,-1
9842,232,341,40,103,167,0,-1,-1,-1
9843,232,348,47,95,161,0,-1,-1,-1
9844,232,330,47,97,146,0,-1,-1,-1
9845,232,332,52,93,150,0,-1,-1,-1
9847,233,386,54,88,157,0,-1,-1,-1
9848,233,549,0,86,126,0,-1,-1,-1
9859,234,568,39,71,230,0,-1,-1,-1
9879,235,444,127,97,113,0,-1,-1,-1
9880,235,456,150,90,89,0,-1,-1,-1
9893,236,550,3,81,197,0,-1,-1,-1
9935,237,511,148,121,120,0,-1,-1,-1
9951,238,466,4,79,224,0,-1,-1,-1
9955,239,552,29,84,189,0,-1,-1,-1
10021,240,511,3,83,138,0,-1,-1,-1
10047,241,467,10,101,228,0,-1,-1,-1
10050,241,372,137,195,107,0,-1,-1,-1
10058,242,538,0,101,255,0,-1,-1,-1
10080,243,419,117,138,127,0,-1,-1,-1
10090,244,582,0,53,125,0,-1,-1,-1
10120,245,443,26,93,211,0,-1,-1,-1
10138,246,566,10,70,132,0,-1,-1,-1
10139,246,455,125,112,116,0,-1,-1,-1
10139,247,211,71,64,93,0,-1,-1,-1
10151,248,422,2,87,211,0,-1,-1,-1
10323,249,513,3,86,196,0,-1,-1,-1
10355,250,478,0,78,239,0,-1,-1,-1
10370,251,487,34,136,226,0,-1,-1,-1
10370,252,307,42,114,158,0,-1,-1,-1
10374,253,482,0,85,221,0,-1,-1,-1
10375,253,497,37,82,211,0,-1,-1,-1
10383,254,533,8,53,103,0,-1,-1,-1
10383,255,588,0,50,107,0,-1,-1,-1
10384,255,443,64,115,179,0,-1,-1,-1
10384,254,328,84,67,106,0,-1,-1,-1
10415,256,569,0,65,132,0,-1,-1,-1
10426,257,367,19,93,189,0,-1,-1,-1
10430,258,505,87,131,179,0,-1,-1,-1
10431,259,534,121,102,143,0,-1,-1,-1
10450,260,520,0,67,129,0,-1,-1,-1
10459,261,487,0,80,227,0,-1,-1,-1
10493,262,575,0,60,128,0,-1,-1,-1
10542,263,603,0,35,93,0,-1,-1,-1
10542,264,512,0,53,100,0,-1,-1,-1
10545,264,294,144,48,44,0,-1,-1,-1
10546,265,420,117,83,105,0,-1,-1,-1
10554,266,409,104,89,122,0,-1,-1,-1
10580,267,516,38,106,231,0,-1,-1,-1
10587,268,566,0,60,116,0,-1,-1,-1
10622,269,562,5,70,111,0,-1,-1,-1
10626,270,446,2,96,190,0,-1,-1,-1
10683,271,249,42,159,158,0,-1,-1,-1
10689,272,569,1,69,119,0,-1,-1,-1
10690,272,468,74,140,185,0,-1,-1,-1
10692,272,460,108,61,124,0,-1,-1,-1
10693,272,293,113,68,77,0,-1,-1,-1
10694,272,504,55,135,214,0,-1,-1,-1
10694,273,214,42,76,130,0,-1,-1,-1
10695,272,490,1,76,214,0,-1,-1,-1
10695,273,567,6,71,258,0,-1,-1,-1
10696,272,405,34,116,197,0,-1,-1,-1
10696,273,534,18,106,247,0,-1,-1,-1
10697,272,509,1,89,225,0,-1,-1,-1
10697,274,358,17,120,203,0,-1,-1,-1
10698,275,412,29,132,213,0,-1,-1,-1
10698,272,548,38,92,230,0,-1,-1,-1
10699,275,419,32,169,220,0,-1,-1,-1
10699,272,259,66,67,106,0,-1,-1,-1
10700,275,421,30,175,222,0,-1,-1,-1
10701,275,404,86,176,169,0,-1,-1,-1
10702,275,409,39,149,199,0,-1,-1,-1
10703,275,412,39,143,208,0,-1,-1,-1
10705,275,432,40,128,199,0,-1,-1,-1
10706,275,423,27,127,212,0,-1,-1,-1
10707,275,406,37,102,184,0,-1,-1,-1
10710,275,336,49,112,166,0,-1,-1,-1
10711,275,350,52,117,166,0,-1,-1,-1
10711,276,528,6,104,249,0,-1,-1,-1
10712,275,315,59,110,149,0,-1,-1,-1
10712,277,468,131,110,113,0,-1,-1,-1
10712,276,569,4,69,260,0,-1,-1,-1
10713,275,516,85,124,186,0,-1,-1,-1
10789,278,474,124,166,147,0,-1,-1,-1
10799,279,467,110,172,174,0,-1,-1,-1
10804,280,555,21,82,255,0,-1,-1,-1
10812,281,499,67,139,205,0,-1,-1,-1
10813,281,509,53,130,203,0,-1,-1,-1
10827,282,451,82,139,170,0,-1,-1,-1
10828,282,560,3,76,249,0,-1,-1,-1
10829,282,502,0,95,149,0,-1,-1,-1
10837,283,542,36,98,235,0,-1,-1,-1
10957,284,234,74,98,111,0,-1,-1,-1
11052,285,599,0,38,96,0,-1,-1,-1
11053,286,570,2,65,227,0,-1,-1,-1
11068,287,446,88,150,167,0,-1,-1,-1
11069,287,520,77,120,184,0,-1,-1,-1
11072,287,557,7,79,207,0,-1,-1,-1
11111,288,384,0,92,204,0,-1,-1,-1
11111,289,488,0,71,143,0,-1,-1,-1
11112,289,347,0,105,208,0,-1,-1,-1
11144,290,489,33,89,215,0,-1,-1,-1
11176,291,438,9,80,98,0,-1,-1,-1
11192,292,558,0,75,125,0,-1,-1,-1
11193,292,560,1,68,123,0,-1,-1,-1
11194,292,569,3,63,120,0,-1,-1,-1
11195,292,557,2,76,123,0,-1,-1,-1
11240,293,372,9,96,206,0,-1,-1,-1
11241,293,568,0,59,90,0,-1,-1,-1
11274,294,507,128,130,132,0,-1,-1,-1
11474,295,505,0,89,243,0,-1,-1,-1
11475,295,476,158,121,92,0,-1,-1,-1
11483,296,544,22,79,222,0,-1,-1,-1
11505,297,440,1,93,192,0,-1,-1,-1
11514,298,500,127,140,140,0,-1,-1,-1
11546,299,225,88,89,90,0,-1,-1,-1
11575,300,562,0,73,109,0,-1,-1,-1
11576,300,565,0,67,91,0,-1,-1,-1
11577,300,568,0,62,90,0,-1,-1,-1
11578,300,566,0,65,89,0,-1,-1,-1
11580,300,565,0,68,89,0,-1,-1,-1
11581,300,562,0,68,89,0,-1,-1,-1
11583,300,564,0,68,92,0,-1,-1,-1
11613,301,551,13,89,262,0,-1,-1,-1
11631,302,224,69,73,102,0,-1,-1,-1
11639,303,465,94,99,152,0,-1,-1,-1
11677,304,422,42,89,185,0,-1,-1,-1
11678,304,486,18,88,233,0,-1,-1,-1
11678,305,358,45,105,163,0,-1,-1,-1
11679,304,366,33,89,188,0,-1,-1,-1
11679,305,481,30,102,214,0,-1,-1,-1
11680,305,535,25,100,233,0,-1,-1,-1
11680,304,434,23,76,212,0,-1,-1,-1
11682,305,498,15,94,235,0,-1,-1,-1
11683,305,496,1,78,249,0,-1,-1,-1
11683,304,312,41,108,164,0,-1,-1,-1
11685,304,510,11,92,243,0,-1,-1,-1
11685,305,365,34,54,158,0,-1,-1,-1
11685,306,295,31,70,164,0,-1,-1,-1
11686,304,530,16,74,236,0,-1,-1,-1
11686,307,443,29,80,209,0,-1,-1,-1
11687,304,529,18,100,238,0,-1,-1,-1
11687,307,421,20,96,209,0,-1,-1,-1
11687,306,309,6,100,203,0,-1,-1,-1
11688,307,427,26,86,207,0,-1,-1,-1
11688,306,507,12,122,245,0,-1,-1,-1
11689,306,524,18,90,234,0,-1,-1,-1
11690,307,522,26,89,225,0,-1,-1,-1
11692,307,509,27,100,223,0,-1,-1,-1
11692,306,315,8,85,202,0,-1,-1,-1
11692,308,440,29,77,211,0,-1,-1,-1
11693,309,457,24,74,214,0,-1,-1,-1
11693,307,538,24,101,235,0,-1,-1,-1
11693,306,303,1,72,198,0,-1,-1,-1
11693,308,389,39,66,170,0,-1,-1,-1
11696,309,475,27,110,217,0,-1,-1,-1
11698,309,552,0,78,258,0,-1,-1,-1
11698,310,458,27,73,215,0,-1,-1,-1
11699,310,455,18,83,219,0,-1,-1,-1
11699,311,346,36,70,163,0,-1,-1,-1
11700,310,455,12,84,226,0,-1,-1,-1
11701,312,510,18,92,231,0,-1,-1,-1
11701,310,390,7,88,215,0,-1,-1,-1
11702,310,450,15,81,214,0,-1,-1,-1
11703,310,446,20,77,214,0,-1,-1,-1
11704,310,461,6,79,234,0,-1,-1,-1
11705,310,496,0,77,212,0,-1,-1,-1
11705,313,363,9,73,201,0,-1,-1,-1
11717,314,410,6,90,209,0,-1,-1,-1
11719,314,521,117,115,145,0,-1,-1,-1
11721,314,456,145,125,105,0,-1,-1,-1
11722,314,486,0,69,138,0,-1,-1,-1
11724,314,520,0,58,123,0,-1,-1,-1
11724,315,421,10,85,205,0,-1,-1,-1
11725,315,483,0,77,120,0,-1,-1,-1
11726,315,495,0,65,116,0,-1,-1,-1
11727,315,496,0,66,116,0,-1,-1,-1
11728,315,374,3,109,197,0,-1,-1,-1
11729,315,500,0,61,114,0,-1,-1,-1
11729,316,366,8,113,194,0,-1,-1,-1
11730,316,398,4,113,192,0,-1,-1,-1
11730,315,498,0,63,115,0,-1,-1,-1
11733,316,352,34,107,174,0,-1,-1,-1
11735,317,408,19,148,214,0,-1,-1,-1
11738,317,450,26,135,213,0,-1,-1,-1
11738,318,329,85,97,126,0,-1,-1,-1
11739,317,427,34,118,205,0,-1,-1,-1
11739,318,352,60,81,149,0,-1,-1,-1
11740,318,347,56,77,150,0,-1,-1,-1
11740,317,431,46,106,190,0,-1,-1,-1
11741,318,348,58,82,154,0,-1,-1,-1
11742,317,405,68,99,142,0,-1,-1,-1
11743,317,506,33,112,228,0,-1,-1,-1
11744,317,513,26,98,226,0,-1,-1,-1
11745,317,513,33,107,224,0,-1,-1,-1
11746,317,373,29,118,187,0,-1,-1,-1
11746,319,388,35,76,163,0,-1,-1,-1
11747,320,272,27,84,160,0,-1,-1,-1
11747,319,495,0,67,113,0,-1,-1,-1
11749,319,357,10,109,188,0,-1,-1,-1
11751,319,434,4,81,222,0,-1,-1,-1
11752,321,542,7,92,227,0,-1,-1,-1
11756,322,498,12,112,241,0,-1,-1,-1
11760,323,371,25,112,189,0,-1,-1,-1
11761,323,347,8,78,206,0,-1,-1,-1
11763,323,285,55,73,136,0,-1,-1,-1
11763,324,379,17,88,197,0,-1,-1,-1
11764,324,436,39,103,203,0,-1,-1,-1
11765,324,493,73,139,196,0,-1,-1,-1
11766,324,497,72,120,165,0,-1,-1,-1
11767,325,472,19,107,228,0,-1,-1,-1
11767,326,395,13,81,220,0,-1,-1,-1
11767,324,439,15,85,224,0,-1,-1,-1
11769,325,318,23,77,171,0,-1,-1,-1
11770,324,563,26,73,248,0,-1,-1,-1
11770,326,288,25,77,155,0,-1,-1,-1
11770,327,421,29,103,202,0,-1,-1,-1
11770,325,220,33,64,127,0,-1,-1,-1
11771,327,171,62,83,103,0,-1,-1,-1
11771,324,265,29,87,151,0,-1,-1,-1
11771,328,442,26,96,205,0,-1,-1,-1
11771,325,556,16,82,251,0,-1,-1,-1
11772,325,211,23,93,147,0,-1,-1,-1
11772,324,565,14,74,247,0,-1,-1,-1
11773,324,512,37,114,225,0,-1,-1,-1
11774,324,550,8,90,251,0,-1,-1,-1
11775,324,213,23,89,142,0,-1,-1,-1
11776,324,220,23,90,148,0,-1,-1,-1
11777,324,251,16,79,160,0,-1,-1,-1
11778,324,238,18,115,171,0,-1,-1,-1
11779,324,243,22,75,150,0,-1,-1,-1
11780,324,225,19,117,163,0,-1,-1,-1
11781,329,178,61,93,104,0,-1,-1,-1
11783,329,206,94,87,84,0,-1,-1,-1
11790,330,226,113,251,101,0,-1,-1,-1
11791,330,221,130,238,84,0,-1,-1,-1
11795,331,455,138,113,110,0,-1,-1,-1
11809,332,401,0,104,235,0,-1,-1,-1
11814,333,511,5,96,255,0,-1,-1,-1
11814,334,377,98,78,117,0,-1,-1,-1
11815,333,510,8,103,246,0,-1,-1,-1
11816,333,514,0,104,261,0,-1,-1,-1
11816,334,381,33,87,186,0,-1,-1,-1
11817,334,490,30,84,220,0,-1,-1,-1
11818,334,542,40,97,210,0,-1,-1,-1
11819,335,347,25,106,195,0,-1,-1,-1
11820,335,472,14,81,219,0,-1,-1,-1
11821,335,476,14,87,222,0,-1,-1,-1
11822,335,472,13,79,221,0,-1,-1,-1
11823,335,452,32,76,210,0,-1,-1,-1
11825,335,441,4,79,237,0,-1,-1,-1
11826,335,441,7,79,231,0,-1,-1,-1
11827,335,439,9,90,222,0,-1,-1,-1
11828,335,445,14,82,229,0,-1,-1,-1
11829,335,430,3,86,236,0,-1,-1,-1
11829,336,330,4,87,202,0,-1,-1,-1
11830,335,429,0,86,241,0,-1,-1,-1
11831,335,434,0,84,238,0,-1,-1,-1
11832,335,431,4,92,230,0,-1,-1,-1
11833,335,437,18,95,221,0,-1,-1,-1
11834,335,446,13,84,228,0,-1,-1,-1
11835,335,448,2,82,237,0,-1,-1,-1
11836,335,448,8,80,234,0,-1,-1,-1
11837,335,451,7,73,235,0,-1,-1,-1
11838,335,451,2,74,239,0,-1,-1,-1
11839,335,458,13,77,221,0,-1,-1,-1
11840,335,518,7,69,248,0,-1,-1,-1
11840,337,443,10,65,228,0,-1,-1,-1
11840,338,312,28,81,161,0,-1,-1,-1
11841,338,481,13,96,238,0,-1,-1,-1
11841,337,438,15,78,225,0,-1,-1,-1
11842,337,483,10,93,236,0,-1,-1,-1
11843,337,504,0,89,252,0,-1,-1,-1
11844,337,434,11,97,219,0,-1,-1,-1
11844,338,365,6,93,214,0,-1,-1,-1
11844,339,554,3,84,221,0,-1,-1,-1
11845,337,444,6,78,235,0,-1,-1,-1
11845,338,338,36,78,174,0,-1,-1,-1
11846,337,431,3,75,236,0,-1,-1,-1
11847,337,429,13,84,226,0,-1,-1,-1
11847,338,283,44,75,144,0,-1,-1,-1
11848,338,354,40,104,183,0,-1,-1,-1
11849,337,431,10,85,230,0,-1,-1,-1
11849,338,349,23,81,203,0,-1,-1,-1
11850,338,359,16,79,202,0,-1,-1,-1
11850,337,515,3,60,134,0,-1,-1,-1
11851,338,357,14,77,199,0,-1,-1,-1
11852,338,490,8,99,234,0,-1,-1,-1
11852,340,361,11,77,204,0,-1,-1,-1
11852,341,205,62,78,106,0,-1,-1,-1
11853,341,374,16,85,201,0,-1,-1,-1
11853,340,446,12,79,218,0,-1,-1,-1
11854,340,418,7,90,227,0,-1,-1,-1
11854,341,246,52,76,130,0,-1,-1,-1
11854,338,328,0,73,198,0,-1,-1,-1
11855,340,451,10,77,229,0,-1,-1,-1
11855,338,318,3,73,190,0,-1,-1,-1
11856,340,455,0,90,233,0,-1,-1,-1
11857,340,441,14,78,225,0,-1,-1,-1
11858,340,171,69,106,97,0,-1,-1,-1
11859,340,547,19,88,250,0,-1,-1,-1
11860,340,504,21,83,227,0,-1,-1,-1
11861,340,316,40,76,150,0,-1,-1,-1
11862,340,290,48,74,132,0,-1,-1,-1
11862,342,375,48,84,169,0,-1,-1,-1
11863,340,284,51,77,132,0,-1,-1,-1
11863,342,370,45,94,169,0,-1,-1,-1
11864,340,274,72,91,114,0,-1,-1,-1
11864,342,509,72,116,188,0,-1,-1,-1
11884,343,458,141,115,102,0,-1,-1,-1
11906,344,484,33,89,205,0,-1,-1,-1
11912,345,504,112,136,156,0,-1,-1,-1
11915,346,405,121,164,134,0,-1,-1,-1
11982,347,460,98,160,165,0,-1,-1,-1
12020,348,449,97,110,154,0,-1,-1,-1
12046,349,547,0,80,107,0,-1,-1,-1
12047,350,491,0,85,184,0,-1,-1,-1
12095,351,449,18,91,229,0,-1,-1,-1
12199,352,434,112,84,121,0,-1,-1,-1
12233,353,287,32,114,168,0,-1,-1,-1
12235,353,549,35,91,242,0,-1,-1,-1
12288,354,536,0,97,106,0,-1,-1,-1
12313,355,329,0,93,200,0,-1,-1,-1
12318,356,406,120,147,121,0,-1,-1,-1
12349,357,549,0,85,172,0,-1,-1,-1
12353,358,491,46,100,205,0,-1,-1,-1
12356,358,469,161,131,93,0,-1,-1,-1
12357,358,473,17,148,237,0,-1,-1,-1
12386,359,419,37,98,185,0,-1,-1,-1
12391,360,516,20,80,224,0,-1,-1,-1
12454,361,503,130,137,138,0,-1,-1,-1
12657,362,418,69,116,167,0,-1,-1,-1
12778,363,438,0,94,115,0,-1,-1,-1
12809,364,547,4,75,206,0,-1,-1,-1
12898,365,507,14,127,248,0,-1,-1,-1
12954,366,222,81,108,99,0,-1,-1,-1
12982,367,452,8,102,237,0,-1,-1,-1
13027,368,575,0,56,98,0,-1,-1,-1
13133,369,487,22,78,227,0,-1,-1,-1
13133,370,573,39,63,235,0,-1,-1,-1
13148,371,417,10,97,209,0,-1,-1,-1
13203,372,407,141,103,84,0,-1,-1,-1
13707,373,519,0,52,99,0,-1,-1,-1
13712,374,451,0,86,139,0,-1,-1,-1
13713,374,451,0,80,134,0,-1,-1,-1
13715,374,454,79,126,172,0,-1,-1,-1
13809,375,561,1,78,127,0,-1,-1,-1
13809,376,320,7,106,194,0,-1,-1,-1
13883,377,552,0,64,154,0,-1,-1,-1
13947,378,480,5,82,210,0,-1,-1,-1
14628,379,492,7,85,189,0,-1,-1,-1
14686,380,520,4,84,198,0,-1,-1,-1
14757,381,550,0,74,141,0,-1,-1,-1
14915,382,405,81,166,168,0,-1,-1,-1
14915,383,495,32,103,205,0,-1,-1,-1
14916,383,544,13,88,250,0,-1,-1,-1
15314,384,330,45,117,156,0,-1,-1,-1
15367,385,537,32,102,232,0,-1,-1,-1
15461,386,548,0,76,141,0,-1,-1,-1
15669,387,551,0,80,92,0,-1,-1,-1
15777,388,560,9,74,225,0,-1,-1,-1
15819,389,482,146,134,113,0,-1,-1,-1
15821,389,422,146,111,92,0,-1,-1,-1
16240,390,283,83,87,106,0,-1,-1,-1
16534,391,296,62,77,127,0,-1,-1,-1
