175,0,301,0,56,97,0,-1,-1,-1
265,1,80,68,128,266,0,-1,-1,-1
1948,2,545,0,81,98,0,-1,-1,-1
3959,3,195,219,139,128,0,-1,-1,-1
3974,4,91,0,56,160,0,-1,-1,-1
3977,4,236,111,130,241,0,-1,-1,-1
3978,5,373,22,97,173,0,-1,-1,-1
4031,6,457,0,70,101,0,-1,-1,-1
4045,7,284,8,65,140,0,-1,-1,-1
4093,8,462,0,65,95,0,-1,-1,-1
4268,9,507,3,90,246,0,-1,-1,-1
6231,10,161,13,69,139,0,-1,-1,-1
6652,11,415,0,64,115,0,-1,-1,-1
6652,12,251,2,62,123,0,-1,-1,-1
6658,13,403,0,62,94,0,-1,-1,-1
6749,14,99,7,96,197,0,-1,-1,-1
6797,15,457,0,87,86,0,-1,-1,-1
6809,16,363,2,78,138,0,-1,-1,-1
6811,16,125,2,68,112,0,-1,-1,-1
6893,17,143,121,122,225,0,-1,-1,-1
6898,18,556,3,82,211,0,-1,-1,-1
6959,19,265,0,49,96,0,-1,-1,-1
6972,20,440,0,70,124,0,-1,-1,-1
7032,21,455,0,66,83,0,-1,-1,-1
7051,22,474,0,72,106,0,-1,-1,-1
7080,23,219,0,57,131,0,-1,-1,-1
7081,24,368,85,147,265,0,-1,-1,-1
7113,25,0,30,119,177,0,-1,-1,-1
7184,26,357,0,57,99,0,-1,-1,-1
7265,27,450,0,62,87,0,-1,-1,-1
7267,27,399,0,66,98,0,-1,-1,-1
7268,28,414,0,66,99,0,-1,-1,-1
7269,28,455,0,76,105,0,-1,-1,-1
7270,28,466,0,71,108,0,-1,-1,-1
7271,28,419,0,58,96,0,-1,-1,-1
7399,29,489,0,58,120,0,-1,-1,-1
7399,30,468,0,63,121,0,-1,-1,-1
7450,31,357,1,65,89,0,-1,-1,-1
7451,31,379,0,60,95,0,-1,-1,-1
7454,32,299,0,64,87,0,-1,-1,-1
7456,32,408,1,70,96,0,-1,-1,-1
7457,32,296,2,37,59,0,-1,-1,-1
7458,32,294,0,57,53,0,-1,-1,-1
7458,33,269,0,40,51,0,-1,-1,-1
7474,34,480,0,66,85,0,-1,-1,-1
7494,35,424,0,68,96,0,-1,-1,-1
7498,36,408,4,135,294,0,-1,-1,-1
7528,37,223,95,145,255,0,-1,-1,-1
7528,38,391,23,102,248,0,-1,-1,-1
7529,37,174,126,149,223,0,-1,-1,-1
7529,38,347,80,161,266,0,-1,-1,-1
7554,39,413,164,151,183,0,-1,-1,-1
7557,40,412,68,117,258,0,-1,-1,-1
7557,39,314,18,84,226,0,-1,-1,-1
7558,40,340,0,54,126,0,-1,-1,-1
7654,41,486,0,60,86,0,-1,-1,-1
7656,42,290,0,58,58,0,-1,-1,-1
7680,43,484,0,64,117,0,-1,-1,-1
7697,44,360,0,63,88,0,-1,-1,-1
7735,45,463,0,58,93,0,-1,-1,-1
7744,46,450,0,66,86,0,-1,-1,-1
7890,47,560,3,67,159,0,-1,-1,-1
7891,47,559,6,66,153,0,-1,-1,-1
7892,47,529,30,105,249,0,-1,-1,-1
7971,48,320,0,69,153,0,-1,-1,-1
7976,49,323,0,61,158,0,-1,-1,-1
7977,49,423,2,57,157,0,-1,-1,-1
7978,49,130,17,110,254,0,-1,-1,-1
7978,50,465,21,174,317,0,-1,-1,-1
7978,51,232,18,70,206,0,-1,-1,-1
7986,52,518,0,76,142,0,-1,-1,-1
7994,53,428,0,80,220,0,-1,-1,-1
7995,53,335,239,112,104,0,-1,-1,-1
7997,53,0,118,141,240,0,-1,-1,-1
7997,54,358,0,63,89,0,-1,-1,-1
7997,55,379,0,68,87,0,-1,-1,-1
7998,53,89,2,98,280,0,-1,-1,-1
7998,56,413,4,67,116,0,-1,-1,-1
7998,57,314,2,67,132,0,-1,-1,-1
7999,57,444,0,82,152,0,-1,-1,-1
7999,56,160,0,58,107,0,-1,-1,-1
7999,58,94,0,53,112,0,-1,-1,-1
8000,56,408,17,93,268,0,-1,-1,-1
8000,57,380,9,86,258,0,-1,-1,-1
8000,59,163,0,47,91,0,-1,-1,-1
8000,58,290,15,78,216,0,-1,-1,-1
8001,59,56,115,131,236,0,-1,-1,-1
8001,60,293,129,139,217,0,-1,-1,-1
8001,61,217,61,102,270,0,-1,-1,-1
8001,56,122,0,66,89,0,-1,-1,-1
8002,60,270,74,176,275,0,-1,-1,-1
8002,59,0,153,143,198,0,-1,-1,-1
8002,56,122,1,68,90,0,-1,-1,-1
8003,59,59,139,158,213,0,-1,-1,-1
8003,60,280,81,170,265,0,-1,-1,-1
8003,56,153,1,54,92,0,-1,-1,-1
8004,60,317,66,163,276,0,-1,-1,-1
8004,59,71,133,102,213,0,-1,-1,-1
8004,56,154,0,56,95,0,-1,-1,-1
8004,61,69,152,163,194,0,-1,-1,-1
8004,62,132,169,149,174,0,-1,-1,-1
8005,59,203,127,149,221,0,-1,-1,-1
8005,60,328,57,134,290,0,-1,-1,-1
8005,61,178,0,59,97,0,-1,-1,-1
8005,56,165,0,56,95,0,-1,-1,-1
8006,59,481,38,94,282,0,-1,-1,-1
8006,61,384,180,108,166,0,-1,-1,-1
8006,56,127,0,61,97,0,-1,-1,-1
8007,59,371,160,104,184,0,-1,-1,-1
8007,61,460,47,110,244,0,-1,-1,-1
8007,63,92,0,64,107,0,-1,-1,-1
8007,56,193,0,32,74,0,-1,-1,-1
8008,61,360,23,106,306,0,-1,-1,-1
8008,59,438,144,163,195,0,-1,-1,-1
8008,63,158,0,59,88,0,-1,-1,-1
8008,56,82,0,60,119,0,-1,-1,-1
8009,59,277,80,168,267,0,-1,-1,-1
8009,63,119,0,69,129,0,-1,-1,-1
8009,64,413,50,89,278,0,-1,-1,-1
8010,64,76,0,75,141,0,-1,-1,-1
8010,65,461,0,101,181,0,-1,-1,-1
8010,63,528,51,111,267,0,-1,-1,-1
8010,66,19,0,78,147,0,-1,-1,-1
8015,67,123,3,63,161,0,-1,-1,-1
8015,68,53,2,68,155,0,-1,-1,-1
8015,69,199,2,53,150,0,-1,-1,-1
8016,69,128,17,96,210,0,-1,-1,-1
8016,68,4,102,79,248,0,-1,-1,-1
8016,70,225,38,69,216,0,-1,-1,-1
8023,71,290,34,96,259,0,-1,-1,-1
8023,72,191,10,98,298,0,-1,-1,-1
8024,72,307,34,80,262,0,-1,-1,-1
8024,73,205,19,80,290,0,-1,-1,-1
8025,72,290,33,95,262,0,-1,-1,-1
8025,73,179,19,111,294,0,-1,-1,-1
8026,72,180,21,107,292,0,-1,-1,-1
8026,73,299,37,76,257,0,-1,-1,-1
8027,73,74,138,219,211,0,-1,-1,-1
8027,72,197,11,91,269,0,-1,-1,-1
8027,74,312,36,73,255,0,-1,-1,-1
8028,72,386,197,173,143,0,-1,-1,-1
8028,74,0,113,153,240,0,-1,-1,-1
8028,73,312,37,73,256,0,-1,-1,-1
8028,75,199,12,89,298,0,-1,-1,-1
8029,75,188,16,97,294,0,-1,-1,-1
8029,73,314,36,74,260,0,-1,-1,-1
8029,74,436,70,165,271,0,-1,-1,-1
8030,75,190,16,96,291,0,-1,-1,-1
8030,74,316,35,74,255,0,-1,-1,-1
8031,75,193,13,93,294,0,-1,-1,-1
8031,74,313,11,74,278,0,-1,-1,-1
8032,75,178,17,107,296,0,-1,-1,-1
8032,74,315,36,72,256,0,-1,-1,-1
8033,75,181,18,106,295,0,-1,-1,-1
8033,74,317,35,69,258,0,-1,-1,-1
8034,74,308,37,83,290,0,-1,-1,-1
8034,75,198,9,86,303,0,-1,-1,-1
8035,75,196,18,90,293,0,-1,-1,-1
8035,74,318,34,70,258,0,-1,-1,-1
8036,74,295,37,76,257,0,-1,-1,-1
8036,75,196,15,91,298,0,-1,-1,-1
8037,74,189,28,101,278,0,-1,-1,-1
8037,75,303,36,75,262,0,-1,-1,-1
8038,75,301,33,77,268,0,-1,-1,-1
8038,74,194,20,92,291,0,-1,-1,-1
8039,75,299,38,79,263,0,-1,-1,-1
8039,74,195,23,93,283,0,-1,-1,-1
8040,75,302,37,77,264,0,-1,-1,-1
8040,74,195,22,92,284,0,-1,-1,-1
8041,74,301,34,79,272,0,-1,-1,-1
8041,75,194,29,96,277,0,-1,-1,-1
8041,76,513,55,125,224,0,-1,-1,-1
8042,75,302,34,78,268,0,-1,-1,-1
8042,76,194,27,94,280,0,-1,-1,-1
8043,76,162,31,112,294,0,-1,-1,-1
8043,75,293,34,89,265,0,-1,-1,-1
8044,76,182,27,95,310,0,-1,-1,-1
8044,75,303,31,78,273,0,-1,-1,-1
8045,76,183,23,97,307,0,-1,-1,-1
8045,75,280,35,86,264,0,-1,-1,-1
8046,76,175,28,103,303,0,-1,-1,-1
8046,77,271,38,99,265,0,-1,-1,-1
8047,76,180,25,98,307,0,-1,-1,-1
8047,77,272,43,94,252,0,-1,-1,-1
8048,76,181,25,95,307,0,-1,-1,-1
8048,77,270,35,98,268,0,-1,-1,-1
8049,77,258,36,110,274,0,-1,-1,-1
8049,76,183,26,89,303,0,-1,-1,-1
8050,77,248,26,104,268,0,-1,-1,-1
8050,76,195,22,91,279,0,-1,-1,-1
8051,77,250,27,99,265,0,-1,-1,-1
8051,76,190,27,91,277,0,-1,-1,-1
8052,77,232,23,114,279,0,-1,-1,-1
8052,76,191,26,95,275,0,-1,-1,-1
8053,77,244,26,105,267,0,-1,-1,-1
8053,76,190,26,95,277,0,-1,-1,-1
8054,77,246,27,106,266,0,-1,-1,-1
8054,76,190,26,89,281,0,-1,-1,-1
8055,77,234,26,112,276,0,-1,-1,-1
8055,76,190,27,94,281,0,-1,-1,-1
8056,77,220,32,125,260,0,-1,-1,-1
8057,77,214,33,132,254,0,-1,-1,-1
8058,77,225,31,120,258,0,-1,-1,-1
8058,76,523,13,77,201,0,-1,-1,-1
8059,76,222,33,123,255,0,-1,-1,-1
8059,78,485,0,78,171,0,-1,-1,-1
8060,76,225,35,121,254,0,-1,-1,-1
8061,76,224,33,124,254,0,-1,-1,-1
8061,77,555,8,79,190,0,-1,-1,-1
8062,76,229,36,119,249,0,-1,-1,-1
8062,77,563,2,74,231,0,-1,-1,-1
8063,76,226,34,121,255,0,-1,-1,-1
8063,77,565,2,71,231,0,-1,-1,-1
8063,79,141,26,102,308,0,-1,-1,-1
8064,76,225,36,121,255,0,-1,-1,-1
8065,76,232,34,111,259,0,-1,-1,-1
8065,79,142,29,103,301,0,-1,-1,-1
8066,76,225,34,122,257,0,-1,-1,-1
8067,76,225,36,120,250,0,-1,-1,-1
8067,79,149,27,103,296,0,-1,-1,-1
8068,76,226,36,116,249,0,-1,-1,-1
8068,79,150,29,97,297,0,-1,-1,-1
8069,76,228,36,118,251,0,-1,-1,-1
8069,79,491,0,55,90,0,-1,-1,-1
8070,76,226,33,120,257,0,-1,-1,-1
8071,76,227,35,117,251,0,-1,-1,-1
8072,76,217,37,128,255,0,-1,-1,-1
8072,79,153,24,146,314,0,-1,-1,-1
8073,76,226,35,119,248,0,-1,-1,-1
8073,79,152,22,116,312,0,-1,-1,-1
8074,76,224,37,119,248,0,-1,-1,-1
8074,79,152,28,98,320,0,-1,-1,-1
8075,79,228,38,116,247,0,-1,-1,-1
8075,76,152,31,98,317,0,-1,-1,-1
8076,79,226,37,120,247,0,-1,-1,-1
8076,76,131,48,113,305,0,-1,-1,-1
8077,79,225,33,104,256,0,-1,-1,-1
8077,76,155,29,88,290,0,-1,-1,-1
8078,79,222,34,106,251,0,-1,-1,-1
8078,76,148,33,103,287,0,-1,-1,-1
8079,79,224,34,104,248,0,-1,-1,-1
8079,76,149,31,98,286,0,-1,-1,-1
8080,76,305,49,135,302,0,-1,-1,-1
8080,79,230,38,103,240,0,-1,-1,-1
8080,80,155,31,99,294,0,-1,-1,-1
8080,81,470,20,87,253,0,-1,-1,-1
8081,76,228,31,101,252,0,-1,-1,-1
8081,80,149,30,97,291,0,-1,-1,-1
8082,80,226,9,98,275,0,-1,-1,-1
8082,81,157,32,75,272,0,-1,-1,-1
8083,80,220,35,98,253,0,-1,-1,-1
8084,80,226,37,102,245,0,-1,-1,-1
8084,81,152,32,95,286,0,-1,-1,-1
8085,80,221,37,95,248,0,-1,-1,-1
8085,81,131,49,101,276,0,-1,-1,-1
8086,81,224,34,103,243,0,-1,-1,-1
8086,80,153,30,101,311,0,-1,-1,-1
8087,80,224,35,102,240,0,-1,-1,-1
8087,81,150,27,125,323,0,-1,-1,-1
8088,81,227,35,102,239,0,-1,-1,-1
8088,80,148,28,126,321,0,-1,-1,-1
8089,80,169,28,124,324,0,-1,-1,-1
8090,80,167,33,118,314,0,-1,-1,-1
8099,82,153,0,58,96,0,-1,-1,-1
8116,83,480,28,85,195,0,-1,-1,-1
8116,84,393,5,78,197,0,-1,-1,-1
8171,85,459,4,65,119,0,-1,-1,-1
8171,86,351,1,67,150,0,-1,-1,-1
8172,86,113,36,91,268,0,-1,-1,-1
8175,86,149,158,172,193,0,-1,-1,-1
8178,87,149,108,147,241,0,-1,-1,-1
8180,87,266,3,33,57,0,-1,-1,-1
8180,88,55,0,107,167,0,-1,-1,-1
8180,89,201,1,36,64,0,-1,-1,-1
8204,90,429,0,74,83,0,-1,-1,-1
8208,91,335,8,76,215,0,-1,-1,-1
8209,91,238,1,37,63,0,-1,-1,-1
8209,92,198,2,34,57,0,-1,-1,-1
8220,93,455,0,62,83,0,-1,-1,-1
8266,94,496,2,89,218,0,-1,-1,-1
8267,95,280,206,199,141,0,-1,-1,-1
8271,96,292,0,48,52,0,-1,-1,-1
8276,97,240,82,142,265,0,-1,-1,-1
8276,98,375,125,147,215,0,-1,-1,-1
8277,98,496,8,78,221,0,-1,-1,-1
8277,99,439,5,66,222,0,-1,-1,-1
8325,100,552,1,71,128,0,-1,-1,-1
8325,101,493,0,59,120,0,-1,-1,-1
8338,102,326,0,63,102,0,-1,-1,-1
8342,103,295,0,66,117,0,-1,-1,-1
8343,104,343,1,82,103,0,-1,-1,-1
8343,105,313,0,91,105,0,-1,-1,-1
8352,106,479,0,84,165,0,-1,-1,-1
8353,107,501,31,133,284,0,-1,-1,-1
8372,108,278,182,187,167,0,-1,-1,-1
8373,108,504,6,91,269,0,-1,-1,-1
8373,109,407,17,77,235,0,-1,-1,-1
8393,110,113,2,65,120,0,-1,-1,-1
8441,111,450,0,61,148,0,-1,-1,-1
8441,112,267,0,47,93,0,-1,-1,-1
8441,113,395,3,49,131,0,-1,-1,-1
8442,112,485,66,128,243,0,-1,-1,-1
8442,113,2,62,126,281,0,-1,-1,-1
8442,114,332,0,82,188,0,-1,-1,-1
8443,114,226,89,115,254,0,-1,-1,-1
8454,115,346,164,176,182,0,-1,-1,-1
8455,116,48,0,78,172,0,-1,-1,-1
8456,116,37,3,79,131,0,-1,-1,-1
8457,116,49,4,69,118,0,-1,-1,-1
8458,116,52,4,64,117,0,-1,-1,-1
8459,116,468,8,63,105,0,-1,-1,-1
8466,117,68,5,114,209,0,-1,-1,-1
8485,118,392,10,81,203,0,-1,-1,-1
8488,118,389,13,83,199,0,-1,-1,-1
8489,119,422,0,80,101,0,-1,-1,-1
8490,120,112,0,81,143,0,-1,-1,-1
8491,120,138,0,67,90,0,-1,-1,-1
8492,120,139,0,66,89,0,-1,-1,-1
8493,120,140,0,64,90,0,-1,-1,-1
8494,120,140,0,66,102,0,-1,-1,-1
8495,120,141,0,66,99,0,-1,-1,-1
8496,120,144,0,60,98,0,-1,-1,-1
8497,120,129,0,58,97,0,-1,-1,-1
8497,121,192,0,59,88,0,-1,-1,-1
8498,122,150,0,62,97,0,-1,-1,-1
8499,122,152,0,59,96,0,-1,-1,-1
8500,122,192,0,63,101,0,-1,-1,-1
8501,122,128,0,61,99,0,-1,-1,-1
8502,122,197,1,52,97,0,-1,-1,-1
8502,123,293,0,35,57,0,-1,-1,-1
8502,124,131,0,59,96,0,-1,-1,-1
8503,123,181,0,71,98,0,-1,-1,-1
8504,123,144,0,61,91,0,-1,-1,-1
8504,125,299,0,46,58,0,-1,-1,-1
8524,126,430,1,70,98,0,-1,-1,-1
8566,127,337,0,82,85,0,-1,-1,-1
8570,128,455,1,73,88,0,-1,-1,-1
8579,129,244,0,49,96,0,-1,-1,-1
8580,129,395,0,75,86,0,-1,-1,-1
8594,130,191,0,59,98,0,-1,-1,-1
8595,130,202,0,52,99,0,-1,-1,-1
8597,130,294,0,68,84,0,-1,-1,-1
8598,131,398,0,53,90,0,-1,-1,-1
8598,130,118,1,65,122,0,-1,-1,-1
8598,132,480,0,87,150,0,-1,-1,-1
8599,132,305,0,52,122,0,-1,-1,-1
8600,132,551,2,74,128,0,-1,-1,-1
8606,133,505,1,80,98,0,-1,-1,-1
8608,133,331,0,67,102,0,-1,-1,-1
8609,133,314,0,73,101,0,-1,-1,-1
8610,134,323,0,58,98,0,-1,-1,-1
8611,134,55,19,72,114,0,-1,-1,-1
8614,134,179,0,67,78,0,-1,-1,-1
8638,135,342,0,77,87,0,-1,-1,-1
8638,136,300,1,43,52,0,-1,-1,-1
8642,137,291,0,43,49,0,-1,-1,-1
8645,137,230,0,60,146,0,-1,-1,-1
8645,138,414,0,79,85,0,-1,-1,-1
8664,139,491,5,94,263,0,-1,-1,-1
8664,140,422,2,85,218,0,-1,-1,-1
8665,139,227,0,125,286,0,-1,-1,-1
8665,140,297,86,122,253,0,-1,-1,-1
8665,141,125,209,172,140,0,-1,-1,-1
8665,142,249,30,122,301,0,-1,-1,-1
8666,140,148,19,142,331,0,-1,-1,-1
8666,142,113,180,137,172,0,-1,-1,-1
8667,142,161,18,132,331,0,-1,-1,-1
8668,142,162,20,134,325,0,-1,-1,-1
8668,140,0,87,101,269,0,-1,-1,-1
8669,142,171,20,133,327,0,-1,-1,-1
8670,142,175,22,126,321,0,-1,-1,-1
8670,140,452,173,155,173,0,-1,-1,-1
8670,143,315,107,117,234,0,-1,-1,-1
8671,143,12,136,143,217,0,-1,-1,-1
8671,142,171,24,134,323,0,-1,-1,-1
8671,144,371,98,175,244,0,-1,-1,-1
8672,142,506,2,95,217,0,-1,-1,-1
8672,144,413,12,95,269,0,-1,-1,-1
8672,145,285,9,104,250,0,-1,-1,-1
8673,144,487,0,102,210,0,-1,-1,-1
8673,145,384,0,84,188,0,-1,-1,-1
8683,146,240,14,99,335,0,-1,-1,-1
8689,147,448,0,91,98,0,-1,-1,-1
8703,148,4,107,155,253,0,-1,-1,-1
8704,148,354,82,169,267,0,-1,-1,-1
8704,149,142,60,117,289,0,-1,-1,-1
8705,149,551,0,81,247,0,-1,-1,-1
8705,148,491,0,73,237,0,-1,-1,-1
8707,150,291,0,44,54,0,-1,-1,-1
8710,151,362,19,91,246,0,-1,-1,-1
8731,152,471,0,81,114,0,-1,-1,-1
8732,152,141,0,68,131,0,-1,-1,-1
8733,152,275,3,30,68,0,-1,-1,-1
8753,153,440,0,53,95,0,-1,-1,-1
8786,154,454,0,80,84,0,-1,-1,-1
8800,155,583,0,54,94,0,-1,-1,-1
8801,155,377,0,56,87,0,-1,-1,-1
8817,156,369,0,58,89,0,-1,-1,-1
8833,157,275,63,118,284,0,-1,-1,-1
8833,158,433,63,143,282,0,-1,-1,-1
8836,159,457,0,65,90,0,-1,-1,-1
8841,160,372,25,112,232,0,-1,-1,-1
8845,161,301,0,52,95,0,-1,-1,-1
8845,162,429,0,68,87,0,-1,-1,-1
8857,163,520,29,116,242,0,-1,-1,-1
8858,164,296,0,65,133,0,-1,-1,-1
8859,164,328,15,75,231,0,-1,-1,-1
8860,164,168,0,64,89,0,-1,-1,-1
8861,164,157,0,76,88,0,-1,-1,-1
8862,164,155,0,78,88,0,-1,-1,-1
8876,165,215,9,113,279,0,-1,-1,-1
8876,166,408,36,100,303,0,-1,-1,-1
8881,167,318,19,79,259,0,-1,-1,-1
8881,168,404,9,99,264,0,-1,-1,-1
8882,167,217,0,55,90,0,-1,-1,-1
8885,167,182,0,67,105,0,-1,-1,-1
8885,169,220,0,61,111,0,-1,-1,-1
8886,167,228,0,56,97,0,-1,-1,-1
8920,170,133,0,59,99,0,-1,-1,-1
8920,171,273,0,35,66,0,-1,-1,-1
8921,171,251,1,58,132,0,-1,-1,-1
8922,171,450,4,80,144,0,-1,-1,-1
8922,170,358,1,64,137,0,-1,-1,-1
8932,172,216,9,90,263,0,-1,-1,-1
8932,173,414,9,70,236,0,-1,-1,-1
8933,173,490,0,74,265,0,-1,-1,-1
8933,172,139,19,93,255,0,-1,-1,-1
8933,174,239,27,88,269,0,-1,-1,-1
8933,175,261,24,119,305,0,-1,-1,-1
8934,172,297,31,100,300,0,-1,-1,-1
8934,174,139,12,94,260,0,-1,-1,-1
8934,173,232,22,78,271,0,-1,-1,-1
8935,174,238,27,101,285,0,-1,-1,-1
8935,172,404,141,172,197,0,-1,-1,-1
8935,173,134,20,98,286,0,-1,-1,-1
8936,172,91,155,167,199,0,-1,-1,-1
8936,174,259,195,197,156,0,-1,-1,-1
8937,172,268,198,185,151,0,-1,-1,-1
8937,173,0,162,181,194,0,-1,-1,-1
8938,176,362,126,163,217,0,-1,-1,-1
8938,173,127,114,116,231,0,-1,-1,-1
8939,176,389,42,110,310,0,-1,-1,-1
8939,173,325,20,99,309,0,-1,-1,-1
8939,177,197,55,99,290,0,-1,-1,-1
8940,177,154,31,90,296,0,-1,-1,-1
8940,176,409,36,99,299,0,-1,-1,-1
8941,176,355,0,60,131,0,-1,-1,-1
8941,177,294,2,61,133,0,-1,-1,-1
8941,178,231,0,51,113,0,-1,-1,-1
8947,179,268,0,40,62,0,-1,-1,-1
8947,180,298,0,39,59,0,-1,-1,-1
8948,181,322,0,47,62,0,-1,-1,-1
8948,179,267,0,36,63,0,-1,-1,-1
8949,181,326,0,42,64,0,-1,-1,-1
8949,179,500,1,94,181,0,-1,-1,-1
8949,180,268,0,34,63,0,-1,-1,-1
8950,181,443,51,105,288,0,-1,-1,-1
8950,182,267,1,37,62,0,-1,-1,-1
8951,181,326,0,40,59,0,-1,-1,-1
8963,183,176,0,88,76,0,-1,-1,-1
8965,184,382,44,103,235,0,-1,-1,-1
8965,185,499,20,88,264,0,-1,-1,-1
8965,186,239,0,33,71,0,-1,-1,-1
8966,185,494,0,87,197,0,-1,-1,-1
8966,186,243,0,33,66,0,-1,-1,-1
8967,185,411,13,85,165,0,-1,-1,-1
8967,184,493,0,89,195,0,-1,-1,-1
8967,186,233,0,37,67,0,-1,-1,-1
8968,185,396,0,49,98,0,-1,-1,-1
8968,186,338,0,54,100,0,-1,-1,-1
8968,184,115,0,69,80,0,-1,-1,-1
8969,185,269,0,41,56,0,-1,-1,-1
8969,186,235,0,36,61,0,-1,-1,-1
8970,186,182,0,80,77,0,-1,-1,-1
8971,186,172,0,90,78,0,-1,-1,-1
8971,185,247,3,28,58,0,-1,-1,-1
8972,185,238,0,35,63,0,-1,-1,-1
8974,185,93,0,60,112,0,-1,-1,-1
8975,185,251,0,55,88,0,-1,-1,-1
8975,187,115,0,78,92,0,-1,-1,-1
8976,185,121,0,57,96,0,-1,-1,-1
8976,187,267,0,49,88,0,-1,-1,-1
8976,188,209,1,42,90,0,-1,-1,-1
8977,187,195,0,57,101,0,-1,-1,-1
8977,188,124,0,58,97,0,-1,-1,-1
8978,187,193,0,58,104,0,-1,-1,-1
8979,187,192,0,60,103,0,-1,-1,-1
8979,189,12,0,120,171,0,-1,-1,-1
8979,188,128,0,57,102,0,-1,-1,-1
8980,187,190,0,67,102,0,-1,-1,-1
8981,187,191,0,59,102,0,-1,-1,-1
8981,190,461,0,61,85,0,-1,-1,-1
8982,187,193,0,56,102,0,-1,-1,-1
8982,188,126,0,61,105,0,-1,-1,-1
8983,187,195,0,57,102,0,-1,-1,-1
8983,188,120,0,65,106,0,-1,-1,-1
8984,187,199,0,58,105,0,-1,-1,-1
8985,187,175,0,61,114,0,-1,-1,-1
8986,187,192,0,58,96,0,-1,-1,-1
8987,187,198,0,61,99,0,-1,-1,-1
8987,191,502,0,65,96,0,-1,-1,-1
8988,187,182,0,80,102,0,-1,-1,-1
8988,191,92,0,51,103,0,-1,-1,-1
8989,191,189,5,74,107,0,-1,-1,-1
8989,187,124,0,62,99,0,-1,-1,-1
8990,191,183,0,68,113,0,-1,-1,-1
8990,187,125,0,58,101,0,-1,-1,-1
8991,191,0,14,102,241,0,-1,-1,-1
8991,192,187,0,64,113,0,-1,-1,-1
8991,187,124,0,53,107,0,-1,-1,-1
8992,192,183,1,69,114,0,-1,-1,-1
8992,191,81,0,69,149,0,-1,-1,-1
8993,192,184,0,69,113,0,-1,-1,-1
8994,192,188,0,69,101,0,-1,-1,-1
8994,191,110,0,79,130,0,-1,-1,-1
8995,192,179,2,82,103,0,-1,-1,-1
8995,191,110,0,81,128,0,-1,-1,-1
8996,192,190,0,63,102,0,-1,-1,-1
8996,191,112,0,75,127,0,-1,-1,-1
8997,192,194,0,65,104,0,-1,-1,-1
8998,192,198,3,58,107,0,-1,-1,-1
8999,192,258,0,62,118,0,-1,-1,-1
8999,191,152,2,68,112,0,-1,-1,-1
9000,192,178,0,75,141,0,-1,-1,-1
9000,191,294,0,57,118,0,-1,-1,-1
9013,193,147,1,62,108,0,-1,-1,-1
9020,194,483,0,75,95,0,-1,-1,-1
9042,195,249,25,94,288,0,-1,-1,-1
9057,196,156,130,150,219,0,-1,-1,-1
9058,196,129,144,204,208,0,-1,-1,-1
9058,197,329,171,142,176,0,-1,-1,-1
9059,196,178,207,181,146,0,-1,-1,-1
9071,198,426,0,67,98,0,-1,-1,-1
9072,199,433,2,73,130,0,-1,-1,-1
9079,200,280,240,124,108,0,-1,-1,-1
9080,200,217,0,50,100,0,-1,-1,-1
9086,201,266,0,84,80,0,-1,-1,-1
9087,202,100,83,93,221,0,-1,-1,-1
9088,202,133,2,63,107,0,-1,-1,-1
9089,202,143,0,77,86,0,-1,-1,-1
9090,203,351,92,133,249,0,-1,-1,-1
9091,204,189,4,60,154,0,-1,-1,-1
9092,204,123,9,49,125,0,-1,-1,-1
9092,205,53,3,76,128,0,-1,-1,-1
9092,202,251,0,56,95,0,-1,-1,-1
9093,204,195,1,52,133,0,-1,-1,-1
9093,205,120,16,46,130,0,-1,-1,-1
9094,205,81,1,74,140,0,-1,-1,-1
9095,205,128,5,65,131,0,-1,-1,-1
9095,202,200,9,61,131,0,-1,-1,-1
9095,206,228,20,47,119,0,-1,-1,-1
9096,205,242,0,99,243,0,-1,-1,-1
9096,204,164,7,86,236,0,-1,-1,-1
9097,204,120,4,62,142,0,-1,-1,-1
9097,205,230,0,61,131,0,-1,-1,-1
9098,204,128,0,58,143,0,-1,-1,-1
9098,205,234,22,45,108,0,-1,-1,-1
9099,207,191,5,67,134,0,-1,-1,-1
9099,204,129,0,66,143,0,-1,-1,-1
9101,207,187,5,69,137,0,-1,-1,-1
9102,207,192,7,63,134,0,-1,-1,-1
9102,204,131,0,62,143,0,-1,-1,-1
9103,207,194,8,56,133,0,-1,-1,-1
9103,204,134,3,60,140,0,-1,-1,-1
9104,204,133,3,62,137,0,-1,-1,-1
9104,207,191,19,66,122,0,-1,-1,-1
9105,207,182,3,78,136,0,-1,-1,-1
9106,207,520,1,92,235,0,-1,-1,-1
9106,208,293,0,50,91,0,-1,-1,-1
9108,207,266,33,104,298,0,-1,-1,-1
9109,207,273,0,57,119,0,-1,-1,-1
9134,209,410,0,81,107,0,-1,-1,-1
9154,210,425,0,54,85,0,-1,-1,-1
9156,210,460,0,71,86,0,-1,-1,-1
9220,211,343,0,60,100,0,-1,-1,-1
9220,212,0,124,153,235,0,-1,-1,-1
9221,211,347,0,48,99,0,-1,-1,-1
9222,211,347,0,49,99,0,-1,-1,-1
9225,211,351,0,49,105,0,-1,-1,-1
9226,211,333,0,60,137,0,-1,-1,-1
9229,211,189,66,104,263,0,-1,-1,-1
9230,213,401,1,77,198,0,-1,-1,-1
9231,211,95,127,129,224,0,-1,-1,-1
9231,213,396,0,77,201,0,-1,-1,-1
9232,213,396,0,78,202,0,-1,-1,-1
9233,213,375,0,92,208,0,-1,-1,-1
9234,213,368,0,89,197,0,-1,-1,-1
9237,213,178,22,92,249,0,-1,-1,-1
9237,214,335,1,44,87,0,-1,-1,-1
9282,215,281,60,145,291,0,-1,-1,-1
9282,216,529,0,74,99,0,-1,-1,-1
9286,217,222,0,60,151,0,-1,-1,-1
9287,217,199,0,43,68,0,-1,-1,-1
9305,218,298,10,102,271,0,-1,-1,-1
9305,219,389,54,100,242,0,-1,-1,-1
9316,220,174,174,192,179,0,-1,-1,-1
9324,221,284,0,64,120,0,-1,-1,-1
9324,222,232,0,59,109,0,-1,-1,-1
9343,223,495,0,74,90,0,-1,-1,-1
9359,224,372,49,119,294,0,-1,-1,-1
9375,225,404,0,82,96,0,-1,-1,-1
9376,225,411,0,65,94,0,-1,-1,-1
9377,226,273,0,38,62,0,-1,-1,-1
9381,227,480,0,70,159,0,-1,-1,-1
9382,227,480,0,70,160,0,-1,-1,-1
9382,228,375,1,45,134,0,-1,-1,-1
9383,227,413,0,73,163,0,-1,-1,-1
9383,228,366,2,53,135,0,-1,-1,-1
9383,229,553,0,73,166,0,-1,-1,-1
9384,227,410,4,88,252,0,-1,-1,-1
9384,228,208,76,116,268,0,-1,-1,-1
9384,230,375,15,82,228,0,-1,-1,-1
9385,228,30,78,135,277,0,-1,-1,-1
9386,228,247,0,59,145,0,-1,-1,-1
9409,231,471,141,142,184,0,-1,-1,-1
9410,232,257,116,126,233,0,-1,-1,-1
9410,233,130,8,79,204,0,-1,-1,-1
9416,234,358,0,50,89,0,-1,-1,-1
9417,234,387,1,58,126,0,-1,-1,-1
9425,235,496,1,87,202,0,-1,-1,-1
9428,236,296,0,97,198,0,-1,-1,-1
9429,236,112,3,105,243,0,-1,-1,-1
9430,236,115,2,101,246,0,-1,-1,-1
9431,236,171,12,97,249,0,-1,-1,-1
9449,237,206,0,31,72,0,-1,-1,-1
9450,237,336,2,83,241,0,-1,-1,-1
9450,238,271,17,57,224,0,-1,-1,-1
9454,239,120,6,72,228,0,-1,-1,-1
9455,239,453,2,106,284,0,-1,-1,-1
9459,240,83,0,61,112,0,-1,-1,-1
9460,240,178,1,67,121,0,-1,-1,-1
9461,240,443,14,112,264,0,-1,-1,-1
9462,240,121,0,57,87,0,-1,-1,-1
9463,240,123,0,56,86,0,-1,-1,-1
9464,240,399,0,83,194,0,-1,-1,-1
9465,240,517,2,66,86,0,-1,-1,-1
9465,241,397,0,83,194,0,-1,-1,-1
9466,241,398,0,83,195,0,-1,-1,-1
9467,241,395,0,86,193,0,-1,-1,-1
9472,242,501,11,85,216,0,-1,-1,-1
9472,243,398,0,92,188,0,-1,-1,-1
9473,243,397,0,92,187,0,-1,-1,-1
9474,243,392,0,94,197,0,-1,-1,-1
9475,243,394,0,90,195,0,-1,-1,-1
9477,243,395,0,88,197,0,-1,-1,-1
9481,244,544,0,91,156,0,-1,-1,-1
9482,244,557,0,77,150,0,-1,-1,-1
9482,245,223,0,52,98,0,-1,-1,-1
9483,245,462,1,69,91,0,-1,-1,-1
9483,244,272,2,72,99,0,-1,-1,-1
9499,246,283,0,65,87,0,-1,-1,-1
9500,246,358,0,56,98,0,-1,-1,-1
9500,247,301,0,59,99,0,-1,-1,-1
9506,248,301,0,91,90,0,-1,-1,-1
9509,249,291,0,54,137,0,-1,-1,-1
9509,248,544,0,77,136,0,-1,-1,-1
9510,249,185,7,92,233,0,-1,-1,-1
9510,250,320,16,91,253,0,-1,-1,-1
9511,250,383,176,139,172,0,-1,-1,-1
9513,251,425,0,63,131,0,-1,-1,-1
9519,252,259,6,78,221,0,-1,-1,-1
9520,253,440,0,68,94,0,-1,-1,-1
9541,254,209,0,28,71,0,-1,-1,-1
9542,254,178,0,79,203,0,-1,-1,-1
9545,255,294,0,46,57,0,-1,-1,-1
9562,256,422,9,77,152,0,-1,-1,-1
9564,256,424,4,55,166,0,-1,-1,-1
9566,256,183,1,64,103,0,-1,-1,-1
9566,257,260,0,59,93,0,-1,-1,-1
9593,258,435,0,60,94,0,-1,-1,-1
9593,259,452,0,64,95,0,-1,-1,-1
9595,259,407,0,78,95,0,-1,-1,-1
9601,260,295,0,73,92,0,-1,-1,-1
9603,260,295,2,70,116,0,-1,-1,-1
9609,261,490,0,66,101,0,-1,-1,-1
9618,262,81,0,64,116,0,-1,-1,-1
9621,262,124,0,64,116,0,-1,-1,-1
9621,263,341,7,51,116,0,-1,-1,-1
9622,262,125,4,60,113,0,-1,-1,-1
9622,263,212,9,41,111,0,-1,-1,-1
9622,264,325,0,79,95,0,-1,-1,-1
9622,265,392,0,76,91,0,-1,-1,-1
9623,263,204,1,52,120,0,-1,-1,-1
9624,263,206,9,47,110,0,-1,-1,-1
9625,263,198,6,59,113,0,-1,-1,-1
9626,263,148,0,62,115,0,-1,-1,-1
9626,266,394,0,56,87,0,-1,-1,-1
9628,263,131,0,63,92,0,-1,-1,-1
9631,263,301,0,64,135,0,-1,-1,-1
9632,263,342,2,84,117,0,-1,-1,-1
9632,267,299,3,53,95,0,-1,-1,-1
9633,267,458,3,66,122,0,-1,-1,-1
9637,268,438,31,108,287,0,-1,-1,-1
9637,269,547,2,91,298,0,-1,-1,-1
9652,270,493,0,117,165,0,-1,-1,-1
9657,271,449,0,82,102,0,-1,-1,-1
9661,272,308,1,41,50,0,-1,-1,-1
9705,273,428,0,66,78,0,-1,-1,-1
9733,274,472,0,80,98,0,-1,-1,-1
9737,275,128,0,63,123,0,-1,-1,-1
9738,276,184,0,62,124,0,-1,-1,-1
9769,277,311,1,63,130,0,-1,-1,-1
9770,278,510,0,86,114,0,-1,-1,-1
9770,277,269,11,75,110,0,-1,-1,-1
9770,279,455,0,57,91,0,-1,-1,-1
9773,279,465,0,69,105,0,-1,-1,-1
9773,277,480,3,71,108,0,-1,-1,-1
9782,280,216,117,108,230,0,-1,-1,-1
9782,281,123,61,110,286,0,-1,-1,-1
9783,281,293,16,85,285,0,-1,-1,-1
9789,282,429,0,47,67,0,-1,-1,-1
9791,282,327,6,98,205,0,-1,-1,-1
9792,282,324,2,101,208,0,-1,-1,-1
9793,282,324,2,100,208,0,-1,-1,-1
9794,283,422,5,57,122,0,-1,-1,-1
9796,282,414,0,79,77,0,-1,-1,-1
9797,283,478,0,90,112,0,-1,-1,-1
9800,283,443,0,71,149,0,-1,-1,-1
9801,283,387,8,70,150,0,-1,-1,-1
9802,283,460,0,76,148,0,-1,-1,-1
9803,283,305,0,76,98,0,-1,-1,-1
9804,283,439,0,67,131,0,-1,-1,-1
9805,284,491,0,69,102,0,-1,-1,-1
9826,285,365,1,60,106,0,-1,-1,-1
9827,285,454,0,50,93,0,-1,-1,-1
9830,285,1,5,106,235,0,-1,-1,-1
9834,286,384,126,115,219,0,-1,-1,-1
9835,286,222,0,69,128,0,-1,-1,-1
9843,287,363,0,70,122,0,-1,-1,-1
9844,287,186,0,74,99,0,-1,-1,-1
9845,287,233,0,43,58,0,-1,-1,-1
9846,287,404,1,68,110,0,-1,-1,-1
9846,288,334,0,54,93,0,-1,-1,-1
9860,289,405,0,48,95,0,-1,-1,-1
9860,290,364,0,42,95,0,-1,-1,-1
9865,291,457,7,58,153,0,-1,-1,-1
9873,292,331,0,51,98,0,-1,-1,-1
9874,292,430,37,104,285,0,-1,-1,-1
9874,293,314,4,76,189,0,-1,-1,-1
9881,294,351,4,104,250,0,-1,-1,-1
9881,295,248,14,80,268,0,-1,-1,-1
9881,296,464,11,82,264,0,-1,-1,-1
9882,295,410,107,125,238,0,-1,-1,-1
9893,297,422,0,60,104,0,-1,-1,-1
9894,297,398,0,56,88,0,-1,-1,-1
9895,297,395,0,60,89,0,-1,-1,-1
9899,298,488,0,85,109,0,-1,-1,-1
9902,298,4,17,147,325,0,-1,-1,-1
9903,298,215,0,58,84,0,-1,-1,-1
9907,299,230,152,138,200,0,-1,-1,-1
9907,300,495,51,124,233,0,-1,-1,-1
9908,301,452,3,77,188,0,-1,-1,-1
9908,300,293,12,60,163,0,-1,-1,-1
9908,302,369,0,81,195,0,-1,-1,-1
9920,303,272,0,75,196,0,-1,-1,-1
9950,304,432,1,46,67,0,-1,-1,-1
9960,305,350,0,71,119,0,-1,-1,-1
9981,306,562,0,62,91,0,-1,-1,-1
9981,307,458,0,69,77,0,-1,-1,-1
9987,308,410,1,73,96,0,-1,-1,-1
10002,309,496,0,61,90,0,-1,-1,-1
10035,310,426,1,56,127,0,-1,-1,-1
10035,311,496,2,67,90,0,-1,-1,-1
10075,312,474,3,92,126,0,-1,-1,-1
10078,312,418,0,74,77,0,-1,-1,-1
10086,313,351,0,80,147,0,-1,-1,-1
10087,313,153,0,59,89,0,-1,-1,-1
10089,313,463,0,78,119,0,-1,-1,-1
10090,313,208,0,77,145,0,-1,-1,-1
10096,314,436,1,58,85,0,-1,-1,-1
10113,315,400,0,53,97,0,-1,-1,-1
10114,315,442,0,79,195,0,-1,-1,-1
10116,315,147,0,82,124,0,-1,-1,-1
10117,315,67,21,88,262,0,-1,-1,-1
10117,316,183,7,91,203,0,-1,-1,-1
10118,315,144,13,80,248,0,-1,-1,-1
10119,315,62,173,131,177,0,-1,-1,-1
10119,317,140,14,80,207,0,-1,-1,-1
10120,317,116,176,126,176,0,-1,-1,-1
10120,318,290,49,161,296,0,-1,-1,-1
10120,315,441,6,71,211,0,-1,-1,-1
10121,318,229,55,115,289,0,-1,-1,-1
10121,315,331,26,122,312,0,-1,-1,-1
10122,319,394,0,62,124,0,-1,-1,-1
10223,320,274,0,85,136,0,-1,-1,-1
10226,321,306,0,74,88,0,-1,-1,-1
10235,322,236,0,45,108,0,-1,-1,-1
10235,323,334,1,57,110,0,-1,-1,-1
10249,324,292,0,69,79,0,-1,-1,-1
10250,325,558,0,73,96,0,-1,-1,-1
10265,326,272,0,70,99,0,-1,-1,-1
10274,327,394,0,77,117,0,-1,-1,-1
10275,327,396,0,68,122,0,-1,-1,-1
10276,327,432,4,89,121,0,-1,-1,-1
10286,328,259,51,52,114,0,-1,-1,-1
10289,329,168,0,59,106,0,-1,-1,-1
10292,329,459,0,70,117,0,-1,-1,-1
10292,330,493,0,52,118,0,-1,-1,-1
10293,329,376,4,96,76,0,-1,-1,-1
10301,331,347,0,65,138,0,-1,-1,-1
10301,332,295,0,59,133,0,-1,-1,-1
10304,331,384,0,60,90,0,-1,-1,-1
10305,331,535,36,45,106,0,-1,-1,-1
10305,333,422,0,55,95,0,-1,-1,-1
10306,333,420,0,58,87,0,-1,-1,-1
10307,333,390,0,65,97,0,-1,-1,-1
10308,331,403,0,73,108,0,-1,-1,-1
10309,331,542,2,75,107,0,-1,-1,-1
10309,334,245,0,60,140,0,-1,-1,-1
10310,334,365,171,147,175,0,-1,-1,-1
10311,335,192,103,139,248,0,-1,-1,-1
10316,336,533,0,62,179,0,-1,-1,-1
10317,336,553,50,85,238,0,-1,-1,-1
10318,336,504,10,73,224,0,-1,-1,-1
10321,337,234,107,146,239,0,-1,-1,-1
10322,337,269,67,135,277,0,-1,-1,-1
10323,337,264,56,158,286,0,-1,-1,-1
10323,338,372,198,75,134,0,-1,-1,-1
10324,338,274,66,121,278,0,-1,-1,-1
10325,338,278,149,100,198,0,-1,-1,-1
10326,338,273,149,106,196,0,-1,-1,-1
10327,339,286,152,88,192,0,-1,-1,-1
10327,340,364,197,68,142,0,-1,-1,-1
10328,339,233,60,143,248,0,-1,-1,-1
10328,340,540,156,74,129,0,-1,-1,-1
10329,340,280,48,121,268,0,-1,-1,-1
10329,338,493,138,142,147,0,-1,-1,-1
10329,341,406,0,53,92,0,-1,-1,-1
10329,342,368,213,115,131,0,-1,-1,-1
10330,341,25,168,111,176,0,-1,-1,-1
10331,341,333,156,128,192,0,-1,-1,-1
10331,342,31,240,77,115,0,-1,-1,-1
10331,338,271,90,74,202,0,-1,-1,-1
10332,341,338,159,128,187,0,-1,-1,-1
10332,338,280,45,101,265,0,-1,-1,-1
10332,342,206,125,87,204,0,-1,-1,-1
10332,343,297,101,121,234,0,-1,-1,-1
10333,343,265,104,200,238,0,-1,-1,-1
10333,342,370,35,92,262,0,-1,-1,-1
10334,342,527,34,102,249,0,-1,-1,-1
10335,343,248,68,155,285,0,-1,-1,-1
10336,342,238,129,177,220,0,-1,-1,-1
10337,342,311,68,102,276,0,-1,-1,-1
10337,344,240,139,77,208,0,-1,-1,-1
10338,344,314,141,133,202,0,-1,-1,-1
10338,342,35,219,90,135,0,-1,-1,-1
10339,344,284,140,139,205,0,-1,-1,-1
10340,342,344,100,142,244,0,-1,-1,-1
10340,345,203,164,122,182,0,-1,-1,-1
10341,345,242,94,154,258,0,-1,-1,-1
10341,342,46,171,113,185,0,-1,-1,-1
10341,346,210,262,99,82,0,-1,-1,-1
10342,346,172,265,151,88,0,-1,-1,-1
10343,346,181,15,76,215,0,-1,-1,-1
10343,347,286,238,112,108,0,-1,-1,-1
10343,342,412,5,68,234,0,-1,-1,-1
10344,342,386,11,89,207,0,-1,-1,-1
10344,346,362,182,94,169,0,-1,-1,-1
10344,348,255,200,105,146,0,-1,-1,-1
10345,342,384,9,84,221,0,-1,-1,-1
10345,348,243,241,75,104,0,-1,-1,-1
10345,346,157,233,111,111,0,-1,-1,-1
10346,342,348,31,87,263,0,-1,-1,-1
10346,348,241,136,81,210,0,-1,-1,-1
10347,342,247,89,124,260,0,-1,-1,-1
10348,342,220,64,116,273,0,-1,-1,-1
10350,342,283,58,141,269,0,-1,-1,-1
10351,342,397,87,114,246,0,-1,-1,-1
10351,349,378,126,108,210,0,-1,-1,-1
10352,349,318,133,115,216,0,-1,-1,-1
10352,342,399,46,109,276,0,-1,-1,-1
10353,349,499,16,104,270,0,-1,-1,-1
10354,349,453,37,101,235,0,-1,-1,-1
10355,349,415,6,105,277,0,-1,-1,-1
10355,342,433,97,93,222,0,-1,-1,-1
10356,349,418,98,67,149,0,-1,-1,-1
10356,342,420,0,74,99,0,-1,-1,-1
10357,342,324,0,61,119,0,-1,-1,-1
10357,350,360,151,87,171,0,-1,-1,-1
10358,350,439,111,84,200,0,-1,-1,-1
10358,351,373,154,86,162,0,-1,-1,-1
10359,350,480,101,88,212,0,-1,-1,-1
10360,342,369,2,45,92,0,-1,-1,-1
10361,342,496,1,62,167,0,-1,-1,-1
10365,352,78,0,80,149,0,-1,-1,-1
10368,352,209,0,49,106,0,-1,-1,-1
10387,353,144,0,67,96,0,-1,-1,-1
10397,354,159,3,46,94,0,-1,-1,-1
10398,354,200,0,59,107,0,-1,-1,-1
10409,355,365,45,133,302,0,-1,-1,-1
10413,356,384,4,86,110,0,-1,-1,-1
10414,356,170,3,73,148,0,-1,-1,-1
10416,357,406,100,182,245,0,-1,-1,-1
10417,357,114,17,93,268,0,-1,-1,-1
10417,356,203,22,80,215,0,-1,-1,-1
10418,356,55,0,107,218,0,-1,-1,-1
10419,356,62,5,96,212,0,-1,-1,-1
10420,356,77,3,99,223,0,-1,-1,-1
10421,356,74,2,92,223,0,-1,-1,-1
10422,356,88,0,115,238,0,-1,-1,-1
10425,358,13,23,106,260,0,-1,-1,-1
10431,359,576,0,64,227,0,-1,-1,-1
10435,360,187,130,131,167,0,-1,-1,-1
10441,361,418,0,70,81,0,-1,-1,-1
10446,362,428,4,149,284,0,-1,-1,-1
10447,362,475,1,99,213,0,-1,-1,-1
10452,363,399,3,62,132,0,-1,-1,-1
10452,364,324,0,64,139,0,-1,-1,-1
10454,363,532,3,68,114,0,-1,-1,-1
10461,365,290,1,42,49,0,-1,-1,-1
10462,365,485,0,77,103,0,-1,-1,-1
10475,366,344,0,68,93,0,-1,-1,-1
10480,367,270,4,74,220,0,-1,-1,-1
10483,367,478,44,99,258,0,-1,-1,-1
10484,367,453,0,69,137,0,-1,-1,-1
10509,368,208,1,80,81,0,-1,-1,-1
10510,368,175,224,221,125,0,-1,-1,-1
10513,369,413,118,200,222,0,-1,-1,-1
10532,370,444,8,83,143,0,-1,-1,-1
10533,371,454,7,67,147,0,-1,-1,-1
10550,372,281,0,70,99,0,-1,-1,-1
10554,373,229,9,115,338,0,-1,-1,-1
10554,374,88,26,90,269,0,-1,-1,-1
10556,374,275,260,125,88,0,-1,-1,-1
10570,375,293,0,48,87,0,-1,-1,-1
10572,375,514,0,83,143,0,-1,-1,-1
10573,375,236,0,49,92,0,-1,-1,-1
10574,375,427,0,76,85,0,-1,-1,-1
10617,376,479,0,76,131,0,-1,-1,-1
10624,377,519,1,71,130,0,-1,-1,-1
10629,378,456,0,67,136,0,-1,-1,-1
10630,378,369,32,91,267,0,-1,-1,-1
10630,379,511,41,110,242,0,-1,-1,-1
10655,380,347,0,69,90,0,-1,-1,-1
10662,381,213,0,55,99,0,-1,-1,-1
10673,382,144,0,74,89,0,-1,-1,-1
10693,383,261,59,112,263,0,-1,-1,-1
10701,384,435,0,69,96,0,-1,-1,-1
10702,384,166,0,71,228,0,-1,-1,-1
10724,385,370,0,56,90,0,-1,-1,-1
10733,386,324,3,78,85,0,-1,-1,-1
10774,387,411,1,28,67,0,-1,-1,-1
10775,387,354,0,59,93,0,-1,-1,-1
10776,387,547,0,79,114,0,-1,-1,-1
10780,388,228,21,94,233,0,-1,-1,-1
10781,389,185,0,64,155,0,-1,-1,-1
10781,388,552,16,84,272,0,-1,-1,-1
10782,389,290,11,81,278,0,-1,-1,-1
10782,390,460,0,114,290,0,-1,-1,-1
10783,390,289,0,66,150,0,-1,-1,-1
10783,391,360,0,64,146,0,-1,-1,-1
10784,391,322,1,65,119,0,-1,-1,-1
10788,392,490,0,77,92,0,-1,-1,-1
10788,393,511,0,78,93,0,-1,-1,-1
10791,394,75,0,58,136,0,-1,-1,-1
10792,394,550,0,71,108,0,-1,-1,-1
10793,394,554,0,68,97,0,-1,-1,-1
10795,395,327,1,74,101,0,-1,-1,-1
10795,394,388,0,79,92,0,-1,-1,-1
10797,395,248,0,75,93,0,-1,-1,-1
10798,395,254,0,67,96,0,-1,-1,-1
10799,396,368,2,45,117,0,-1,-1,-1
10801,396,359,9,100,306,0,-1,-1,-1
10802,396,464,118,129,227,0,-1,-1,-1
10807,397,271,125,137,219,0,-1,-1,-1
10808,397,391,50,130,293,0,-1,-1,-1
10808,398,245,101,134,244,0,-1,-1,-1
10809,397,303,99,103,248,0,-1,-1,-1
10809,398,384,39,124,299,0,-1,-1,-1
10810,398,317,86,97,256,0,-1,-1,-1
10810,397,405,37,121,310,0,-1,-1,-1
10811,397,318,94,97,248,0,-1,-1,-1
10811,398,392,39,122,302,0,-1,-1,-1
10812,398,281,85,124,257,0,-1,-1,-1
10812,397,425,38,144,303,0,-1,-1,-1
10813,397,408,24,113,310,0,-1,-1,-1
10813,398,276,68,103,270,0,-1,-1,-1
10814,397,418,14,113,331,0,-1,-1,-1
10814,398,336,79,91,255,0,-1,-1,-1
10815,398,436,32,124,300,0,-1,-1,-1
10815,397,337,88,103,245,0,-1,-1,-1
10816,397,349,97,113,246,0,-1,-1,-1
10816,399,458,55,133,283,0,-1,-1,-1
10829,400,379,82,124,253,0,-1,-1,-1
10829,401,295,14,94,297,0,-1,-1,-1
10830,400,309,53,137,276,0,-1,-1,-1
10831,400,359,76,118,266,0,-1,-1,-1
10831,401,259,22,96,309,0,-1,-1,-1
10832,400,302,67,117,243,0,-1,-1,-1
10832,402,370,81,155,263,0,-1,-1,-1
10832,401,208,32,102,303,0,-1,-1,-1
10833,402,183,2,71,211,0,-1,-1,-1
10834,402,207,0,54,93,0,-1,-1,-1
10834,401,432,0,66,87,0,-1,-1,-1
10836,403,302,2,34,60,0,-1,-1,-1
10837,403,301,1,39,61,0,-1,-1,-1
10847,404,294,5,76,233,0,-1,-1,-1
10847,405,531,0,68,129,0,-1,-1,-1
10847,406,217,2,51,157,0,-1,-1,-1
10848,405,13,187,170,170,0,-1,-1,-1
10848,404,550,9,87,130,0,-1,-1,-1
10848,407,352,270,113,77,0,-1,-1,-1
10849,405,150,43,115,282,0,-1,-1,-1
10850,405,245,77,139,274,0,-1,-1,-1
10852,408,300,195,150,152,0,-1,-1,-1
10853,408,259,210,143,141,0,-1,-1,-1
10854,408,378,97,159,248,0,-1,-1,-1
10854,409,280,203,125,143,0,-1,-1,-1
10855,408,387,94,152,256,0,-1,-1,-1
10855,409,273,205,124,143,0,-1,-1,-1
10856,409,266,226,164,133,0,-1,-1,-1
10857,409,332,246,169,108,0,-1,-1,-1
10870,410,31,39,126,313,0,-1,-1,-1
10871,410,0,1,93,178,0,-1,-1,-1
10872,410,119,0,77,97,0,-1,-1,-1
10874,410,141,0,67,85,0,-1,-1,-1
10878,411,126,0,74,87,0,-1,-1,-1
10891,412,341,100,152,244,0,-1,-1,-1
10894,412,370,0,59,94,0,-1,-1,-1
10924,413,501,0,65,92,0,-1,-1,-1
10924,414,518,2,67,89,0,-1,-1,-1
10930,415,407,0,81,111,0,-1,-1,-1
10930,416,480,0,78,108,0,-1,-1,-1
10960,417,286,31,118,309,0,-1,-1,-1
10960,418,111,2,85,184,0,-1,-1,-1
10961,417,337,132,160,213,0,-1,-1,-1
10961,418,179,112,143,238,0,-1,-1,-1
10961,419,1,219,154,137,0,-1,-1,-1
10962,417,329,132,164,213,0,-1,-1,-1
10962,418,142,219,185,134,0,-1,-1,-1
10963,417,380,141,186,205,0,-1,-1,-1
10966,417,552,0,64,97,0,-1,-1,-1
10967,417,336,239,167,114,0,-1,-1,-1
10968,417,336,231,173,121,0,-1,-1,-1
10968,420,505,141,135,203,0,-1,-1,-1
10969,417,326,227,188,122,0,-1,-1,-1
10969,420,500,145,140,200,0,-1,-1,-1
10970,417,329,242,190,112,0,-1,-1,-1
10972,417,331,230,191,122,0,-1,-1,-1
10973,417,330,209,165,145,0,-1,-1,-1
10973,421,485,148,155,197,0,-1,-1,-1
10974,417,340,231,172,115,0,-1,-1,-1
10978,422,413,126,225,216,0,-1,-1,-1
10979,422,428,120,205,224,0,-1,-1,-1
10980,422,453,119,184,221,0,-1,-1,-1
10981,422,242,54,116,297,0,-1,-1,-1
10981,423,466,140,169,201,0,-1,-1,-1
10982,424,323,11,80,197,0,-1,-1,-1
10982,423,525,10,87,207,0,-1,-1,-1
10982,425,421,15,74,206,0,-1,-1,-1
11007,426,561,0,72,106,0,-1,-1,-1
11009,427,229,2,89,262,0,-1,-1,-1
11015,428,247,93,201,246,0,-1,-1,-1
11015,429,256,154,160,193,0,-1,-1,-1
11016,429,342,83,111,261,0,-1,-1,-1
11016,428,94,64,156,288,0,-1,-1,-1
11017,428,349,79,110,264,0,-1,-1,-1
11017,429,150,77,135,265,0,-1,-1,-1
11018,429,158,30,130,309,0,-1,-1,-1
11018,430,343,60,94,282,0,-1,-1,-1
11019,429,113,77,191,272,0,-1,-1,-1
11019,430,333,94,116,251,0,-1,-1,-1
11020,430,332,99,117,245,0,-1,-1,-1
11020,429,102,93,203,258,0,-1,-1,-1
11021,429,352,134,263,218,0,-1,-1,-1
11025,431,353,17,134,329,0,-1,-1,-1
11026,431,390,0,59,148,0,-1,-1,-1
11039,432,261,0,66,90,0,-1,-1,-1
11040,432,279,0,69,93,0,-1,-1,-1
11042,432,278,0,71,92,0,-1,-1,-1
11043,432,277,0,71,95,0,-1,-1,-1
11052,433,552,0,84,234,0,-1,-1,-1
11076,434,458,0,80,101,0,-1,-1,-1
11082,435,436,2,62,118,0,-1,-1,-1
11083,435,23,58,135,293,0,-1,-1,-1
11083,436,431,43,138,284,0,-1,-1,-1
11087,437,134,2,77,198,0,-1,-1,-1
11109,438,149,2,75,105,0,-1,-1,-1
11110,438,519,0,81,134,0,-1,-1,-1
11110,439,171,3,37,58,0,-1,-1,-1
11116,440,54,192,176,162,0,-1,-1,-1
11119,441,593,0,47,104,0,-1,-1,-1
11124,442,395,20,35,80,0,-1,-1,-1
11125,442,426,19,39,76,0,-1,-1,-1
11130,443,418,3,83,205,0,-1,-1,-1
11132,443,541,0,52,92,0,-1,-1,-1
11133,443,366,0,88,76,0,-1,-1,-1
11149,444,493,0,65,116,0,-1,-1,-1
11156,445,156,0,60,153,0,-1,-1,-1
11157,445,149,0,78,90,0,-1,-1,-1
11159,445,153,0,70,92,0,-1,-1,-1
11159,446,573,5,67,256,0,-1,-1,-1
11160,446,171,0,83,86,0,-1,-1,-1
11161,446,280,0,61,128,0,-1,-1,-1
11164,446,280,0,77,138,0,-1,-1,-1
11166,446,367,1,73,100,0,-1,-1,-1
11167,447,164,72,140,273,0,-1,-1,-1
11167,446,26,41,109,283,0,-1,-1,-1
11171,448,161,0,59,104,0,-1,-1,-1
11174,449,515,0,81,121,0,-1,-1,-1
11175,449,175,0,90,238,0,-1,-1,-1
11175,450,266,0,94,239,0,-1,-1,-1
11178,449,61,94,162,257,0,-1,-1,-1
11180,449,476,1,93,129,0,-1,-1,-1
11205,451,370,8,112,275,0,-1,-1,-1
11205,452,499,40,118,238,0,-1,-1,-1
11215,453,262,0,45,57,0,-1,-1,-1
11224,454,368,12,91,295,0,-1,-1,-1
11229,455,197,0,60,121,0,-1,-1,-1
11230,456,3,70,106,275,0,-1,-1,-1
11234,457,116,0,77,155,0,-1,-1,-1
11234,458,295,0,53,51,0,-1,-1,-1
11237,457,431,0,52,90,0,-1,-1,-1
11248,459,530,1,70,89,0,-1,-1,-1
11251,459,511,3,80,106,0,-1,-1,-1
11251,460,294,0,41,54,0,-1,-1,-1
11258,461,356,0,75,129,0,-1,-1,-1
11258,462,442,6,86,108,0,-1,-1,-1
11259,461,286,0,56,155,0,-1,-1,-1
11260,462,350,27,122,282,0,-1,-1,-1
11260,461,283,0,54,156,0,-1,-1,-1
11261,462,443,1,98,263,0,-1,-1,-1
11267,463,1,39,92,273,0,-1,-1,-1
11269,464,229,0,45,54,0,-1,-1,-1
11289,465,387,0,79,86,0,-1,-1,-1
11301,466,327,0,60,104,0,-1,-1,-1
11302,467,507,5,128,288,0,-1,-1,-1
11308,468,423,0,65,134,0,-1,-1,-1
11308,469,323,0,54,102,0,-1,-1,-1
11309,469,371,0,51,95,0,-1,-1,-1
11309,468,285,0,71,146,0,-1,-1,-1
11310,468,289,0,60,97,0,-1,-1,-1
11310,469,161,0,50,102,0,-1,-1,-1
11310,470,435,0,60,95,0,-1,-1,-1
11311,468,294,0,63,123,0,-1,-1,-1
11311,470,167,5,58,139,0,-1,-1,-1
11311,469,358,0,68,118,0,-1,-1,-1
11312,468,185,0,67,107,0,-1,-1,-1
11312,469,485,0,78,134,0,-1,-1,-1
11312,470,426,0,56,110,0,-1,-1,-1
11313,469,515,3,73,116,0,-1,-1,-1
11314,470,446,4,81,128,0,-1,-1,-1
11315,469,414,1,75,110,0,-1,-1,-1
11316,469,298,0,56,101,0,-1,-1,-1
11316,471,447,2,71,101,0,-1,-1,-1
11316,470,539,0,94,128,0,-1,-1,-1
11317,469,307,0,65,103,0,-1,-1,-1
11319,469,453,0,68,111,0,-1,-1,-1
11319,470,560,0,76,127,0,-1,-1,-1
11321,470,545,1,88,116,0,-1,-1,-1
11323,470,516,0,77,143,0,-1,-1,-1
11323,472,460,5,59,122,0,-1,-1,-1
11323,473,365,5,55,115,0,-1,-1,-1
11324,470,346,0,102,187,0,-1,-1,-1
11325,470,188,0,58,129,0,-1,-1,-1
11325,472,497,0,102,198,0,-1,-1,-1
11325,473,304,0,53,166,0,-1,-1,-1
11325,474,428,0,55,87,0,-1,-1,-1
11325,475,47,12,96,185,0,-1,-1,-1
11326,474,382,5,71,240,0,-1,-1,-1
11326,473,318,0,79,186,0,-1,-1,-1
11326,475,156,0,77,168,0,-1,-1,-1
11327,473,293,33,116,311,0,-1,-1,-1
11327,475,187,55,110,265,0,-1,-1,-1
11327,472,46,56,129,297,0,-1,-1,-1
11328,475,48,6,131,302,0,-1,-1,-1
11328,473,358,115,150,215,0,-1,-1,-1
11329,475,339,121,228,225,0,-1,-1,-1
11329,473,318,108,137,217,0,-1,-1,-1
11329,472,413,133,170,205,0,-1,-1,-1
11329,474,179,278,99,72,0,-1,-1,-1
11330,472,338,123,188,227,0,-1,-1,-1
11331,472,269,182,139,167,0,-1,-1,-1
11331,473,303,132,121,213,0,-1,-1,-1
11331,474,337,106,109,235,0,-1,-1,-1
11332,474,259,217,108,129,0,-1,-1,-1
11332,472,389,164,174,186,0,-1,-1,-1
11333,472,349,119,108,220,0,-1,-1,-1
11334,472,329,125,122,212,0,-1,-1,-1
11334,474,122,183,142,168,0,-1,-1,-1
11334,476,321,1,51,134,0,-1,-1,-1
11335,476,330,114,277,233,0,-1,-1,-1
11335,472,207,193,108,159,0,-1,-1,-1
11336,472,330,113,100,228,0,-1,-1,-1
11336,474,403,135,138,214,0,-1,-1,-1
11336,477,238,201,115,147,0,-1,-1,-1
11337,474,275,186,132,164,0,-1,-1,-1
11337,472,321,62,108,204,0,-1,-1,-1
11338,474,322,167,105,182,0,-1,-1,-1
11339,474,229,57,208,284,0,-1,-1,-1
11340,474,508,34,94,241,0,-1,-1,-1
11340,472,240,2,111,271,0,-1,-1,-1
11340,478,6,64,160,287,0,-1,-1,-1
11341,478,399,0,56,101,0,-1,-1,-1
11341,474,270,0,73,245,0,-1,-1,-1
11341,479,289,3,73,252,0,-1,-1,-1
11342,474,364,33,119,305,0,-1,-1,-1
11342,479,464,44,112,255,0,-1,-1,-1
11342,478,206,21,75,200,0,-1,-1,-1
11343,474,137,150,154,201,0,-1,-1,-1
11343,479,286,84,156,258,0,-1,-1,-1
11343,480,109,132,81,163,0,-1,-1,-1
11343,478,1,140,116,212,0,-1,-1,-1
11344,480,95,151,114,199,0,-1,-1,-1
11344,474,238,189,143,160,0,-1,-1,-1
11344,479,278,78,135,216,0,-1,-1,-1
11344,478,382,153,138,198,0,-1,-1,-1
11344,481,454,0,83,80,0,-1,-1,-1
11345,481,271,132,215,218,0,-1,-1,-1
11345,480,131,213,141,136,0,-1,-1,-1
11346,481,327,143,152,203,0,-1,-1,-1
11346,479,228,25,127,204,0,-1,-1,-1
11346,480,243,84,116,258,0,-1,-1,-1
11346,478,167,240,99,110,0,-1,-1,-1
11347,480,245,16,78,152,0,-1,-1,-1
11349,478,493,0,89,185,0,-1,-1,-1
11351,478,301,7,83,246,0,-1,-1,-1
11351,482,375,110,220,238,0,-1,-1,-1
11352,482,505,79,100,203,0,-1,-1,-1
11352,478,263,43,157,301,0,-1,-1,-1
11352,483,226,3,84,272,0,-1,-1,-1
11353,478,446,139,159,200,0,-1,-1,-1
11353,482,199,100,168,243,0,-1,-1,-1
11353,484,329,66,82,262,0,-1,-1,-1
11354,484,461,69,116,254,0,-1,-1,-1
11354,478,299,82,155,263,0,-1,-1,-1
11355,484,180,127,181,223,0,-1,-1,-1
11356,484,269,25,84,255,0,-1,-1,-1
11358,484,429,0,63,92,0,-1,-1,-1
11359,484,435,82,194,275,0,-1,-1,-1
11359,485,457,0,61,125,0,-1,-1,-1
11360,484,458,78,176,262,0,-1,-1,-1
11361,484,188,0,106,272,0,-1,-1,-1
11361,485,399,113,117,230,0,-1,-1,-1
11362,485,287,6,60,133,0,-1,-1,-1
11362,486,487,0,78,150,0,-1,-1,-1
11364,485,200,3,56,127,0,-1,-1,-1
11366,487,462,0,54,101,0,-1,-1,-1
11366,485,275,5,64,117,0,-1,-1,-1
11398,488,418,0,74,76,0,-1,-1,-1
11401,488,474,18,120,271,0,-1,-1,-1
11432,489,460,0,71,160,0,-1,-1,-1
11454,490,415,0,64,98,0,-1,-1,-1
11458,491,265,0,28,53,0,-1,-1,-1
11459,492,159,0,46,89,0,-1,-1,-1
11460,493,445,1,39,60,0,-1,-1,-1
11461,494,574,1,64,105,0,-1,-1,-1
11461,492,422,0,74,79,0,-1,-1,-1
11492,495,432,0,67,82,0,-1,-1,-1
11502,496,490,0,80,164,0,-1,-1,-1
11512,497,443,1,109,216,0,-1,-1,-1
11513,497,541,0,99,254,0,-1,-1,-1
11518,498,576,0,62,252,0,-1,-1,-1
11520,499,514,0,82,108,0,-1,-1,-1
11521,500,509,0,66,108,0,-1,-1,-1
11522,500,464,43,128,241,0,-1,-1,-1
11522,499,531,0,54,105,0,-1,-1,-1
11523,500,485,6,82,186,0,-1,-1,-1
11534,501,140,2,87,265,0,-1,-1,-1
11538,502,315,169,129,175,0,-1,-1,-1
11539,502,154,0,70,111,0,-1,-1,-1
11539,503,233,0,47,90,0,-1,-1,-1
11546,504,341,120,103,221,0,-1,-1,-1
11547,504,300,156,181,193,0,-1,-1,-1
11547,505,375,0,87,115,0,-1,-1,-1
11548,504,467,16,151,268,0,-1,-1,-1
11548,506,328,90,99,254,0,-1,-1,-1
11548,507,202,79,107,263,0,-1,-1,-1
11549,506,495,0,59,105,0,-1,-1,-1
11549,505,308,0,45,106,0,-1,-1,-1
11549,508,362,3,50,113,0,-1,-1,-1
11555,509,327,0,68,87,0,-1,-1,-1
11579,510,419,0,66,149,0,-1,-1,-1
11580,510,155,0,75,156,0,-1,-1,-1
11581,511,10,17,109,242,0,-1,-1,-1
11588,512,1,20,88,282,0,-1,-1,-1
11589,512,0,3,85,254,0,-1,-1,-1
11590,512,1,6,85,251,0,-1,-1,-1
11591,512,2,7,80,213,0,-1,-1,-1
11592,512,385,0,75,123,0,-1,-1,-1
11593,513,15,0,83,169,0,-1,-1,-1
11596,513,40,0,80,128,0,-1,-1,-1
11600,514,41,2,78,125,0,-1,-1,-1
11606,515,322,45,85,231,0,-1,-1,-1
11606,516,413,19,85,276,0,-1,-1,-1
11606,517,52,0,80,152,0,-1,-1,-1
11607,517,48,0,83,157,0,-1,-1,-1
11608,517,0,0,103,229,0,-1,-1,-1
11609,517,48,0,79,151,0,-1,-1,-1
11617,518,50,1,74,134,0,-1,-1,-1
11619,518,444,67,79,280,0,-1,-1,-1
11619,519,51,0,78,130,0,-1,-1,-1
11620,518,470,61,84,272,0,-1,-1,-1
11621,518,415,54,81,281,0,-1,-1,-1
11621,519,49,0,79,129,0,-1,-1,-1
11622,518,417,52,77,285,0,-1,-1,-1
11622,519,50,0,78,130,0,-1,-1,-1
11623,519,50,0,78,130,0,-1,-1,-1
11623,518,413,48,85,305,0,-1,-1,-1
11624,519,51,0,77,129,0,-1,-1,-1
11624,518,414,53,69,294,0,-1,-1,-1
11625,518,420,53,83,277,0,-1,-1,-1
11625,519,48,2,79,127,0,-1,-1,-1
11626,518,408,2,92,285,0,-1,-1,-1
11627,518,415,77,77,269,0,-1,-1,-1
11628,518,362,43,81,282,0,-1,-1,-1
11629,518,381,43,74,274,0,-1,-1,-1
11630,518,356,48,68,296,0,-1,-1,-1
11630,520,163,0,69,93,0,-1,-1,-1
11631,518,354,43,90,291,0,-1,-1,-1
11632,518,357,47,77,287,0,-1,-1,-1
11632,520,168,0,63,93,0,-1,-1,-1
11633,518,358,43,71,280,0,-1,-1,-1
11634,518,311,60,70,286,0,-1,-1,-1
11634,520,169,0,60,92,0,-1,-1,-1
11635,518,166,0,64,93,0,-1,-1,-1
11636,518,352,110,90,233,0,-1,-1,-1
11636,520,166,0,64,93,0,-1,-1,-1
11637,518,373,47,119,305,0,-1,-1,-1
11637,520,132,0,68,105,0,-1,-1,-1
11638,518,349,42,156,306,0,-1,-1,-1
11638,520,105,0,71,106,0,-1,-1,-1
11639,518,361,42,110,287,0,-1,-1,-1
11639,520,125,0,61,113,0,-1,-1,-1
11640,520,128,0,57,113,0,-1,-1,-1
11641,520,360,76,109,270,0,-1,-1,-1
11641,518,128,0,56,114,0,-1,-1,-1
11642,520,342,35,115,285,0,-1,-1,-1
11642,518,360,83,112,259,0,-1,-1,-1
11642,521,129,0,55,113,0,-1,-1,-1
11643,521,125,0,58,112,0,-1,-1,-1
11643,518,308,10,110,257,0,-1,-1,-1
11644,521,125,0,57,113,0,-1,-1,-1
11644,518,354,30,84,264,0,-1,-1,-1
11644,520,378,136,106,205,0,-1,-1,-1
11645,520,118,1,61,110,0,-1,-1,-1
11646,520,159,1,64,101,0,-1,-1,-1
11646,518,446,64,147,267,0,-1,-1,-1
11649,518,120,6,71,122,0,-1,-1,-1
11650,522,2,0,88,186,0,-1,-1,-1
11651,522,1,0,97,187,0,-1,-1,-1
11652,522,43,0,82,156,0,-1,-1,-1
11653,522,79,0,86,148,0,-1,-1,-1
11669,523,162,0,67,119,0,-1,-1,-1
11672,523,418,43,99,285,0,-1,-1,-1
11673,523,371,46,114,274,0,-1,-1,-1
11674,523,355,58,137,262,0,-1,-1,-1
11675,523,353,53,135,287,0,-1,-1,-1
11676,523,354,47,117,270,0,-1,-1,-1
11677,523,329,40,139,276,0,-1,-1,-1
11678,523,310,43,162,273,0,-1,-1,-1
11679,523,303,44,186,270,0,-1,-1,-1
11680,524,417,52,86,290,0,-1,-1,-1
11681,524,412,60,90,278,0,-1,-1,-1
11686,525,384,53,127,286,0,-1,-1,-1
11687,526,437,37,113,270,0,-1,-1,-1
11688,526,442,9,99,309,0,-1,-1,-1
11689,526,443,37,94,283,0,-1,-1,-1
11690,526,448,43,95,277,0,-1,-1,-1
11693,526,488,35,113,262,0,-1,-1,-1
11698,527,433,4,115,327,0,-1,-1,-1
11700,527,352,45,82,286,0,-1,-1,-1
11701,527,383,46,87,264,0,-1,-1,-1
11702,527,410,62,92,240,0,-1,-1,-1
11703,527,420,22,110,277,0,-1,-1,-1
11704,527,364,26,95,253,0,-1,-1,-1
11705,527,418,4,89,301,0,-1,-1,-1
11711,528,332,49,79,262,0,-1,-1,-1
11712,528,325,49,88,270,0,-1,-1,-1
11712,529,406,215,111,124,0,-1,-1,-1
11713,529,398,74,126,250,0,-1,-1,-1
11713,530,509,146,131,172,0,-1,-1,-1
11714,529,382,124,131,184,0,-1,-1,-1
11715,529,404,38,86,254,0,-1,-1,-1
11716,529,401,46,82,248,0,-1,-1,-1
11719,531,366,0,60,90,0,-1,-1,-1
11722,531,425,2,42,63,0,-1,-1,-1
11728,532,421,0,64,90,0,-1,-1,-1
11728,533,212,0,93,140,0,-1,-1,-1
11731,533,393,79,247,250,0,-1,-1,-1
11731,532,18,0,66,164,0,-1,-1,-1
11732,532,441,73,116,241,0,-1,-1,-1
11733,532,472,18,136,323,0,-1,-1,-1
11734,532,453,68,102,258,0,-1,-1,-1
11736,534,524,74,91,240,0,-1,-1,-1
11738,534,415,57,94,275,0,-1,-1,-1
11739,534,493,58,108,253,0,-1,-1,-1
11739,535,431,0,71,118,0,-1,-1,-1
11740,534,495,62,91,262,0,-1,-1,-1
11741,534,494,59,89,261,0,-1,-1,-1
11745,536,498,74,92,225,0,-1,-1,-1
11745,537,147,0,67,91,0,-1,-1,-1
11746,536,486,76,84,217,0,-1,-1,-1
11746,537,353,0,72,97,0,-1,-1,-1
11747,536,469,68,105,275,0,-1,-1,-1
11748,536,474,62,86,276,0,-1,-1,-1
11749,536,502,74,104,230,0,-1,-1,-1
11750,536,493,81,94,202,0,-1,-1,-1
11753,536,487,76,100,232,0,-1,-1,-1
11754,538,411,75,116,265,0,-1,-1,-1
11757,538,427,71,125,270,0,-1,-1,-1
11758,538,428,63,85,278,0,-1,-1,-1
11759,538,412,54,71,284,0,-1,-1,-1
11760,538,433,42,96,281,0,-1,-1,-1
11762,538,470,60,91,246,0,-1,-1,-1
11763,538,472,56,84,259,0,-1,-1,-1
11766,538,176,42,130,309,0,-1,-1,-1
11773,539,486,70,88,269,0,-1,-1,-1
11774,539,490,73,97,241,0,-1,-1,-1
11787,540,411,72,132,244,0,-1,-1,-1
11788,540,413,69,122,272,0,-1,-1,-1
11789,540,395,68,89,273,0,-1,-1,-1
11790,540,409,62,112,286,0,-1,-1,-1
11791,540,392,79,81,260,0,-1,-1,-1
11792,540,407,68,99,267,0,-1,-1,-1
11792,541,80,13,102,281,0,-1,-1,-1
11794,541,490,85,112,218,0,-1,-1,-1
11796,541,479,79,157,261,0,-1,-1,-1
11797,541,440,74,100,274,0,-1,-1,-1
11799,541,405,65,87,278,0,-1,-1,-1
11800,541,411,72,115,270,0,-1,-1,-1
11801,541,483,72,70,229,0,-1,-1,-1
11802,541,407,73,124,269,0,-1,-1,-1
11803,541,412,66,88,277,0,-1,-1,-1
11804,541,409,68,82,276,0,-1,-1,-1
11805,541,407,69,85,275,0,-1,-1,-1
11807,541,385,52,70,286,0,-1,-1,-1
11808,541,317,59,84,280,0,-1,-1,-1
11809,541,315,24,114,298,0,-1,-1,-1
11810,541,370,47,113,270,0,-1,-1,-1
11811,541,272,46,147,236,0,-1,-1,-1
11812,542,385,43,65,278,0,-1,-1,-1
11813,542,380,61,132,242,0,-1,-1,-1
11814,542,346,43,67,252,0,-1,-1,-1
11816,542,475,55,112,249,0,-1,-1,-1
11818,542,439,66,117,261,0,-1,-1,-1
11825,543,375,71,95,270,0,-1,-1,-1
11826,543,408,60,153,273,0,-1,-1,-1
11827,544,326,64,88,274,0,-1,-1,-1
11828,544,362,55,83,280,0,-1,-1,-1
11829,544,364,51,104,281,0,-1,-1,-1
11830,544,379,57,77,281,0,-1,-1,-1
11831,544,370,47,81,276,0,-1,-1,-1
11832,544,345,47,86,268,0,-1,-1,-1
11833,544,377,47,75,276,0,-1,-1,-1
11834,545,357,196,148,151,0,-1,-1,-1
11834,544,260,40,105,299,0,-1,-1,-1
11835,544,277,36,113,305,0,-1,-1,-1
11836,544,290,48,78,292,0,-1,-1,-1
11837,544,298,62,114,281,0,-1,-1,-1
11838,544,345,111,167,218,0,-1,-1,-1
11839,544,369,51,95,265,0,-1,-1,-1
11840,544,351,49,85,276,0,-1,-1,-1
11841,544,326,51,92,242,0,-1,-1,-1
11842,544,407,60,127,284,0,-1,-1,-1
11843,544,309,45,89,263,0,-1,-1,-1
11844,544,333,26,88,246,0,-1,-1,-1
11845,544,312,32,90,306,0,-1,-1,-1
11846,544,313,20,87,299,0,-1,-1,-1
11847,544,356,193,128,151,0,-1,-1,-1
11847,546,133,110,107,235,0,-1,-1,-1
11848,544,246,62,88,230,0,-1,-1,-1
11848,547,340,139,135,213,0,-1,-1,-1
11849,547,300,53,86,275,0,-1,-1,-1
11850,547,298,46,84,280,0,-1,-1,-1
11852,547,320,48,69,247,0,-1,-1,-1
11852,548,328,218,141,128,0,-1,-1,-1
11853,548,314,46,80,282,0,-1,-1,-1
11853,547,408,209,110,137,0,-1,-1,-1
11855,548,319,50,93,231,0,-1,-1,-1
11857,548,368,32,94,250,0,-1,-1,-1
11858,548,304,52,88,264,0,-1,-1,-1
11859,549,308,19,80,242,0,-1,-1,-1
11883,550,438,60,78,281,0,-1,-1,-1
11884,550,267,99,108,250,0,-1,-1,-1
11885,550,317,64,77,282,0,-1,-1,-1
11886,550,362,79,74,266,0,-1,-1,-1
11887,550,445,50,117,261,0,-1,-1,-1
11892,551,344,72,148,274,0,-1,-1,-1
11893,551,177,83,131,267,0,-1,-1,-1
11894,551,287,62,122,275,0,-1,-1,-1
11895,551,364,66,115,273,0,-1,-1,-1
11900,552,411,217,147,125,0,-1,-1,-1
11901,552,287,52,79,261,0,-1,-1,-1
11902,552,299,39,105,247,0,-1,-1,-1
11903,552,233,95,108,258,0,-1,-1,-1
11904,552,286,48,90,275,0,-1,-1,-1
11905,552,313,73,99,271,0,-1,-1,-1
11909,553,290,46,78,278,0,-1,-1,-1
11910,554,154,109,119,237,0,-1,-1,-1
11911,554,250,54,90,262,0,-1,-1,-1
11912,554,229,51,91,282,0,-1,-1,-1
11924,555,155,127,93,222,0,-1,-1,-1
11925,555,294,50,78,295,0,-1,-1,-1
11926,555,322,52,77,284,0,-1,-1,-1
11927,555,296,51,84,282,0,-1,-1,-1
11931,556,290,49,88,283,0,-1,-1,-1
11932,556,182,56,83,288,0,-1,-1,-1
11933,556,217,65,111,282,0,-1,-1,-1
11934,556,280,37,131,293,0,-1,-1,-1
11935,557,286,64,78,278,0,-1,-1,-1
11935,558,361,0,67,106,0,-1,-1,-1
11935,559,423,0,78,82,0,-1,-1,-1
11936,557,393,88,133,257,0,-1,-1,-1
11941,560,489,0,69,97,0,-1,-1,-1
11952,561,419,85,121,243,0,-1,-1,-1
11953,561,379,58,121,263,0,-1,-1,-1
11955,561,176,0,62,111,0,-1,-1,-1
11964,562,385,0,75,94,0,-1,-1,-1
11972,563,126,90,149,258,0,-1,-1,-1
11976,564,295,81,110,262,0,-1,-1,-1
11977,564,355,89,131,253,0,-1,-1,-1
11978,565,417,131,100,211,0,-1,-1,-1
11979,565,355,156,143,192,0,-1,-1,-1
11980,565,372,178,141,170,0,-1,-1,-1
11980,566,389,0,67,102,0,-1,-1,-1
11981,565,338,140,114,202,0,-1,-1,-1
11981,566,498,0,59,92,0,-1,-1,-1
11983,566,382,191,150,157,0,-1,-1,-1
11992,567,357,170,197,180,0,-1,-1,-1
11995,568,513,7,62,104,0,-1,-1,-1
11996,568,431,0,59,88,0,-1,-1,-1
11996,569,296,1,45,59,0,-1,-1,-1
11998,570,366,165,123,181,0,-1,-1,-1
12013,571,329,200,121,145,0,-1,-1,-1
12019,572,434,0,127,324,0,-1,-1,-1
12028,573,247,0,63,93,0,-1,-1,-1
12029,573,251,0,63,96,0,-1,-1,-1
12030,574,267,0,55,95,0,-1,-1,-1
12087,575,580,0,60,273,0,-1,-1,-1
12088,575,579,0,61,273,0,-1,-1,-1
12096,576,322,187,109,160,0,-1,-1,-1
12097,576,340,199,114,147,0,-1,-1,-1
12098,576,179,201,218,150,0,-1,-1,-1
12099,576,271,233,137,113,0,-1,-1,-1
12100,576,239,261,157,87,0,-1,-1,-1
12109,577,352,215,168,138,0,-1,-1,-1
12115,578,251,194,116,154,0,-1,-1,-1
12116,578,341,199,132,148,0,-1,-1,-1
12121,579,419,206,129,139,0,-1,-1,-1
12122,579,243,209,129,141,0,-1,-1,-1
12135,580,308,249,116,99,0,-1,-1,-1
12153,581,352,0,70,136,0,-1,-1,-1
12157,582,33,60,101,294,0,-1,-1,-1
12157,583,128,58,110,287,0,-1,-1,-1
12158,582,1,144,175,210,0,-1,-1,-1
12159,582,180,168,129,182,0,-1,-1,-1
12162,582,305,128,148,217,0,-1,-1,-1
12162,584,490,72,103,218,0,-1,-1,-1
12163,584,351,0,103,207,0,-1,-1,-1
12167,585,450,0,82,133,0,-1,-1,-1
12183,586,303,33,89,241,0,-1,-1,-1
12183,587,421,0,78,273,0,-1,-1,-1
12184,587,497,0,70,108,0,-1,-1,-1
12197,588,490,0,92,239,0,-1,-1,-1
12197,589,410,2,76,233,0,-1,-1,-1
12218,590,381,0,59,109,0,-1,-1,-1
12220,590,554,1,83,211,0,-1,-1,-1
12220,591,224,0,75,89,0,-1,-1,-1
12221,592,433,0,86,232,0,-1,-1,-1
12221,590,534,1,96,242,0,-1,-1,-1
12221,593,358,9,54,119,0,-1,-1,-1
12222,590,254,37,91,286,0,-1,-1,-1
12224,590,327,137,174,210,0,-1,-1,-1
12224,592,115,209,174,142,0,-1,-1,-1
12225,590,537,0,87,214,0,-1,-1,-1
12225,592,455,0,91,184,0,-1,-1,-1
12236,594,560,0,77,131,0,-1,-1,-1
12237,595,268,0,59,125,0,-1,-1,-1
12238,595,260,0,64,127,0,-1,-1,-1
12239,595,261,2,65,122,0,-1,-1,-1
12242,595,266,1,60,124,0,-1,-1,-1
12244,595,286,1,58,122,0,-1,-1,-1
12248,596,345,0,72,121,0,-1,-1,-1
12249,596,449,0,65,136,0,-1,-1,-1
12250,596,367,0,61,97,0,-1,-1,-1
12251,596,449,0,63,136,0,-1,-1,-1
12254,596,386,0,71,80,0,-1,-1,-1
12298,597,484,0,77,131,0,-1,-1,-1
12302,598,323,0,54,131,0,-1,-1,-1
12303,599,337,1,45,131,0,-1,-1,-1
12303,598,489,0,60,144,0,-1,-1,-1
12308,600,327,0,64,94,0,-1,-1,-1
12316,601,495,3,88,205,0,-1,-1,-1
12349,602,408,0,77,120,0,-1,-1,-1
12353,603,150,0,55,165,0,-1,-1,-1
12353,604,332,0,56,89,0,-1,-1,-1
12354,604,264,3,58,115,0,-1,-1,-1
12355,604,195,0,43,67,0,-1,-1,-1
12355,605,266,0,42,68,0,-1,-1,-1
12356,605,267,3,45,60,0,-1,-1,-1
12382,606,266,30,58,140,0,-1,-1,-1
12384,606,171,0,48,91,0,-1,-1,-1
12385,606,164,0,53,91,0,-1,-1,-1
12393,607,504,0,134,293,0,-1,-1,-1
12398,608,228,37,86,238,0,-1,-1,-1
12406,609,378,0,73,92,0,-1,-1,-1
12446,610,562,0,65,153,0,-1,-1,-1
12448,610,310,13,98,283,0,-1,-1,-1
12448,611,54,115,144,230,0,-1,-1,-1
12449,611,543,17,95,178,0,-1,-1,-1
12449,610,491,0,71,158,0,-1,-1,-1
12452,610,359,3,71,211,0,-1,-1,-1
12453,612,275,114,138,229,0,-1,-1,-1
12456,612,195,30,100,250,0,-1,-1,-1
12462,613,138,57,152,293,0,-1,-1,-1
12466,614,367,0,55,96,0,-1,-1,-1
12467,614,431,0,58,87,0,-1,-1,-1
12484,615,288,0,64,84,0,-1,-1,-1
12491,616,557,0,69,99,0,-1,-1,-1
12500,617,168,0,34,66,0,-1,-1,-1
12501,618,388,102,159,245,0,-1,-1,-1
12508,619,356,3,86,93,0,-1,-1,-1
12513,620,200,0,47,85,0,-1,-1,-1
12515,620,261,0,52,92,0,-1,-1,-1
12523,621,481,0,94,101,0,-1,-1,-1
12524,621,448,10,85,220,0,-1,-1,-1
12525,621,422,2,98,248,0,-1,-1,-1
12526,621,413,2,103,249,0,-1,-1,-1
12528,621,412,8,100,241,0,-1,-1,-1
12529,621,415,9,100,239,0,-1,-1,-1
12530,621,394,25,85,224,0,-1,-1,-1
12532,621,403,17,79,222,0,-1,-1,-1
12533,621,430,1,83,250,0,-1,-1,-1
12534,621,430,2,84,249,0,-1,-1,-1
12535,621,415,21,80,224,0,-1,-1,-1
12536,621,392,6,94,241,0,-1,-1,-1
12537,621,484,4,84,241,0,-1,-1,-1
12538,621,489,16,80,231,0,-1,-1,-1
12539,621,488,11,75,228,0,-1,-1,-1
12540,621,544,3,83,209,0,-1,-1,-1
12541,622,198,0,60,110,0,-1,-1,-1
12547,623,274,0,79,89,0,-1,-1,-1
12547,624,408,0,74,96,0,-1,-1,-1
12550,623,262,0,51,111,0,-1,-1,-1
12557,625,330,0,61,86,0,-1,-1,-1
12565,626,419,1,30,72,0,-1,-1,-1
12566,627,528,0,104,258,0,-1,-1,-1
12575,628,306,2,43,64,0,-1,-1,-1
12576,629,419,1,68,121,0,-1,-1,-1
12577,629,464,0,62,107,0,-1,-1,-1
12577,628,397,3,55,116,0,-1,-1,-1
12577,630,333,0,37,45,0,-1,-1,-1
12578,630,328,0,38,46,0,-1,-1,-1
12579,630,327,0,40,45,0,-1,-1,-1
12580,630,329,0,38,45,0,-1,-1,-1
12581,630,222,19,84,212,0,-1,-1,-1
12586,631,303,0,51,50,0,-1,-1,-1
12587,631,332,0,44,47,0,-1,-1,-1
12587,632,489,0,72,97,0,-1,-1,-1
12589,631,333,0,51,48,0,-1,-1,-1
12591,631,335,0,49,48,0,-1,-1,-1
12592,631,375,0,87,93,0,-1,-1,-1
12602,633,510,4,82,221,0,-1,-1,-1
12624,634,357,0,68,146,0,-1,-1,-1
12624,635,490,0,76,119,0,-1,-1,-1
12624,636,299,0,72,116,0,-1,-1,-1
12625,635,250,2,69,123,0,-1,-1,-1
12626,636,320,0,69,135,0,-1,-1,-1
12626,635,252,3,64,120,0,-1,-1,-1
12627,636,249,1,68,122,0,-1,-1,-1
12628,636,246,0,63,130,0,-1,-1,-1
12629,637,322,0,67,132,0,-1,-1,-1
12629,636,258,0,62,127,0,-1,-1,-1
12629,638,399,0,57,119,0,-1,-1,-1
12630,637,364,0,59,152,0,-1,-1,-1
12630,636,540,0,88,122,0,-1,-1,-1
12634,639,349,0,75,82,0,-1,-1,-1
12635,639,215,54,101,278,0,-1,-1,-1
12635,640,433,0,40,58,0,-1,-1,-1
12636,640,400,0,95,182,0,-1,-1,-1
12637,640,396,0,59,105,0,-1,-1,-1
12638,640,377,0,35,53,0,-1,-1,-1
12638,641,476,0,73,93,0,-1,-1,-1
12639,641,442,5,111,326,0,-1,-1,-1
12640,641,491,0,75,90,0,-1,-1,-1
12640,640,353,0,73,82,0,-1,-1,-1
12641,640,353,0,63,84,0,-1,-1,-1
12643,640,575,0,59,93,0,-1,-1,-1
12644,642,388,0,70,101,0,-1,-1,-1
12649,643,525,0,67,107,0,-1,-1,-1
12680,644,366,0,81,212,0,-1,-1,-1
12682,644,123,0,69,143,0,-1,-1,-1
12682,645,222,9,58,123,0,-1,-1,-1
12684,645,189,3,73,173,0,-1,-1,-1
12693,646,136,0,67,155,0,-1,-1,-1
12724,647,333,0,64,99,0,-1,-1,-1
12752,648,557,0,73,97,0,-1,-1,-1
12753,649,466,0,52,92,0,-1,-1,-1
12756,649,456,0,81,121,0,-1,-1,-1
12766,650,469,0,59,92,0,-1,-1,-1
12773,651,296,42,82,268,0,-1,-1,-1
12773,652,406,47,95,270,0,-1,-1,-1
12804,653,125,25,103,255,0,-1,-1,-1
12815,654,242,72,140,281,0,-1,-1,-1
12832,655,130,149,150,202,0,-1,-1,-1
12874,656,0,48,85,211,0,-1,-1,-1
12907,657,130,3,46,118,0,-1,-1,-1
12920,658,0,37,96,270,0,-1,-1,-1
12927,659,12,11,127,221,0,-1,-1,-1
12953,660,186,0,75,167,0,-1,-1,-1
12953,661,87,9,71,167,0,-1,-1,-1
12960,662,420,0,79,99,0,-1,-1,-1
12969,663,129,0,58,92,0,-1,-1,-1
12986,664,228,88,85,258,0,-1,-1,-1
12986,665,303,78,168,272,0,-1,-1,-1
12986,666,64,70,140,279,0,-1,-1,-1
12991,667,476,0,89,103,0,-1,-1,-1
12993,668,98,14,96,203,0,-1,-1,-1
13035,669,314,44,103,250,0,-1,-1,-1
13035,670,103,26,92,222,0,-1,-1,-1
13036,670,408,1,84,129,0,-1,-1,-1
13037,670,375,3,57,100,0,-1,-1,-1
13077,671,487,0,80,79,0,-1,-1,-1
13134,672,397,1,69,106,0,-1,-1,-1
13137,673,389,1,83,90,0,-1,-1,-1
13148,674,441,0,88,90,0,-1,-1,-1
13195,675,540,0,60,104,0,-1,-1,-1
13201,676,116,4,61,176,0,-1,-1,-1
13202,677,425,0,70,84,0,-1,-1,-1
13226,678,490,0,71,99,0,-1,-1,-1
13259,679,139,0,79,156,0,-1,-1,-1
13345,680,456,0,75,93,0,-1,-1,-1
13347,681,486,0,62,120,0,-1,-1,-1
13438,682,394,1,61,94,0,-1,-1,-1
13465,683,488,0,70,102,0,-1,-1,-1
13486,684,67,79,139,277,0,-1,-1,-1
13492,685,109,0,75,174,0,-1,-1,-1
13492,686,337,0,77,79,0,-1,-1,-1
13521,687,407,0,82,75,0,-1,-1,-1
13538,688,391,0,68,90,0,-1,-1,-1
13691,689,1,15,94,217,0,-1,-1,-1
13735,690,155,0,52,105,0,-1,-1,-1
13805,691,399,0,90,83,0,-1,-1,-1
13868,692,494,0,76,113,0,-1,-1,-1
13869,692,226,0,46,58,0,-1,-1,-1
13871,692,236,0,39,57,0,-1,-1,-1
13906,693,411,0,83,89,0,-1,-1,-1
14016,694,492,17,128,214,0,-1,-1,-1
14017,695,285,0,71,118,0,-1,-1,-1
14039,696,459,0,75,110,0,-1,-1,-1
14039,697,554,0,65,92,0,-1,-1,-1
14047,698,357,4,76,191,0,-1,-1,-1
14075,699,445,0,71,94,0,-1,-1,-1
14078,699,543,0,60,87,0,-1,-1,-1
14145,700,265,2,33,57,0,-1,-1,-1
14146,700,165,3,84,75,0,-1,-1,-1
14159,701,570,0,62,109,0,-1,-1,-1
14195,702,559,0,75,114,0,-1,-1,-1
14228,703,376,0,71,81,0,-1,-1,-1
14271,704,484,0,73,94,0,-1,-1,-1
14307,705,272,0,57,98,0,-1,-1,-1
14466,706,453,0,69,91,0,-1,-1,-1
14472,707,398,0,59,105,0,-1,-1,-1
14542,708,406,0,81,74,0,-1,-1,-1
14559,709,373,1,89,80,0,-1,-1,-1
14564,710,401,0,53,88,0,-1,-1,-1
14570,711,326,0,56,107,0,-1,-1,-1
14571,711,204,0,47,87,0,-1,-1,-1
14574,712,2,16,92,274,0,-1,-1,-1
14586,713,484,0,80,93,0,-1,-1,-1
14593,714,408,0,70,93,0,-1,-1,-1
14594,714,399,0,72,105,0,-1,-1,-1
14595,714,388,0,60,95,0,-1,-1,-1
14596,714,389,0,67,98,0,-1,-1,-1
14597,714,388,1,68,89,0,-1,-1,-1
14597,715,364,0,59,91,0,-1,-1,-1
14598,714,366,0,55,92,0,-1,-1,-1
14599,714,362,0,51,95,0,-1,-1,-1
14600,714,364,0,59,96,0,-1,-1,-1
14601,714,392,0,61,94,0,-1,-1,-1
14603,714,411,0,69,95,0,-1,-1,-1
14604,714,494,0,60,91,0,-1,-1,-1
14620,716,230,99,124,249,0,-1,-1,-1
14621,716,246,103,118,244,0,-1,-1,-1
14622,716,253,100,116,246,0,-1,-1,-1
14622,717,497,0,74,99,0,-1,-1,-1
14626,718,472,6,87,255,0,-1,-1,-1
14652,719,206,0,51,91,0,-1,-1,-1
14656,720,335,0,60,87,0,-1,-1,-1
14657,720,321,0,65,90,0,-1,-1,-1
14660,720,410,0,78,85,0,-1,-1,-1
14698,721,484,0,91,117,0,-1,-1,-1
14750,722,451,0,76,94,0,-1,-1,-1
14782,723,232,2,39,62,0,-1,-1,-1
14786,724,157,2,61,97,0,-1,-1,-1
14815,725,161,0,71,89,0,-1,-1,-1
14818,725,501,8,102,296,0,-1,-1,-1
14834,726,345,0,70,80,0,-1,-1,-1
14879,727,315,57,94,267,0,-1,-1,-1
14879,728,100,36,94,297,0,-1,-1,-1
14879,729,218,0,67,167,0,-1,-1,-1
14949,730,424,2,96,238,0,-1,-1,-1
14949,731,525,1,115,279,0,-1,-1,-1
15002,732,129,57,110,231,0,-1,-1,-1
15006,733,292,0,68,123,0,-1,-1,-1
15044,734,351,78,140,266,0,-1,-1,-1
15051,735,515,0,88,105,0,-1,-1,-1
15118,736,279,79,115,263,0,-1,-1,-1
15128,737,293,0,63,132,0,-1,-1,-1
15131,737,475,0,71,118,0,-1,-1,-1
15137,738,331,0,59,97,0,-1,-1,-1
15138,738,354,1,61,113,0,-1,-1,-1
15140,738,356,0,80,115,0,-1,-1,-1
15158,739,233,110,166,236,0,-1,-1,-1
15158,740,3,118,189,237,0,-1,-1,-1
15159,740,384,6,59,125,0,-1,-1,-1
15159,741,205,2,97,169,0,-1,-1,-1
15160,741,253,0,84,114,0,-1,-1,-1
15161,740,0,11,117,256,0,-1,-1,-1
15161,742,392,0,57,117,0,-1,-1,-1
15161,741,254,0,82,117,0,-1,-1,-1
15162,740,376,0,67,118,0,-1,-1,-1
15162,741,270,0,74,125,0,-1,-1,-1
15163,740,389,0,60,117,0,-1,-1,-1
15164,740,388,0,62,118,0,-1,-1,-1
15165,740,379,0,69,115,0,-1,-1,-1
15166,743,298,0,59,93,0,-1,-1,-1
15166,740,378,0,64,114,0,-1,-1,-1
15167,743,294,0,62,94,0,-1,-1,-1
15167,740,382,0,60,110,0,-1,-1,-1
15168,743,329,0,69,91,0,-1,-1,-1
15169,743,331,0,61,91,0,-1,-1,-1
15169,740,387,0,56,91,0,-1,-1,-1
15171,743,362,1,95,89,0,-1,-1,-1
15172,743,364,1,92,90,0,-1,-1,-1
15176,744,353,0,83,91,0,-1,-1,-1
15177,744,393,0,70,93,0,-1,-1,-1
15178,744,375,1,90,93,0,-1,-1,-1
15179,744,374,1,95,90,0,-1,-1,-1
15180,744,381,0,69,94,0,-1,-1,-1
15181,744,386,0,69,98,0,-1,-1,-1
15182,744,454,0,76,138,0,-1,-1,-1
15183,744,389,0,69,106,0,-1,-1,-1
15184,744,421,0,66,87,0,-1,-1,-1
15185,744,366,0,61,93,0,-1,-1,-1
15185,745,428,0,57,89,0,-1,-1,-1
15186,744,381,0,73,91,0,-1,-1,-1
15189,744,375,0,70,88,0,-1,-1,-1
15189,746,428,0,61,90,0,-1,-1,-1
15191,744,383,0,73,91,0,-1,-1,-1
15192,744,389,0,67,91,0,-1,-1,-1
15195,744,391,0,64,92,0,-1,-1,-1
15199,747,151,28,113,317,0,-1,-1,-1
15199,748,391,0,62,92,0,-1,-1,-1
15200,749,351,0,64,112,0,-1,-1,-1
15200,748,433,0,56,94,0,-1,-1,-1
15201,749,356,1,63,106,0,-1,-1,-1
15201,748,424,0,63,89,0,-1,-1,-1
15203,749,364,0,55,107,0,-1,-1,-1
15204,749,360,1,58,110,0,-1,-1,-1
15204,750,437,0,50,96,0,-1,-1,-1
15205,749,357,0,58,108,0,-1,-1,-1
15205,750,433,0,60,95,0,-1,-1,-1
15206,749,355,0,61,110,0,-1,-1,-1
15206,750,435,0,57,95,0,-1,-1,-1
15207,749,355,1,63,107,0,-1,-1,-1
15207,750,429,0,60,95,0,-1,-1,-1
15208,749,355,0,64,109,0,-1,-1,-1
15208,750,421,0,68,92,0,-1,-1,-1
15210,749,355,0,64,108,0,-1,-1,-1
15210,751,437,0,52,95,0,-1,-1,-1
15213,749,431,0,94,106,0,-1,-1,-1
15213,751,360,0,58,111,0,-1,-1,-1
15214,749,355,0,60,108,0,-1,-1,-1
15214,751,416,0,64,101,0,-1,-1,-1
15215,751,346,0,66,110,0,-1,-1,-1
15215,749,415,0,63,101,0,-1,-1,-1
15216,749,358,0,55,110,0,-1,-1,-1
15216,751,418,0,58,101,0,-1,-1,-1
15220,752,347,0,67,106,0,-1,-1,-1
15220,753,418,0,65,99,0,-1,-1,-1
15221,753,417,0,68,100,0,-1,-1,-1
15221,752,349,1,62,114,0,-1,-1,-1
15222,752,349,2,70,114,0,-1,-1,-1
15222,753,416,1,68,99,0,-1,-1,-1
15224,753,415,0,69,101,0,-1,-1,-1
15224,752,356,0,68,116,0,-1,-1,-1
15225,753,418,0,63,100,0,-1,-1,-1
15226,753,299,1,70,102,0,-1,-1,-1
15226,754,424,0,57,101,0,-1,-1,-1
15227,753,414,1,89,133,0,-1,-1,-1
15228,754,422,0,65,98,0,-1,-1,-1
15229,754,386,0,80,133,0,-1,-1,-1
15230,754,349,81,73,86,0,-1,-1,-1
15230,755,438,0,54,97,0,-1,-1,-1
15231,754,340,73,86,81,0,-1,-1,-1
15232,755,434,0,61,98,0,-1,-1,-1
15232,754,344,0,77,120,0,-1,-1,-1
15401,756,477,0,71,101,0,-1,-1,-1
16138,757,512,0,79,114,0,-1,-1,-1
16281,758,452,0,71,87,0,-1,-1,-1
